2881
-3593
-339
-3952
5717
3179
-4712
-7032
-3992
6187
-5051
-7117
1874
-4068
4478
7405
-876
309
7997
9777
4195
199
-6328
-9506
8162
-4619
166
-5144
3057
-5980
-4245
-3632
3740
-8138
-9335
-829
6275
8523
-4879
-3426
7281
-473
-843
7190
1954
-9153
-159
-5954
-3192
3993
-1807
8377
-791
6424
6578
-1618
6121
6328
3859
-2887
-3484
-630
-5199
-5242
-7896
1035
9644
523
5430
488
8229
3300
509
-7066
-3123
-1854
-943
1310
-5490
5578
-6076
3168
7022
-9855
-146
-5351
7321
7704
-7812
7092
7928
8412
-7395
-4384
4020
-5901
7550
4168
-6888
-4657
-8557
-44
-5127
7660
-1264
3957
4104
-5598
-5761
-5891
9387
-6990
-8329
-4885
-203
9739
4036
9119
4200
-4874
-3910
-1113
-3114
284
8602
-890
-4654
-1829
-2947
-5678
-7745
8095
-6116
-4263
-1533
1024
5060
-3661
-452
4276
-3430
-394
-9010
4220
-8043
2256
7705
8917
7149
-3617
9196
-2556
7788
3751
-7064
1761
-3838
2902
-6335
2741
1066
-9805
8424
-6373
9363
4176
9963
-8445
-5647
4501
6846
-3199
3901
7451
-8550
-1225
-7618
6854
-942
-289
1395
3584
-4183
-4959
4657
-3621
3843
-3658
2237
-3379
5684
4811
5213
-2139
2213
-942
-9156
-2662
-7374
-3908
-7529
-5043
-1453
-5999
-4969
-7160
5486
-548
-6508
4732
8272
-1274
-5917
-7070
4222
123
1826
2852
-3746
-7872
3111
-1548
-4327
-9888
-2983
1391
-9656
1075
40
2471
-7225
-7362
-8609
-7085
4017
9363
1595
7663
-7254
763
4336
-7928
3000
-2075
5383
-31
-2792
-1636
2834
8855
6420
4873
-565
-749
5021
4746
-6475
8114
-9380
-1852
-4702
-6859
-3000
7547
-2636
168
7888
-2132
129
-206
-264
-8398
3133
-5909
6084
6362
5042
5050
-2468
-4815
-3796
9113
-3259
8347
7073
-1202
4651
8178
-5647
8448
-5253
3756
8048
-8511
6625
6137
3762
6599
1080
138
-4845
-3032
-1163
-5233
-9663
1129
-4372
-5897
-5930
-2550
-3804
7114
-2098
497
6420
3471
-2270
5538
-8841
-4225
2746
4656
-8061
8987
3196
-778
4197
9428
-3087
-9893
-3744
-9934
-543
4525
1161
3483
-5851
6552
5751
-4389
2635
3731
-9306
-8006
8439
7836
-3161
395
-1946
-2927
1333
-2984
-8080
-8535
6098
-8173
2612
-28
-8220
8732
9303
1669
-6507
7870
-8603
2300
-2329
9144
8328
-2279
8140
1252
4540
-8032
-3182
6915
7379
4966
7993
-656
7240
-7285
-650
685
-6325
-8911
9651
4202
9421
1588
6782
-5157
3174
-3967
4376
-3370
-5096
736
-5571
5995
2590
-8258
8681
-3241
-9428
8556
-660
-408
5031
-358
1167
-1162
-4019
9662
-9330
1190
1010
272
-589
6003
-4176
-4483
1171
4989
1289
1603
-5070
4173
5120
-876
-6916
-7318
-3553
-1391
7719
-6590
9680
2472
7513
7281
-8212
5307
6988
-3254
-7734
-2940
-107
-8163
-6981
-5369
456
-8923
5485
-3685
9559
-3952
-6148
-9575
-4409
-2985
5344
-8191
-5835
-9163
8730
-5264
1150
-7808
-4697
7674
-7703
3450
1816
-9014
-9042
1653
-2749
1834
7194
7922
-3638
7663
-7750
-8657
-248
-7553
3524
-7617
1282
-4071
-4383
-5884
-1912
-9415
2652
6275
-775
-4768
4981
4428
4685
-4102
-269
604
-5775
789
-3980
5795
-6090
-1349
-237
-8815
-2002
4394
-8830
4637
1419
5545
-5171
3016
-6933
-798
-9520
995
-9536
6545
-3596
-9854
-3027
-6084
-4738
8931
6349
-3839
585
799
5887
3162
-8888
-554
8209
2871
4709
3685
2764
3938
-4659
-7878
-3753
-4316
-6558
7679
8007
6102
-6595
-7470
-743
8275
-196
-6253
9736
4857
5552
-8451
-2021
-6726
7471
5287
-9765
-4746
-9065
1363
-8185
4568
8694
-2290
-520
5185
133
-890
-4927
3363
245
-7940
2295
4055
2990
-7076
-6742
-6463
8603
-4896
-14
3024
-5811
4051
627
4431
-6250
-8270
-974
5713
-1074
-9306
8833
-2632
-7020
-7860
465
4343
-1120
-19
-3314
-2491
-5598
585
-1236
4233
9199
4654
9547
239
251
-740
-3959
-4966
8961
-3020
6472
-5250
8690
-3786
1772
-4518
-9839
3286
-1740
7931
992
-9619
3744
-4345
8489
3697
-360
-8198
-4504
7093
-7440
8946
982
-2689
-7289
-3182
9516
9911
7296
-2393
7396
139
-2969
-6110
-5495
8774
-9144
-5960
-2930
-4479
6248
583
-1307
7923
3235
-2000
-8254
-2505
6265
-7414
8927
-8522
3820
-4015
9590
8190
-3449
3029
9738
-7664
-2654
3352
8831
25
-2137
-5654
-9246
-9308
9860
8070
6930
-7675
2553
-6093
-9938
-4484
-7291
-3522
-9844
2710
7197
9491
8895
2668
-1935
-9059
-3544
8739
8937
1735
-6445
-1202
9483
8411
4562
-3549
-2007
-9000
9369
8039
5115
2682
4928
2578
-1642
9499
-8990
9059
9373
-1844
4898
-2527
850
-8147
-4025
-9224
2280
7893
5050
-360
-9543
9667
-6571
5392
-3773
-3926
-8285
4485
2938
-3655
8708
4537
5765
687
-5586
-6663
8148
-1282
-1235
-4527
-115
-2885
8621
8460
-9380
7788
-1809
8132
8539
3949
8945
-2452
-1210
-9352
2053
8592
933
-6369
-6528
-7099
6826
65
9189
-4037
-1302
-8355
213
-8765
-1163
-7382
-9069
4890
8500
-357
-854
-1817
-5973
-7925
877
-8939
-9266
-6717
-7508
-3711
1685
-6700
-7836
-7026
-7920
2365
-8407
-9363
-2015
-9983
-8966
-4588
-2189
7515
562
-5912
-139
-4187
5513
-3939
2245
-4577
-4299
7081
6939
-9124
-11
7660
-5730
1005
-4053
2449
1024
63
-6574
1591
6893
-7687
-6021
-7300
9426
8759
-6217
322
4930
-8988
7538
4104
9300
3718
-3208
-227
6736
9210
5731
-5984
-8877
939
1398
9184
-931
-637
-6422
5460
-3022
-2204
360
3509
1771
-4363
-5558
-2998
5655
-8250
-2327
-1307
-5932
-989
-3704
-5909
9512
6169
308
9414
-6791
-4302
-238
-2787
5182
-8375
6432
-9725
-7375
-7792
-3905
4884
3263
-6347
-5618
-4844
6360
-672
-9622
-2287
-2756
872
9692
-2889
-4492
4413
2779
9438
-4205
-5340
-9005
-1610
4862
-5550
2640
-9291
2061
-7626
-7919
7002
-3694
-1034
3027
6576
-284
-9891
-388
1533
4540
-9347
-4424
-7663
5893
5540
-2740
-583
632
-9682
4612
9096
6059
-9785
-6496
-1334
-8447
-2997
4267
-9981
1122
6241
5934
-4518
-9624
4139
5393
1710
-6987
2157
7199
239
-9557
-1052
7997
2561
3186
-3832
-7812
4399
3740
-9067
-3986
-3635
9375
9134
2410
-2044
3689
5373
3792
1667
-1767
-5441
-1310
-9301
9277
545
9676
8878
8906
5186
-3611
5121
-3033
4861
-1516
3122
5372
2216
-8964
8261
7160
5182
-8429
-8500
4050
-4759
9176
748
3169
-5942
-9471
2147
2048
4463
-8685
-5220
-4132
9353
-2345
-3512
4399
4950
6720
-4514
-6191
8325
1
4318
-9534
-2680
8446
560
-4861
8302
-9926
8692
2807
6788
-9631
7751
-761
-5089
-4649
8991
-3381
2313
-8731
-5810
-2956
-8736
-6598
-3633
-6154
-1731
-7158
-9119
3567
-1504
795
-221
-8644
-2911
9812
-928
5074
7377
-4544
-2463
-6226
-9769
2516
-435
-7264
-5921
-3904
-9823
1734
1112
-2311
-8388
-4362
8530
-8104
-7702
-7691
-9936
-6754
2678
7433
-403
-7539
-9250
5543
-7234
-288
3894
1988
3645
9296
-2591
-8956
-2913
7033
-1483
5245
6186
1964
5510
8241
5220
7025
7157
9476
1281
3281
5450
7289
-1654
1674
2866
8902
-1390
-6957
7021
-1834
-8060
-1835
-9406
4511
-4048
3412
-9356
4006
-9554
-6994
3313
-8900
6231
-5292
-5106
8080
-7889
4822
5625
-4845
8581
-9884
-2623
4656
-4447
3880
-7651
-4308
470
-326
1536
9883
6401
-1260
7995
-3101
7960
973
-5584
-3645
-8128
-4288
-6614
5530
1554
-8226
-4282
-567
-134
-7884
-1411
-3912
4027
-5396
7208
-8382
-5221
5506
3377
8208
7742
4645
4425
-4531
-4309
5467
-4562
9847
5137
-7853
8593
-4961
-7900
-3832
-8292
9962
-1416
3296
-1464
-2053
-5380
9468
7018
9656
1936
-9617
-5010
-579
6825
2614
4937
3411
2209
-1935
-9133
1468
9063
8978
4271
-6954
1160
9608
2140
-2332
2194
-9650
-5553
-669
7067
-249
686
-5494
9422
4405
4486
-4066
535
-1601
-9328
582
5077
-8216
7485
5188
-471
-8686
-8936
335
610
-9905
-9533
-6401
-160
7224
1187
-1496
-2902
-6079
-6632
-5069
-9686
7545
3492
-895
3088
-6697
6464
-655
4648
-6901
-5223
-3006
-1942
8705
-689
-7048
97
-7305
-5794
3561
-354
2279
88
6187
891
7097
-1236
-4476
-9067
-9080
-625
-6305
9990
4070
4808
2695
4638
-1853
5905
-2040
-9016
9858
2099
-5985
-9951
-7988
-9063
-262
-4232
-7618
216
-8736
2915
7729
2783
-7991
-1837
4012
3139
7562
-883
-2220
-1173
2925
-5688
3304
-4794
-3435
3653
-4797
3684
-5658
-7125
-8625
-216
2756
3612
6803
2437
-3031
7088
-5990
2449
754
-3543
3526
9862
806
-3939
9883
4941
4225
3749
3003
-9085
5888
-5175
-1849
-7862
6686
6075
3917
5217
-6240
4833
854
5607
-424
-4136
5312
4752
8690
-3562
-4608
-4389
6009
7617
9816
130
-6723
-1553
1152
176
8277
-3098
4861
9281
9725
-7536
2020
-7761
8782
-7007
7906
-8187
-1536
-4828
5694
6401
-373
-6154
6851
-4978
1216
-2679
-6899
5831
-9600
-1502
-118
-969
-2255
-9940
-2397
-5248
-5939
1752
4669
-6590
4491
6432
9756
-9927
-4784
-6347
4665
-4478
-5068
-1802
-6173
-3375
-3947
-5085
661
-2546
-6472
2463
4837
6082
1294
-2275
6137
-3078
-1188
7513
1369
-9320
9617
5958
9681
-1779
1584
9467
9364
3537
-265
4166
1678
5821
35
9057
-5578
-5778
-6614
-7751
-3100
4084
-8357
-6171
-7359
-578
4342
-349
2589
-7812
307
2767
-9778
5229
3404
9712
164
-9104
-5415
-5345
4521
8755
2893
-5223
-4305
-5906
-5413
9501
-2653
8147
-7793
5048
231
6742
-1827
-5770
3931
-3919
-9341
1870
284
-1048
8644
-9469
-6248
-2583
-7942
6271
5873
78
8319
2558
2138
7108
3627
8413
-1927
6930
1305
-972
5512
5962
-6227
2654
-8319
-5657
-8584
9325
2073
-1489
-2234
1366
-978
5606
4835
-6169
-1776
1714
6636
-5679
1145
-4921
-1245
8892
-6366
-9521
8676
5206
9249
-8238
-3973
-3036
8610
-9843
7254
-9566
-6944
-4041
8219
8659
8996
5969
4020
3514
9519
-4945
-217
-6461
2987
6324
3275
-5973
6521
-5216
-7612
902
-4636
-4242
-8743
3797
5016
2545
-2282
-6986
9939
302
-8675
9330
8253
6392
-3447
5370
-5629
-1614
-3672
-1795
5956
4067
-7499
-3997
2560
-1287
9113
6649
-2407
3447
8151
-8683
157
-2480
1428
2889
287
700
-5705
2797
8886
1351
6883
6408
4256
8761
8736
687
-5877
5507
-2809
-2750
-5377
-6702
-8380
-3869
267
-7413
-1691
-2312
-8311
-3527
4593
9670
-725
7165
9069
-228
-3703
1936
-9685
9012
-791
-2621
-4419
-1644
3223
2490
-9768
-1245
1189
-4525
-640
-9405
-4115
7580
8372
-7177
-3784
-9054
774
3433
-6759
4342
609
-8627
9698
-6957
6821
-5410
-6200
3746
-9494
4918
-8252
-8500
3680
496
8642
-3073
-2277
8796
-5827
-8661
2713
754
2361
4107
1455
-3020
3936
-6455
-7766
4193
2925
828
7460
3810
3508
1230
8400
5973
9581
-6547
-9269
3129
9949
3013
-2434
6205
8302
-6713
1156
6440
1029
9911
1479
-3900
7383
5281
-9494
-2357
-1514
25
-8792
-4838
5125
9359
160
-6675
-9069
6099
-1330
6775
-767
7949
2030
9879
1324
1825
-9703
63
5579
3553
3882
5055
-7794
3064
-9127
8222
1179
4949
9936
-5054
4625
6340
-5408
-4920
-6268
5189
5452
-5185
8392
9984
4456
8135
-8453
-8419
-3634
4568
-1221
8707
-3327
-7162
-1073
-2242
9306
-2273
5848
1018
7015
-9210
-2744
5178
-2585
-5901
-6332
-3146
5964
-9901
-6766
1327
-7603
7895
-2425
6808
8732
-4778
-5018
2422
-8846
-6955
6435
-1347
-8736
7490
1186
-486
-8367
765
2556
3889
-8098
8192
-1944
661
7950
3219
-8276
943
-623
-4707
9748
4514
-6254
1674
-7993
701
-3067
5497
1560
8400
9731
-7715
-7342
-9961
5951
4301
9891
-9846
-1331
-902
9229
-4468
-5471
-8223
5091
2240
-2737
6602
5345
2613
-6810
-3133
-8486
6607
9713
2690
-5148
2757
-1984
-1283
2725
447
9377
-8542
4420
-6077
2024
-6230
-8166
-4727
-9759
2036
3979
-6243
-2988
8246
-8875
8051
2089
-6692
4156
-8240
-6370
3772
7789
8642
8582
592
-7131
-5613
9154
-1952
2614
6487
-3514
-9932
-5059
-7784
-9587
-5467
-4567
-3042
13
6369
-1302
-5450
-159
1554
8255
-6191
9659
904
866
-284
-2959
8370
6091
6076
-1944
-3317
1375
2759
-7689
-2862
534
3079
3459
1214
927
-1329
-5089
-9359
-5158
2862
4456
4203
8377
1236
9205
7120
-4727
7781
7228
9144
8323
-3415
7431
-547
1824
-1766
4773
4509
-2988
280
40
-7379
-6381
-6891
7529
-5395
-1177
-8427
-4829
-9190
-3848
-4781
-7695
1067
3855
7476
-5130
2066
6580
7819
-2402
-8416
-3065
1372
-1488
4326
-7943
-1230
7820
-9416
-4415
4696
-6595
-6111
-2739
-7248
-498
4747
-3296
9416
1022
9897
-7922
5097
3834
1601
-5999
2584
-9972
8081
396
-8237
3487
-8866
5978
-354
-351
-5418
-6755
-871
-5606
6947
-7845
-8382
-5381
-4222
-2691
-9744
-5674
4747
-942
9643
-7627
6798
7750
-1821
-321
2511
-5556
-1008
7661
-6918
2877
-7555
718
-5975
9801
2560
-2407
6689
-8470
4231
9310
9908
3330
4988
-8123
-8980
5540
-3274
-8117
8016
-6882
1672
-3754
-4286
6247
5900
4669
7587
2705
7911
4537
-424
8443
-7884
-8391
1604
6449
-3771
-589
700
2704
4080
-1411
4551
-8198
-5758
-1047
5671
1253
-5394
-6206
9697
-474
262
9289
-5919
2334
-9271
-7090
9900
8464
5780
1402
-2167
7762
-4371
1510
6377
-1841
-1809
2509
-6401
7686
3425
-7846
-7339
-9927
-2124
1167
-2628
-9467
-7768
7514
-3601
4561
4674
272
-7619
-4011
-3213
-9284
4550
7441
-8430
-6034
-2876
-8274
-2766
1314
-8247
269
-7154
3179
-3599
-5244
-4298
3582
3726
-1957
5268
-3704
2078
-2826
-9519
-4972
3926
5149
-2022
6663
-2290
8408
3472
-7866
5885
-3956
-2190
85
-1371
8723
-5145
-7000
-4254
-9680
-6036
523
-8074
103
9562
-5078
3586
-128
-873
-9732
3752
5741
-7248
8884
-5169
-4511
9334
2640
-6355
-2133
7137
-7603
-1969
-1801
1142
561
6836
-7359
3571
3970
-1413
5692
-2454
4872
-3935
-4751
5226
943
3153
41
-3870
-6527
-1846
-966
-1729
-7143
-1814
826
-3386
1168
7887
-7750
2699
-8963
-7179
4539
814
1731
-523
6372
5286
4750
-5707
4282
-1089
1492
2659
4203
3387
-1022
4801
7573
5410
6372
-378
-3862
1656
6934
6441
7077
-8319
-6854
5022
-4271
-714
1647
3846
3595
-3415
5948
7420
-6370
304
6509
6024
8000
-5534
-9879
-2423
4525
9816
-4990
-5201
-6192
-8958
5592
-6535
-3321
-9781
72
-5475
6135
9094
-4954
4162
-7785
1456
-6009
-701
2479
-5304
-4390
-3972
9122
6590
-759
-3043
-7888
-857
5702
-6513
6770
-4655
-7571
4471
6500
-4943
2030
8272
8151
7234
4126
-1482
2779
465
7844
7279
-5784
-6912
2743
-9027
2612
-3791
7554
-745
8247
-1821
-1581
-893
3165
5534
9083
-8824
-5016
-2930
3131
-7976
-4954
1560
-3236
-110
5349
7558
-4437
5721
8670
6014
-9879
-4510
-5643
6613
5938
7834
-3815
-6810
-4588
-7522
3869
5374
-4944
-8016
5659
4583
-3862
6982
-8789
-7712
-1911
-9977
3240
-3999
6177
641
-1454
1915
1540
-4636
6540
-4859
-6152
-9900
2260
-7679
9887
-8587
3409
-1281
-428
750
8218
5633
2853
-685
5761
-9275
-9082
1329
-7333
-641
8891
-9310
7515
-6303
-945
-8073
-602
-899
-9377
-889
-4196
-1709
-5481
-6843
9641
-7088
6624
4211
7816
-744
-3533
5850
2071
-6570
3053
6934
-7595
2791
474
-9636
9925
-238
8892
8457
-5891
3763
5599
-910
-6996
-8479
7757
-7248
-355
7761
-4739
7058
-1855
-7682
-2055
8745
9250
649
-1786
-2550
273
3444
-5011
7306
1142
-1772
4975
4328
6345
-4365
8072
3015
4447
5156
1680
-4615
4496
-7429
-5789
-9929
2275
-7129
5249
7908
967
9939
482
8039
-4983
-3610
8849
8601
1770
7320
1253
7996
-1700
-2959
9167
9346
-1546
40
-3951
-406
8434
9375
-6768
-243
6352
-2525
-2666
-502
-9554
-7720
843
-7776
-1314
-2371
-8327
-9038
8735
-4525
8212
-4506
7404
729
-3938
-4465
-9420
7719
-1804
4258
3443
-8639
1784
-1470
5481
6913
-9795
6263
-5648
-3906
2306
-8394
7835
9680
-2089
-2735
8879
-9421
-9078
2031
8860
3867
9086
-4310
5163
-1834
-9158
-2594
9327
3073
3120
9415
1937
-5573
-4350
-9477
-6351
3039
9414
-3647
-1516
362
-3229
-8063
2584
-2103
-4297
9303
9938
6821
1972
1753
7537
8308
2473
-3551
-2711
-1744
-2646
5100
9024
9148
-9282
7815
-9564
6000
5301
-7642
9455
3194
-7369
8057
8531
-4661
-8433
-617
-6748
-8257
9010
-8925
4422
-7900
-4109
2703
-6456
-3334
-6927
-9902
651
5366
-421
4007
5811
1492
8798
-4655
-7887
-1571
-3119
5927
1413
1988
4724
-6001
-5651
7705
-2612
-1818
-6597
1222
3146
5465
-3470
-4070
980
-846
1386
-5075
-5763
5061
-8029
-9862
40
7027
7549
-2799
-1259
8899
222
1749
1294
-2508
-44
4521
-9832
-6604
9270
9223
169
1202
777
1902
8734
7405
3404
-6716
-9264
-4717
-4262
6422
-3745
-7266
3243
653
-2009
9495
-4625
97
-2414
9547
-6066
-7309
-8371
-8547
3990
2864
1057
7169
-39
-5196
-4543
4106
-9426
2540
-6347
-8122
6453
6013
-4532
9673
4956
2101
8077
6931
-3653
7015
1964
4869
-3256
4488
7494
6241
4010
-9261
-5733
-3956
-4729
-847
436
-4311
2142
4160
4311
4961
7468
7295
-5287
-1679
2025
6970
3744
-9937
7095
-4356
6851
-601
-624
-859
-8755
-1136
-4255
9231
6359
8899
8098
937
2499
-4888
-5080
9516
5874
-6332
-6036
-7565
-6213
-2306
-9407
6502
3690
6002
-8014
9556
-1158
-1682
2142
-1731
861
1999
4974
3723
-8231
4430
3336
7553
5452
-3460
1563
-4693
3803
-8521
-8974
8898
-3222
5106
-7281
-1610
-9490
5198
5575
2025
1701
5492
-8829
5723
-3779
3140
-487
-1316
3059
5003
7469
8918
-7568
3688
7823
1351
-157
99
9239
3789
-4596
7885
-6229
-391
4887
1094
6223
7646
1708
-2242
-1658
1227
-3703
-4741
5872
878
4816
8508
3344
8007
-1761
-644
-6533
-6273
4278
-9267
-461
5648
5804
9217
-7029
-4705
-9422
5475
-9779
-5020
2900
3077
-9684
4743
3520
8207
7203
-3040
-7201
3224
-7869
54
-7756
-4394
-1234
1590
8990
-5207
-5892
7864
191
9859
4239
8994
-8873
-9213
-5898
-3214
7547
5312
-4612
3946
-3863
-4957
-1844
5919
-8937
4018
-3144
-9596
5521
-945
-6392
5248
-6370
-5141
7193
8398
1371
-3586
-526
-3326
3154
-5082
5179
-7561
-7801
-5980
-5283
-8930
-7797
4648
57
5096
3652
-4695
-6948
9333
4346
1549
1956
-5884
345
-5823
-9213
-4490
4445
-87
-61
3206
3446
8460
-2610
4707
9232
-7672
7968
-1209
-7394
2044
8249
-7329
6
-770
-5210
-7028
8412
-5753
1324
8949
-6748
-5493
9829
1028
-5845
-7452
-1721
-4787
-5823
339
-7744
715
683
-543
-2960
4564
-3598
8299
-8569
6262
8705
-1626
5705
-9159
-7739
-2745
-816
-6268
5335
6251
-5441
2898
3844
1878
-4187
2071
8600
-2105
-6633
8102
3861
-9422
-4540
6379
4379
5845
-5391
4395
2182
-8774
-4678
-4834
2256
2503
54
-581
2852
8100
-899
-972
3992
-9858
9094
5421
3821
-1609
8593
-1659
6706
2977
-4353
-443
7453
-2412
9969
-1841
-3269
8554
3311
6255
-4010
-7825
-2834
7559
-2892
3691
-2409
5086
1954
-8665
-5474
-2264
-2112
3818
468
7882
-2072
-4075
3102
1811
484
6726
666
4266
2726
-9490
4558
-9524
3398
5216
-5822
-8038
5705
6685
5870
8544
3078
-4982
4535
2603
4850
3085
6848
-5686
8421
-6567
-4719
3073
2425
1881
5927
2135
7218
-6553
-6661
-287
5896
-2529
-3417
481
-277
3787
1276
-652
-6579
6036
-7210
9114
3908
-8622
9350
8251
-2496
8652
-140
-561
-1821
-9222
9264
1446
3990
-3014
5395
-743
-8545
-5739
-4809
1962
1600
7405
-4246
-6045
-1180
8982
-2422
765
2484
-7697
-159
7732
-2008
-9325
-8406
524
-9865
-7487
-2938
-9805
-9578
2272
-8495
5168
3036
4160
154
-1157
-4880
4878
2953
-6994
-450
1870
3104
1639
-1016
4456
9601
3255
5153
-8166
7921
-797
3276
7477
-5100
-4033
-3833
-8573
7081
-517
6319
-2062
377
5340
-6733
8616
-5116
5342
-719
-8795
6751
-6617
6355
-2634
-9393
7023
1569
2040
-2982
7890
-1214
9660
-9132
-558
621
4218
1233
-4888
-9396
-3407
5523
9442
-2701
-5481
5879
2679
-3171
-2649
-8009
628
-65
5576
-9162
-5283
6887
9364
1499
-6937
5283
9586
-6199
8287
-451
-6443
971
8924
-1492
8938
8914
-7655
-614
-6739
-9609
-5927
-5233
4390
-7889
3046
7240
1249
-3934
2987
-2058
-3238
-243
-8019
-1864
9643
-5369
-2894
-6068
222
5861
8018
-770
-6663
6139
3523
-1077
8016
-2341
9918
2649
545
2627
-5738
-2140
-4115
-2512
-865
-6270
-6083
-84
8998
3183
-9629
-7081
1373
-4674
8043
6189
8306
373
-8556
4557
-5520
5087
1386
1173
6824
1986
8125
-5439
-1136
8799
6008
6117
-9173
4567
-836
1099
-4447
-7057
1530
-2228
7035
1534
-8409
-1303
767
-9522
7537
4096
-4433
-1634
143
-9295
5896
62
-8779
-6395
-1640
-8434
-1124
-7055
-1749
-353
-8007
-4635
4082
-2225
9396
-4934
79
-3150
6694
-5760
5292
-7020
4272
-221
4241
9062
1111
-5613
9388
-9351
-1141
3332
-5186
-5497
2880
873
-5128
-8990
-3833
3530
-9889
-2083
-6426
2710
8737
6026
7012
-2518
1276
-6464
-5355
580
8401
-4541
-2166
9649
-658
1996
1703
-265
-8152
7618
-6567
-6818
-9647
-7440
-4894
7669
-9739
-5631
-5181
-4596
-7504
5697
-5807
7819
-2057
-9057
653
8569
6496
9700
2000
9538
8573
-8524
-9496
5910
-1663
4052
-5936
7675
-71
-8987
-6384
-2156
-3000
-1251
1330
9097
8620
-9484
-997
9499
8284
-3272
7182
-5140
-5826
-2315
-9726
7192
-2425
-7852
-581
-8342
2588
-5515
-2318
6058
-4923
7851
-9005
4833
5954
-664
2148
-3777
6637
4810
9703
2260
1670
5410
-862
-9467
805
8137
3459
6282
-4836
-5014
4402
2235
-4393
-817
-385
1648
417
9605
2414
-5363
-4134
-1455
254
952
-2954
1455
2395
-6802
3854
-3229
-1654
-1850
-3768
386
-7808
-5951
2045
9062
-9162
-9578
6425
6920
8892
4226
3441
5515
-6521
-4981
2428
5474
2065
1328
-1293
1017
-9886
7662
-3051
-8168
4537
6074
-897
5143
283
-730
-2167
2807
5718
9225
-6273
-8612
-3335
5269
455
-8831
4130
-8143
-8500
2774
8747
115
8417
8953
-5475
-6874
6704
2342
-446
-4582
4684
-3448
-9719
-1064
774
-1838
9361
-5700
4226
9682
8246
-3062
776
8739
2140
-958
5162
-5149
-9165
-9897
4004
-6604
-3113
652
-1994
5461
6326
8991
1221
6533
-1027
8133
-1892
7167
-3819
-1578
9301
-1773
-6893
-1218
6347
6891
-5485
3161
-5046
6469
5688
-1611
-6595
-5889
1521
6274
207
-5551
8072
5095
-210
-6593
-8360
-8389
9031
-9656
1011
-4001
-3047
-778
-1644
8806
1772
-1483
-7968
-7165
-3502
-1865
-2746
-3431
-3646
-6049
9203
-9492
-3927
5354
6363
-5299
-1114
708
-2642
-2239
6513
9916
4602
-1636
9450
8542
-965
-2675
2582
7202
9925
-8239
9897
5579
3153
1895
6706
1024
-6030
9974
8068
-9320
2179
1568
4784
-8239
-1196
-3718
3258
6101
-4041
8471
7450
-6149
5411
1245
-1701
-2588
-9931
-9878
-101
1630
-5622
-9440
-8666
-6399
4453
-8231
-5530
-1125
-2886
173
6060
-8050
-5575
-5370
1003
-1420
7025
4277
-4809
9969
-426
-4859
6557
-3245
-186
8708
3040
7465
-356
-1617
1619
2189
21
5076
-8477
7439
-2596
9410
-1554
7881
5108
-8361
-1156
-5875
-5048
3839
-5311
-7721
-8868
4596
-1703
-9380
-984
-9278
-4790
8624
-4904
7662
9267
-5260
8362
-3417
-5136
7515
4746
2741
4660
-8198
7921
-1738
-9726
-5617
8270
-7128
2855
-709
-3059
8301
6627
-2878
5775
5240
-4025
-8056
4704
-8366
5034
-8385
905
-3562
4138
-1671
8746
6150
7124
-7549
-913
2664
5170
366
8152
-9535
2040
-1051
6851
2480
-6829
-9029
5882
-6446
6038
-1771
-5355
3249
9885
-5289
-3311
-862
6692
8134
6766
3092
2272
-3732
3875
-1370
8909
-3981
-613
-6672
-7549
-8816
-3374
-6267
-4475
2049
-4436
-6466
6922
6448
-560
-4590
5973
-9079
-1359
9226
-3922
-7772
8310
-652
-5620
404
1413
6494
264
5110
7831
8021
4320
-5678
2314
6039
-5199
2015
2138
1044
-4290
7922
-8534
-6763
5159
199
-968
-2485
-5901
-3641
7417
6577
-1207
-6539
4095
-9535
4788
6651
-2845
-5884
5097
636
-9283
4152
6733
3923
-2014
-9298
-1791
9077
-5400
-5413
3124
7118
-8588
991
-6997
3747
1926
-6222
-4403
659
-3681
8288
4811
2123
-201
2785
-9189
3328
-3373
-9080
-349
2088
-8859
-2133
5624
7442
7259
-9869
-239
-2732
-3302
4213
-3689
176
1303
-9488
6642
-6082
-739
4550
2812
3181
9006
-2919
-1680
-2541
-9133
9094
-7947
1223
-4417
5263
4990
6235
-9463
1713
-4678
-1894
-5100
5034
3094
7722
-5987
5882
4494
-128
6295
-4302
-927
3137
20
-7782
5659
8285
-2635
-5656
-6715
2291
8944
-6609
-2678
-4120
7992
5845
2618
7953
610
-3169
6269
-7807
9520
6635
-1279
-2678
3077
2974
1773
6209
4332
802
9379
6797
1308
-4006
5757
6252
1266
-1608
-2026
-4192
-7488
1183
-1428
9259
7663
6896
-3625
1771
-7457
-4994
-7048
9183
-6002
7999
-5331
3845
-7856
-3613
-5694
8419
3394
-8505
2368
-1589
4412
-5222
2950
482
5442
2825
-5827
-764
-8925
-2838
2026
2795
-2603
-4029
-68
4428
-9123
7246
-1849
8291
8200
-5346
741
5856
-5829
-2600
-5096
5347
-6324
-9928
343
-1337
2849
3495
-5980
9691
5053
4099
-197
9049
-4959
4168
8295
-3997
483
-9917
-7297
6931
-2335
1691
-5974
1123
4963
-3137
3030
5628
-1723
6460
4847
1638
3250
265
-6264
4108
-6573
3345
-7649
-842
-3242
796
6237
-8125
-6445
866
-4777
-791
5711
2875
-7435
7559
-1539
-6348
-6058
3733
1529
9582
-7920
-1976
-6545
3365
2996
-9305
-8313
4739
6793
6738
-6558
8167
5525
1198
4088
7780
2046
3660
9212
-4780
1098
9173
5947
3040
2778
-5528
1411
5090
867
7734
-7547
2831
4067
2452
-6528
6067
-3501
-6522
9905
6497
-3626
4415
6774
-886
-8875
-6552
-8376
-9398
-2973
8081
9543
-542
7884
-1216
-9883
-7689
4396
-8043
9616
-9310
-4662
-3683
-1811
5234
-7069
-1915
8402
6820
-6937
9850
-4739
-2856
-8462
2492
-9569
-1662
1644
9011
-1353
-8163
4055
-9428
-2031
3674
4747
6591
8890
-2444
-2995
5052
-4787
-9873
5573
-9170
9430
9513
-1715
1838
8854
-5995
-2240
-8506
1310
-5143
-5320
486
-4642
5176
-829
-6854
4763
-7851
-7129
-3041
-1151
5191
-8422
-5087
8239
-5973
7820
-785
6662
-1441
-2871
8085
-4315
-2968
1385
-4396
-3324
-336
-2976
4316
-8637
6421
-7698
1186
2278
2933
7883
6015
-2070
-5352
-1515
-334
7778
7988
-2962
4935
2043
-8926
-2143
-1942
-7907
3477
-9500
-3239
-7779
6873
-3046
1933
-8778
-1251
4257
-4509
9678
-1080
9970
5054
6275
5081
1831
-5076
-8777
3833
-6769
-3276
-4177
-7728
-3122
3128
1286
-5238
7719
2262
-7043
5241
-1739
7136
209
-7345
4454
3048
-583
2506
-1478
7206
-3508
6797
-151
-7219
-9828
-7774
-9453
9631
8162
-6262
7641
1316
-9584
-332
6384
1761
2455
-6904
-2376
644
5183
-4557
-9894
8835
-6311
-4634
9559
-5758
-1616
-2212
-6742
8968
-2360
-5492
-1980
-7185
-1581
-5903
29
7242
-3444
1958
-7910
-1545
-1122
5824
4798
-9137
-7595
9465
7089
2334
-3584
7591
-2635
1855
-3408
1016
-9370
502
-9600
9161
-7591
2708
-7658
-2791
-2610
195
8350
-8915
-5537
3056
-9238
-1335
7183
-4988
2903
8657
5291
1396
-7680
4454
3164
9847
2007
2834
-54
-7513
-1656
2890
7011
4709
-9524
1248
-6150
524
-7092
-5746
-6730
9053
-9524
530
-6844
5121
-5824
-4185
9354
8314
-7299
-1895
5227
-154
-4532
-5672
8242
7469
-2684
2139
-1817
-5835
5168
-8573
9414
-982
-5032
-7604
-5
-1854
2384
9395
4303
-9714
222
-5931
5415
3611
-1273
8365
8075
-496
-5041
-9726
-496
-8838
-4598
3718
-9231
-969
8635
2173
-7082
1832
9888
8823
3484
-9319
-325
-143
-6995
9580
-9954
-2085
612
-5494
-3763
-2946
-5020
-7825
9916
-9892
-4804
2673
-2312
5938
5346
4472
-3523
9378
4047
3955
-5286
9027
4926
-6098
-5379
-246
9676
-8922
-806
-3282
2892
-8114
-9711
-2357
7098
-8119
7052
1601
-6286
-1552
9279
-4404
8919
-7097
-8193
-9474
1585
-1193
3514
3566
-3370
-3018
6869
4227
-445
4980
9036
9589
2370
7741
9986
-8646
5827
7936
5265
-4425
-5909
2553
7116
-6586
-6418
-7503
-9183
8488
1381
-1133
789
-7308
5321
-2915
-9228
2965
7770
403
2730
8615
-9302
9052
-6836
-9594
-6547
-6091
-5358
1522
6883
-3097
5233
4003
-2613
6932
4228
-2267
-9330
7025
8968
9903
-2072
-5806
7263
1629
-5695
-8470
-9845
-5625
313
2873
-7315
7063
4323
7721
1168
2703
-7553
3799
-4373
-5847
7229
-379
-4670
6534
-5839
9611
1755
7763
-6996
7032
949
-9601
5633
-1003
4876
-8503
-1821
-5247
-4134
-2704
-7094
4942
-8662
5327
1416
248
1332
-398
2720
2788
-6937
-9069
4281
5837
5908
5106
-8693
5
-1527
782
835
-8795
-8322
-758
8007
-8109
3903
-6918
6975
-6580
-3108
6234
-1905
2685
-948
-9390
5987
-4114
8358
811
-6088
-8313
-2223
-6116
5018
5306
3610
8222
6498
1112
5494
5151
1819
-5856
-3953
203
186
-5129
2520
-4396
8282
7625
-2718
4140
-2802
-4875
2591
9967
1267
-6256
402
-5362
-3704
5839
5468
-8854
-7909
-8265
191
3204
-9463
-2201
-4555
-1826
7208
-2289
-4651
1530
-6792
8534
213
-4364
7562
7304
1385
-7353
3477
-7388
8762
-1737
-524
-9453
5670
4407
5814
5930
3173
-3043
219
-544
-9367
9413
-6399
-3936
-2769
8780
8964
-8534
5103
1162
7424
8985
-6064
-9624
8443
-5811
-7187
-9374
5369
9137
5730
811
-8910
1693
-3484
5589
-9168
3033
2747
-2430
-2845
7219
9087
-1373
-1251
-9703
-5684
-8670
3307
-6187
2925
9082
734
708
2234
-4652
1853
-7738
-7677
-7493
3476
4025
-8407
-8485
4934
-9679
-1128
-6948
3706
4156
-4874
-5756
8751
8879
-5751
4759
4878
4478
8914
9862
-4739
-591
-848
7595
2834
-3290
6352
-2141
-4606
9513
6841
-8087
1851
-9698
-6508
5775
-6353
6580
-2317
-9671
6076
-1964
-2628
3499
-2630
-3133
3620
-7755
5459
-4165
845
7698
9691
-1418
-9603
246
7487
-2291
-635
411
-255
8226
3045
-3448
7648
4146
-8782
2948
9566
3739
3536
-2066
4114
-7633
-8092
-8188
-1197
-7218
-2575
-9096
-3067
9122
974
7607
-2292
-5430
1484
-9933
-9356
9889
-7872
-5596
-1616
715
477
2698
7620
-1886
8397
3619
3497
-9933
797
6250
-5268
-8399
9773
-4149
9510
2033
8703
-7749
-5946
-517
-746
-8571
-5075
9822
-3739
-1981
3616
4533
1670
790
153
7921
9499
9489
-6953
-1918
2462
-6288
5228
8809
5709
-6762
-3617
3306
-2081
-2567
6788
1318
-2967
3903
9371
8629
-1066
-3844
3962
4509
5044
-3763
955
7776
-9161
1065
-8041
800
2926
4325
-7005
4132
5027
-2422
6716
5880
8667
6689
-6718
7742
-1273
6680
1902
-9754
2914
-6203
-301
-4702
-6183
9473
-8165
9688
-7425
7411
-2553
612
-1443
3743
-2560
1383
975
-3565
7437
891
6920
9359
-9724
-9104
-1884
-2770
-6970
-6595
2172
8510
3447
-4354
-2830
6800
-6380
4876
-8331
-9778
8088
4123
5450
1743
2682
-7884
-9726
9765
-7100
1204
4371
-3893
149
-2530
-9433
-9378
-3775
-5498
-3009
-7278
8920
-7267
-974
-5347
5194
3052
8132
2795
-2462
-4040
9252
-3253
9927
180
-5683
8486
1974
-5886
-9665
4897
-8061
7804
-2108
7708
-2897
5383
-4280
-5484
4312
-3442
-7768
-2161
4399
6728
734
-9955
-7449
3629
987
-4476
2962
503
8014
9177
-798
4649
-7320
-378
9126
-7846
-5629
-6293
-4050
2924
-9606
-3182
1717
-2367
9704
2222
8769
-1108
-132
6551
4894
-1592
-5230
5126
-818
-6052
644
-1468
618
9455
-7492
5041
3357
8698
-3858
2171
2669
640
3995
-2075
-6580
8802
2705
8352
-4147
-5796
-6187
125
-9901
8851
5869
2446
435
9132
3741
-3313
5430
-8704
1037
-4971
4349
3428
-7688
-2844
8679
7136
9828
-3067
5269
8448
9732
4832
-9235
-5285
9062
4626
-5334
-8369
-207
-2215
-5376
-6600
-8784
3516
1476
6983
-5758
5904
865
1839
837
-5407
-9214
-2689
-9982
-9005
8657
9407
-1034
3230
1076
3366
4937
5738
-8177
-8366
-2234
-2826
9918
-995
2750
-7634
-8993
-1921
3976
9066
5281
3588
3766
-613
-8558
1411
-5945
-6100
-178
-9971
-7747
-4492
1733
-2705
1957
-1601
-968
-7750
-580
-9828
-8081
4158
5357
-4373
7432
3785
4092
-3216
8670
-6164
-6893
-316
7118
-2801
-5426
1610
8257
6231
-4255
7105
-408
8275
-7492
-9284
7168
5749
-4776
6213
-5940
-2560
1210
-9801
-7963
-9080
-9727
-6732
4190
-1726
4938
-8588
-9780
-2908
3272
1951
1957
7179
2643
-3882
9349
-3588
-8771
6065
-7570
-4661
3004
-5
-3979
1718
9085
190
-24
6138
-4883
-5158
-1245
1690
-3176
9529
-3177
1537
4097
-9135
239
6331
-2906
3751
8071
-8100
5096
6580
-2810
-2189
3015
-7071
2071
5221
9500
-9360
-2808
3328
-7391
4167
5959
-9976
-4852
8835
4552
3438
-6889
3748
4063
7925
-5007
8777
2405
-7874
-4211
-3068
4131
6511
5564
9709
752
-291
-7044
5466
7926
-6537
-7536
4938
-6882
-2940
-7779
2199
-6517
-2044
-3393
-7253
-463
5860
-9229
2569
-2252
8065
-9935
460
1338
382
-1630
7634
-3403
9919
792
7805
7836
-6452
1988
-2207
3280
-1109
-3231
-601
-988
1061
-3520
-2733
5045
1880
2049
-6664
6180
7022
-7280
1730
4708
-6516
-4559
3397
-7097
-7653
8029
8514
-4989
8881
5210
-1190
-1288
7341
4983
-6481
-5134
-9389
7876
-5466
-8420
-8018
-2294
-3929
5128
7160
1165
-1796
24
-1196
-2776
-9823
6014
2344
-9686
-4146
4960
6119
-5830
1253
-5195
-473
8326
3521
7282
1623
3417
3113
-7921
319
-549
-7262
1530
6749
-3509
5896
-1538
4629
7445
-2360
-924
6565
-1577
-3183
-4276
3365
5179
-6824
3727
3585
-1342
1060
-6526
657
4255
7037
-4778
3515
-6995
7955
3309
8268
1337
6916
6891
-872
499
6003
-5117
-4262
8696
-3508
1886
8670
3221
2759
-6183
6144
-9568
-6298
7689
4581
-2104
-8474
-2697
-7028
5302
6169
-1007
-3381
6281
8438
-3755
6164
2419
-151
4408
5520
6093
8009
5786
5103
130
4830
5784
1631
1752
4544
-1048
9785
-7645
-6189
4155
697
-5263
-7214
1506
-7304
-3352
-3258
-1359
-4999
1676
-3891
7956
7842
-6501
-5736
4540
2816
-5763
-5996
-1436
3271
2625
-1499
5429
7964
5690
-5659
-1899
6801
2486
3829
-6332
2152
-2388
-2770
-2124
8501
540
9601
2310
-1407
-1100
-1787
2048
5450
4907
-8930
-1091
-1772
-2245
6288
2654
-5951
812
-7341
-3070
-1753
8643
5511
1756
4930
8543
-3777
-6103
1266
-4708
9915
7420
4330
-1230
1118
-4683
6864
761
6550
-7416
-6337
-1068
-7592
-5749
-3181
-2788
6343
-9274
3458
6320
8277
-6120
4510
97
-7701
7508
1526
-9903
8703
2933
-4984
1594
-484
-5181
-538
-3874
6271
7817
-8835
-4262
-7203
-2086
1894
5008
9933
7194
4103
-6123
8316
-5710
-947
9355
3052
-5288
-775
-1301
-5301
-5217
7347
1613
-6037
-9285
3754
-1142
-604
-895
-8133
-3607
-4909
7077
-6112
-7413
-9015
-4186
6227
-4238
-7626
2973
9041
2615
-9766
266
4995
9791
-7889
-6790
-206
7565
3267
5139
-5655
317
-9894
-4563
-2005
2459
-9036
-2197
1727
5013
5847
-3144
6342
7091
-7595
2445
-7876
8600
6677
-5318
2097
-6531
8285
7625
4731
-670
4853
6340
1721
317
-7878
8114
1227
6994
-2363
8068
1196
9924
2792
1461
-7628
7257
-6888
-7146
-6567
-4660
7333
-1417
-3251
-3347
1545
-2067
7970
4445
-8187
-9433
-6229
-8092
8783
2106
-5741
-7863
-8423
1123
393
-8349
-2816
7852
6155
-116
380
4568
-2880
7208
9590
2438
2586
-6883
8083
5337
-6236
2521
7286
-2185
-775
8755
1268
-3671
-101
-621
3467
-9489
7599
-1458
-5033
493
-5915
6366
-9068
-197
7817
6594
-5178
-4627
751
-9086
29
3233
2649
-802
4372
9934
5987
4098
9366
-9166
7334
4846
1212
3621
5107
1189
-6928
6082
8429
2154
-6479
-1812
160
8856
-6773
6260
6397
4762
-970
-3644
6767
1699
-8149
-8266
3949
-9468
-5678
6835
-7776
-2298
4218
-706
6119
6201
7741
-1356
9108
7784
-8048
7791
3856
-1366
-6002
-1765
-3940
7459
2252
3405
7151
-4594
8755
856
8000
-5925
-8155
7901
5570
-1871
2110
2989
-1107
-7065
2
9414
9671
5802
5042
-5539
-2523
1036
3032
-9655
-8853
1835
1629
7205
6457
-3384
803
2935
-6631
-3776
-3181
-5416
-2790
5447
-2817
-4419
-1940
-4750
2770
-9919
210
5194
2598
-4038
5529
-2692
5190
8084
2803
8247
-2132
1507
9985
2640
-8613
7401
-5169
5497
-4949
1914
7178
-6653
9159
7478
-1879
571
702
-9799
-9622
-8257
7758
9279
-8089
-3027
810
-6590
5330
5037
8455
-7585
-966
-6663
3566
-8986
607
1219
4646
-7280
4433
-44
-8658
-8190
1098
-2822
5737
-828
-9102
-3124
7705
-9076
-1817
9215
-8003
-2432
-6928
-568
5216
-6132
7738
8160
-4666
-2960
8832
-1401
3069
-460
-4275
-9931
-2920
-1512
-8107
-8269
-9243
-4210
-8715
-5789
-2626
-5288
-7886
2405
1486
8713
-793
2734
-3890
-8080
4787
137
-7748
-5670
7404
-9448
-961
9835
-4437
-7764
-6237
-9171
-4447
4781
353
-149
-9981
-1929
1752
2462
-9639
-88
4597
8110
3722
-2369
190
-4015
6904
2907
-7240
847
2521
-3104
1620
-6619
-3763
-6642
7114
-6845
-6030
-1953
4778
6561
8290
-5683
-4776
-1625
-5277
437
2028
-6627
1923
4803
1184
2168
-819
1029
-342
-5182
5596
7470
5533
-8647
7985
5961
-828
5837
-668
5008
-5269
574
-5885
-781
-6885
4705
7657
7259
-4485
-2934
-7283
1877
-4515
-7222
5950
-4079
-9061
9974
-7191
-6876
4702
-4372
-4589
-9311
9022
5506
-7901
8051
-6977
1391
8873
8098
-1568
-2843
6853
-9799
957
8861
-6939
9279
9134
-7638
-4035
-8069
-4229
-8740
-2585
-5837
-5176
1541
-2066
1315
9222
-13
-4282
-969
6986
7063
126
115
-7832
833
-4440
9048
-3844
8543
5356
-8890
3384
1165
7001
-632
-4120
-2674
5602
1971
4763
-5697
9857
-1321
-8399
9241
5316
-5511
7588
8019
1298
-3717
-8049
9222
-3394
-3823
-4260
-6412
-7847
7971
4646
2251
-6072
-3988
-5601
-2201
9397
-5724
7709
-3928
-8794
5106
-2310
-905
9787
-1631
8603
6860
-1056
4291
636
-3930
2718
9158
-8640
-5094
-4692
2769
-1203
-1352
-8010
2665
326
6367
-4268
-7665
-8149
7823
-5405
621
3286
833
5148
-2179
3093
-844
-4391
-3724
366
-1111
-2322
-9570
1455
1332
-9190
5264
-7740
-4375
295
-2417
-2503
9438
-9159
-4568
-8195
420
5055
-6018
-1974
478
-8796
-5174
-3859
5996
3875
-2365
-1791
-8567
7329
3950
-2615
3421
-5478
-7420
-4183
8442
-8908
-2781
4101
2832
6396
-5999
-9287
-513
-1995
-5823
-1311
3799
-4548
2917
-9681
1389
-3830
8070
2806
-3776
-1616
-204
-6702
2628
7035
2828
5556
-5872
-1249
-7953
8113
8902
-3335
-3773
2765
9273
5036
6261
-7589
-8265
-587
7846
7991
-3937
-7559
7329
-3830
6022
8578
-9439
-6405
8603
-8328
9957
-81
-7594
9610
-4294
-1173
6745
-1553
8689
4724
-9407
-6218
-2322
-1479
-5865
9512
-2419
6316
-5468
-1524
1765
-628
6440
-9225
7947
1172
1828
9188
-7993
-3027
8976
2700
-4309
-5836
7134
1500
-3237
7777
-6324
3234
-9568
-5568
3246
-5474
-1057
-3405
-1794
-121
-2844
-34
-9988
-2446
1473
-6253
6659
4800
7054
6965
-3692
8335
1656
-1604
-3425
-8592
-3062
-5112
7666
-4361
5726
-980
51
1495
642
-2481
-2945
2185
3425
7444
-2593
1495
-7959
-2130
5919
5711
-6183
5187
-1483
-5245
-261
-3472
-3423
-3304
4496
-1441
5542
-4055
-7343
5745
2028
-5803
9348
-6800
-739
3597
-7164
-7772
2565
9405
-3020
9573
3175
-8024
7672
2940
-8443
9967
-6383
-3796
-781
-2392
-825
-7771
-5028
-7120
-6038
-8553
754
5400
-5296
-5026
9092
7561
4085
-643
-1157
-3184
111
-7544
9607
9091
-6699
-6446
4081
4418
-8277
-139
8375
-4269
-9574
-9724
7137
8128
4432
4188
-8226
-3087
992
-774
-9748
1891
-2047
1757
-9622
1243
5997
2599
8199
6123
-2476
-2901
-3838
-4905
-5484
-4366
-5559
-6597
-4661
-2080
2093
4845
799
2342
2408
4560
4868
8432
-7509
9053
-3243
-1647
-7884
-2097
-5007
-2306
-7633
4495
7861
-3694
5642
-1742
8076
5216
7457
-1338
-7589
4025
4123
194
9133
4640
9226
-8356
3676
-4837
5206
-7001
-7083
9608
-9091
164
-2621
2323
822
8904
-1789
422
2994
-7187
3195
-9389
-9906
8641
-1486
-5955
-3246
3247
-6866
9175
-1779
-7919
5113
1589
-3378
2181
1137
7614
-8411
-9371
4867
-9176
3841
-1240
-6350
-1313
7987
-7245
872
-6293
-4107
6262
-2430
2688
8876
-2623
-9722
-3011
-1114
6383
5496
-4861
6317
6598
4670
2354
1337
-5716
-6359
3431
-7185
-3581
4376
-836
-2569
4154
2934
-2947
2596
-7380
2855
2671
2585
4633
9814
8910
5050
-9049
-2569
7611
8581
-5683
-1371
586
-6632
1384
4099
-7196
3071
878
-7653
-8201
3683
579
-6098
1581
4905
4766
8908
8150
5527
-4476
-1964
4070
-7107
7103
6139
1719
-8199
1566
-3104
9268
8662
-2188
-8432
9735
2685
-2474
405
-9298
8901
2679
-8658
8256
2907
7038
3023
-6669
-966
-3441
3284
-8553
-1813
-5594
-2247
195
-8171
2639
7013
2561
598
-4804
-3078
-921
-8625
6708
-4919
4230
6508
-245
-2558
-6830
-9779
4167
2737
-3712
-499
-7897
-3519
8178
-4117
1282
-4485
7765
7865
-8697
7558
-9337
-9813
-423
1132
5396
-122
-5970
-7589
-5108
-4455
8396
-61
-3801
94
1840
-4645
9238
-5206
7480
6134
-8164
-8603
1601
4486
7179
1802
1762
-3991
762
-3984
-7160
8559
-3576
-2490
109
-4793
-9538
3969
-639
3968
-9205
8241
4830
-2746
2461
5880
-5574
-2710
464
2763
-7564
-5001
-5723
-4269
4372
9981
3117
6177
8515
-1427
-5390
6075
3879
-5368
1884
-5532
5325
-6359
-8591
-1502
430
-1780
-7133
-504
-6297
-6330
5722
-3875
-4886
-9072
-5087
8993
-5586
-2533
3364
8434
-1438
-1761
-7696
-8444
-5154
7924
6160
-8592
-3592
-5523
-8252
1720
8002
8184
7204
7597
-2413
3265
-5228
-1655
-8977
-6758
8062
2102
9653
7353
9321
-4960
50
-5760
-522
9932
-8880
8988
-9355
3710
3117
-5133
-3316
-8814
2162
1076
310
8446
1787
501
-7044
-2543
-5446
5267
-6388
7891
-7938
8301
5767
2139
-1583
8944
-6647
1774
499
-781
-4250
8539
1835
-5993
5551
-6272
2636
-9125
6019
6513
-7942
71
-9855
-5635
3677
-2624
3835
-4087
-9289
9033
5694
-3809
-9233
-8759
8130
-9487
4933
6093
7453
-5386
-8882
8906
-6590
4268
3420
-268
6514
2559
9904
7645
-4778
1772
2158
-3026
8447
-5844
4491
-3825
9915
-8666
-596
-9088
-6046
-2925
-8068
6725
-2654
2008
7290
-5773
8774
-2132
6032
-2814
9128
7638
5904
1291
8352
6185
-5129
-9786
223
144
6474
-8071
1661
1422
9658
-5618
-1935
-9485
3787
7088
9507
-4328
-6700
2094
915
648
-8453
-8709
-9419
-6893
4800
7509
-5915
-9712
57
7298
2077
-2115
9470
9087
2346
-9640
-864
-931
7660
-5254
2304
3394
-9782
-7287
4075
5873
-6409
-4577
-8208
6618
-339
3706
7647
9733
-1802
-7575
-6231
-781
1946
-1148
-6233
1601
4026
-6581
5165
6380
-7030
4630
-8158
1932
3321
-8054
-435
991
-5042
-5684
-446
906
2029
-1947
-3277
8986
5287
-4222
-3509
349
-7021
7018
-6046
8051
9037
-1720
-6924
-6963
-1849
-9080
4161
9359
-5294
-9147
999
7840
4059
-4974
-294
2235
836
9683
-733
2602
-9805
5181
1628
-4811
4806
3787
-3885
4904
4063
5227
816
1183
-8334
6667
-3761
7846
-5998
-9346
7946
-2219
5587
-7152
-7224
-1865
-7103
-5210
-293
-5301
-5462
8191
1610
-6406
-2399
-9837
-8460
4300
6205
-658
-750
643
2452
-5821
4773
442
-4438
8087
3769
-6916
9022
-4839
-8611
4673
-212
-6409
-2318
-5310
7291
8933
-7942
3622
-7908
4766
8414
5007
4400
-8758
-2723
-3386
-6284
-1044
-1218
7952
-8562
8072
6406
5799
-8612
-2912
7240
-3335
-7499
-1931
2307
2184
8066
-4845
-2239
-487
-1562
-5835
-2139
1413
826
-2165
-6471
2649
7681
6723
-109
-789
1414
8831
9860
1193
-591
3154
-7512
-9788
7803
6807
-5815
-1341
-651
-7123
9689
-7713
6724
-4269
-5530
-6766
-6205
-8396
-6471
-7260
8664
956
-8249
2518
-4959
-2957
-6813
1135
5114
-9431
-2616
-135
-8042
-6659
3826
-65
2151
8884
178
-3667
5587
-642
5981
8265
8841
-5060
6230
3940
-2082
-2134
2048
3906
6738
-1009
2138
7601
3897
2879
-9265
546
-1788
8095
8529
-2678
385
-7372
-4632
-4784
-5698
8185
8575
3214
-9046
-7291
9156
1218
-7396
1832
7006
695
-6080
-1899
-7557
-3341
-388
9229
-5398
-5831
9653
-778
-8867
3967
-8442
-9551
-9142
3946
9639
4011
-6149
7655
-1828
-1946
8832
-3734
-8460
7260
-6424
-73
-5142
-155
5641
5876
-8557
9907
9324
-2617
3059
7226
-3429
-903
-9208
2211
1849
571
3036
3832
-4819
-6248
-2849
733
7526
-7706
-9206
4663
7967
8372
-6004
-8193
8851
-1205
-9716
-5629
574
-2075
-4703
-4474
-758
7951
-7734
344
5735
-3077
-8728
694
-7033
5671
5433
2565
-7201
2506
7808
5377
5267
-852
1796
6184
1024
9201
5508
4915
-9490
-6555
7246
-2689
-7271
-4267
6571
-1221
-6952
3598
-2442
-8201
5876
6415
-2598
568
-2202
-6367
9702
-7698
3252
-5027
3084
4463
7298
2430
9009
6691
8644
-6003
-6183
2125
-1333
-7236
3470
-8583
7722
2107
-4258
-963
-1125
9384
7787
858
-5702
6862
-5367
-6252
-4951
-8822
-4894
-5366
-1022
3691
382
9220
-3065
6449
260
2068
-6291
-7864
5780
-5632
-5883
-1103
-7197
-5619
-3589
-2519
7940
-4267
8809
9376
-7348
8066
-4757
3832
-4099
-5749
-2201
5974
-5262
1568
-4866
-8780
9409
9009
4124
8899
4043
643
-515
-4603
4849
6813
8270
627
-2674
5710
4752
3895
-2122
-1900
1604
-5401
9637
-6459
-591
-6716
-1404
4620
6749
-1360
2245
8221
1817
-4703
1801
5409
3953
1058
-2069
-4126
-4748
8475
-4525
-7887
-6713
-5362
5187
4671
7668
-9063
2322
-5456
4717
653
4464
5911
625
-4769
-4073
-1898
-3632
-7458
-3130
-7482
7301
5945
3051
-4244
4262
-3286
82
-9138
-2199
-655
-5209
3639
8903
6126
-856
-415
3735
5996
5060
1130
-1646
-7136
-1094
7641
1494
-5877
2519
-6193
7645
4301
-2004
-9579
6403
8629
1151
519
5392
-4681
-1475
588
9049
451
5916
516
3826
-2825
-576
2495
5184
900
-348
-7297
1499
963
9059
-6561
-9263
3250
-8248
2179
-2974
-1983
6823
-4743
2828
4712
-45
-5634
9047
4999
-2223
380
-7719
-1666
9776
-4407
-6224
-2813
6179
6742
8863
-5591
-1254
-9733
-8515
4072
8496
5066
-5138
1491
7071
6174
356
-114
-2467
-1773
-6323
1049
3573
830
-809
-8579
6064
-5123
-1254
2668
4181
9116
-6057
7001
-4021
6896
5287
7871
9758
-3276
-8746
-5874
-9855
-3291
-9642
-5913
8104
9891
-7051
2336
9687
7284
5188
5459
-5660
-6222
-7951
3629
-8478
-6863
-6921
3635
-7103
-5589
-188
7957
-7839
4401
5710
-47
-2674
352
4330
-7923
-6994
7766
7327
-5695
2163
1
-844
-2700
-9609
-1211
-9359
-3087
4337
-9050
4005
8606
-4234
-1222
-5383
8803
4898
255
7950
1511
9386
-7037
-9588
74
6119
-7940
3410
-5835
-9156
-4896
-699
3558
-6854
-5271
616
4519
8836
7271
7874
-1163
-5021
8542
84
-82
2463
6030
493
-288
-7733
-5959
2336
-252
3508
-7735
8957
