642
468
-944
425
-558
-589
320
-896
-845
-535
868
67
-817
-484
546
-196
-364
388
461
442
-561
-314
412
728
-532
-548
-70
-3
-685
-547
-963
-343
-631
404
712
-752
-542
827
980
996
5
-709
216
-468
-726
262
213
963
-374
-770
872
424
846
-691
-545
806
720
496
-147
-310
907
-386
-673
-697
-973
-278
500
-496
-617
847
929
-665
-210
-191
-384
-756
132
622
159
-695
-959
-978
-585
164
90
487
-174
824
-448
-902
13
521
-855
655
893
633
997
-840
213
60
910
252
945
-121
30
628
717
-483
-222
-37
-13
293
-431
484
298
-354
450
694
-446
116
618
-852
-410
987
316
-555
508
-578
-567
-902
33
-426
-40
672
16
635
-695
401
336
452
-489
-537
-373
445
88
-630
-256
123
233
75
-348
691
-254
-743
108
371
-639
-556
806
819
858
-814
-965
122
357
-920
217
926
-354
-945
-884
-584
-169
425
-921
-831
-747
-255
-716
-904
-330
530
15
-353
208
-577
-990
-724
-691
237
755
-213
871
-203
-3
-230
-285
-29
-608
-46
-115
152
232
-574
-141
-165
841
317
-306
-815
71
-159
257
299
234
-504
-282
530
611
848
-65
191
-447
990
389
162
915
-656
327
-500
657
-195
373
-27
-223
-149
-76
77
-693
-739
-500
549
379
706
696
-55
230
911
-590
916
824
-427
-62
101
-523
525
292
774
-252
598
-324
746
982
718
-719
664
-520
92
102
-87
596
33
-146
5
-98
607
870
721
-22
150
-472
-169
404
30
-234
942
752
-454
-689
-388
-311
411
-226
-121
-636
974
-92
-273
-64
-917
840
44
901
-434
970
-242
84
-499
-418
696
-582
-753
-86
-303
-293
372
445
-52
450
-59
298
755
-982
-11
-101
481
396
859
-433
364
-31
-449
-328
-898
-144
233
15
-716
-507
-131
-843
-787
698
758
-725
252
-289
626
-186
-164
978
9
-498
-122
703
-566
-986
406
988
905
-32
-31
-916
-15
883
855
799
-196
-72
-39
936
-83
-605
394
-589
689
-292
-98
881
-682
32
437
648
-443
485
197
-628
36
-955
-139
-960
-157
-17
753
-841
-514
309
-626
289
787
286
402
-590
178
-911
901
407
-391
-296
619
-317
780
-358
904
469
683
278
954
-770
363
-424
-288
236
119
565
322
371
-88
439
622
-150
-324
836
-879
457
-185
395
-51
-554
662
-680
-599
833
190
667
-593
-402
-90
-344
328
485
-175
-485
-588
-809
-246
654
279
-614
368
-509
707
547
-228
350
254
-788
-920
-14
166
-573
-142
-937
-974
-146
440
165
-877
-758
282
320
286
-3
134
794
-477
-792
890
801
-935
-766
723
-793
-110
707
101
812
-632
-591
-692
162
-624
-901
727
-271
-905
-54
53
226
420
97
-839
-87
-264
-784
31
887
-578
867
-654
318
685
26
-684
-8
579
276
-354
817
-791
-36
-539
740
-367
332
-710
345
962
-792
903
963
358
-31
-517
935
314
262
361
315
-221
-189
-996
723
-494
-800
-957
363
558
-799
792
250
-813
178
-868
476
-107
199
-906
-59
614
-61
958
128
-358
452
410
-864
-1000
-479
163
-35
969
-104
-321
-142
638
-272
-672
-656
710
-241
-809
-861
514
-249
-817
210
-319
155
-489
169
-833
581
-690
-500
753
943
-186
-600
225
332
565
420
940
-391
681
-218
730
460
-665
-343
-950
560
609
767
446
25
-65
968
299
-32
-754
41
-196
72
888
-527
929
-927
-533
924
-352
-377
38
796
479
-978
-280
690
-158
10
-946
-703
414
758
-511
577
-249
-205
-817
-761
-659
838
-944
-874
768
227
-614
-431
351
-501
174
-798
-760
-230
283
14
547
983
696
191
-642
903
847
835
-774
174
388
627
511
959
-795
-579
161
-946
469
-648
42
923
940
-547
13
-571
454
933
-692
-455
-34
1
989
423
-476
909
-286
-100
-674
410
-956
-750
-947
362
-900
229
-450
-269
-910
-824
-335
297
949
745
588
-934
538
542
90
388
923
-765
634
702
58
-853
-988
-51
-913
-23
174
602
824
-528
98
697
-552
-228
944
-275
-672
673
-150
-967
-739
44
609
72
-785
968
-921
-571
-47
835
-377
863
-622
-858
-526
577
-342
-809
-795
-946
-391
-844
-635
-513
477
369
-203
-552
-882
274
266
-306
-68
-321
861
302
875
-877
-355
178
787
-976
929
456
854
-880
-946
-471
989
78
-633
64
-113
-953
-311
750
884
417
101
681
-172
-300
-321
-682
-638
-581
-72
-309
738
-135
-926
-246
617
-903
689
-816
954
-674
-509
785
-572
685
-990
69
-895
-643
465
228
816
162
826
-774
-270
709
216
-656
398
-628
-75
-147
809
187
716
139
-22
488
72
395
-129
-586
-82
-758
-681
867
-978
-682
294
-420
810
-52
951
-967
-58
905
524
-543
990
-795
-813
936
940
16
610
-348
395
744
-389
-210
955
541
751
529
709
2
-577
810
-597
-918
767
-67
329
78
229
-569
-243
-55
209
-109
-715
904
-377
-58
789
805
-543
543
10
-164
-72
-530
898
51
-706
-659
54
-850
752
-840
-996
-531
869
-208
-356
923
266
-210
330
-471
402
982
111
104
540
-22
257
572
-77
-134
797
-889
298
235
269
-676
690
207
772
219
-163
-244
-724
-979
672
121
180
-750
-602
-649
446
303
-966
-365
-74
-536
-298
850
-25
958
-492
737
969
-396
251
29
-477
918
322
-919
774
-186
709
-904
-247
158
869
377
80
164
-391
-645
48
606
886
-610
298
-397
-427
421
459
-657
-661
438
791
940
-872
-917
-938
-791
-830
80
134
-851
70
548
-797
-832
962
-132
-899
-204
233
-709
322
875
210
-588
-943
-653
10
-920
227
133
649
174
333
-39
147
656
-618
492
186
-20
997
439
-596
-236
-410
-571
42
-540
915
416
-533
-332
456
-250
678
868
794
-981
-422
-289
433
-161
175
-140
-735
740
895
599
195
154
18
699
645
-652
-24
224
373
-863
-698
-361
580
-972
12
-985
-540
109
-715
987
917
-505
405
389
-895
-270
328
-859
-500
-55
213
-62
481
329
-408
-485
153
-835
-304
407
392
-372
-394
635
-12
-468
-272
-67
-495
572
-616
375
-368
-225
-819
807
-241
21
-780
-181
-38
-831
449
-700
517
110
713
-787
255
-817
-693
-678
-926
117
-241
-652
-291
84
-56
-761
639
-572
-915
-516
59
594
-878
250
677
-121
778
654
-995
-108
852
396
571
869
-884
694
245
-460
209
-32
-98
354
-7
196
-285
150
529
-851
-749
-761
-362
744
323
507
931
929
280
887
888
415
113
-614
-109
229
-181
-757
-644
37
109
-215
198
161
-530
-976
-682
536
902
489
-626
-702
835
-316
-36
-935
-854
347
-118
-705
200
-565
769
-409
-594
760
927
212
-572
415
-256
892
-597
-919
583
-693
-394
244
-148
-286
595
-478
302
-811
-271
848
318
-194
196
-151
517
-597
689
-423
-778
-971
912
-503
501
-598
-559
-984
484
753
-317
-263
-20
652
109
803
27
990
342
-744
97
-441
-519
25
-82
-866
-706
-383
-116
376
-352
910
14
-508
-875
-127
504
69
493
878
824
-391
74
-315
816
187
136
945
-669
424
791
665
-365
-599
611
-605
77
575
198
-529
-784
730
333
-115
940
142
-526
167
601
-351
-154
-716
359
751
-741
-80
-641
791
290
493
166
-793
-327
-16
-119
119
37
503
388
772
-784
207
-398
-353
-833
130
-697
-954
532
779
88
-638
-522
-263
-413
554
977
69
856
-435
-855
1
-45
495
-252
-864
-144
941
-82
-739
947
-699
458
702
-72
-398
-218
-827
324
-946
-684
-710
-49
470
-625
-741
388
-700
47
-743
-672
-183
-192
171
4
404
359
466
-718
-918
-735
733
586
955
728
-9
556
721
809
-740
96
-763
-578
-971
346
257
534
750
-392
303
-933
265
268
-19
-150
-42
857
-620
-387
-666
-300
242
154
107
-613
-538
440
-18
673
-38
-89
707
317
89
-180
162
-916
870
-358
436
204
-717
631
-723
833
93
-782
-402
-760
-693
790
-645
-733
409
85
338
-353
485
387
-931
-819
-22
494
-376
349
-658
-811
-887
-489
12
-250
-998
341
957
-285
-960
-783
-534
580
-474
-39
739
431
-330
92
-895
227
-13
-961
-482
442
-568
501
339
159
-685
591
905
-895
-69
583
356
-408
-284
701
966
491
795
-509
-842
-864
-671
722
-631
546
-200
-87
-825
531
333
-623
677
-581
-258
-157
491
-908
760
-974
400
-943
723
-750
146
738
48
-500
-271
77
-221
-769
360
505
-250
455
-263
113
-512
384
476
211
736
610
-414
-640
-360
-495
-933
720
772
-962
-545
-469
-157
697
-1
693
-594
819
989
-570
858
218
-132
741
819
526
938
-514
969
-81
-823
855
318
908
422
-958
-767
-901
302
-694
-799
-458
789
469
611
-303
155
988
-504
-586
382
-867
43
-575
-10
-586
-51
56
953
566
261
-960
364
-78
-972
-301
704
445
331
728
-562
-72
450
-564
-109
75
-673
-948
-654
-229
-440
-941
-967
-720
150
-204
227
-634
189
977
448
-176
460
-781
332
951
-647
768
-651
-847
-553
-558
815
321
-957
-156
458
763
-379
-179
-799
141
-166
-698
514
-695
540
-124
310
-89
291
762
-131
-580
865
-945
-184
-67
543
-862
508
551
6
-200
735
-528
922
-598
-197
-593
31
740
-185
334
-360
-915
-959
-604
-359
-204
41
474
176
740
-97
866
-213
95
-802
-427
-689
999
-187
885
-182
512
21
775
-731
-168
889
-192
537
-2
-724
611
461
334
-389
-709
-555
-87
-152
171
-210
554
736
50
218
798
668
725
228
322
-792
-724
-171
-451
624
613
-922
932
341
-378
-894
442
-560
817
900
-308
413
-863
245
-339
12
-113
-435
691
-42
-394
933
-714
804
107
-684
-497
175
447
-593
54
625
360
-651
-271
353
86
100
-132
-425
-934
-188
-392
705
496
454
-530
-248
-386
630
-640
669
543
-497
738
-333
-615
-1
-508
401
-997
-901
746
924
599
-426
-295
197
-548
-407
162
-415
264
-916
399
991
364
-209
-731
223
308
-774
599
-634
-398
-884
9
362
-770
-310
135
444
573
-198
-483
-448
641
213
-687
-408
-583
766
461
76
-437
-886
552
-958
646
-812
-657
-419
840
-578
-565
555
-803
543
649
-632
-98
864
473
647
-527
-754
-193
59
-257
973
911
-162
-223
-99
-14
913
-732
555
-900
790
-923
-302
-197
-366
-862
-433
28
92
48
185
-833
-657
880
-377
-553
-764
937
-810
-460
-840
511
-771
233
611
-682
486
230
915
180
-709
-719
-923
802
-31
709
-384
142
-555
-129
846
503
-421
-964
-386
796
-456
899
80
-766
-96
-476
-880
-678
-443
-847
-432
128
-522
864
253
389
-638
-13
-572
-191
564
479
337
326
-957
781
247
-609
270
371
-944
134
-73
-469
630
-766
-481
-153
666
186
955
463
280
-291
164
-30
928
-605
573
76
400
707
-436
-883
-993
606
-240
-590
-344
-196
447
180
-875
-342
-902
-246
-7
350
206
-193
922
-507
406
-57
-307
-618
-374
-134
143
-702
576
-301
-77
233
-598
-496
-45
-66
674
856
982
-696
-69
-849
-747
94
175
587
426
-402
451
715
-895
-259
-237
475
569
-504
161
214
-923
509
97
-337
134
-377
-803
-316
771
-907
-125
331
955
-442
-747
-517
-747
-359
-765
-476
731
209
-899
248
395
431
741
587
303
-43
-757
-816
-398
-660
-634
-914
-75
213
-692
749
-712
286
66
284
436
967
859
511
-624
-886
-264
-112
985
412
-982
-488
-171
914
652
708
841
-959
-965
695
708
-391
-605
-93
-203
720
-273
754
757
340
-263
-69
904
-847
66
-553
375
483
173
19
770
809
-560
698
-189
621
-126
-758
-975
-977
352
668
-622
326
882
203
290
-921
-558
-601
-937
769
-312
-705
-415
674
-10
810
156
-397
-665
-971
-287
363
486
615
-847
-346
-116
-151
-98
-443
224
-179
108
-557
538
-324
-817
503
-465
-171
-605
-899
-318
141
-813
727
-100
-790
-180
181
-478
-202
-647
-292
745
-567
303
950
500
238
125
421
-755
-834
503
-597
-185
-457
288
915
586
-328
403
-731
-554
-789
922
-793
771
214
395
349
388
-760
203
185
676
-969
320
-137
134
343
-212
-634
189
-773
-473
463
878
830
42
-164
379
-180
-237
55
-251
-881
-838
768
193
-861
170
692
738
154
163
908
714
686
-518
-539
608
736
980
-226
771
323
948
526
883
-608
405
-135
-747
-736
-888
-111
108
-919
-565
902
22
-84
875
-925
744
577
-698
-316
509
-822
-686
-8
-771
76
387
-199
34
-866
-1000
-533
-931
380
-406
94
995
882
-314
824
-179
-691
-773
888
485
-495
-675
-567
-510
114
28
104
-697
994
66
-244
267
187
-972
105
-309
-114
122
312
-997
-169
-710
-776
-829
-240
-209
-123
-990
576
813
904
-706
311
279
-340
-233
-102
-688
-907
609
826
-514
742
-205
62
781
-493
565
-820
885
-542
-548
-179
632
146
3
172
-874
924
370
556
-406
-628
-590
-980
876
-337
-287
785
-609
540
237
-454
-842
-131
912
513
-825
560
863
195
-907
692
524
-333
-967
-795
155
472
-419
418
-32
894
336
617
-545
-698
-908
-151
-59
-71
-761
900
440
-924
-67
-162
-747
-534
524
977
86
-709
287
-665
-841
164
795
957
-803
57
-33
-860
562
-355
393
-228
-238
75
-151
-307
128
146
182
724
95
516
-151
801
-589
599
78
-894
423
-535
375
-537
271
753
-248
440
-492
-783
-698
186
-928
277
-285
-818
358
-512
774
-911
446
438
-498
936
552
-1000
90
-371
350
-441
-242
-325
499
529
-700
-139
13
-906
-461
-354
518
523
130
-344
-874
989
878
-140
-203
-734
-85
138
477
418
-483
-768
-316
-197
915
-329
960
-418
46
60
-553
388
407
-126
950
250
792
293
325
535
-267
-749
-485
-867
999
-289
-629
-890
-724
-108
931
305
283
229
190
-671
3
-461
894
910
-533
898
-139
-855
-871
-805
108
-619
460
-733
-882
51
-52
314
180
-594
-692
411
-882
-654
-45
-907
187
559
788
-659
771
255
-972
405
133
-507
-498
459
-399
726
-729
59
-364
43
-690
-791
931
292
901
798
822
897
-527
-760
-761
-8
-52
-864
-344
-559
-720
-40
914
-436
245
255
-606
937
-424
-194
414
974
-1
-818
676
-613
652
630
-721
549
-5
-586
-852
756
627
916
-161
-436
-210
155
-35
-739
308
549
247
618
420
-866
-880
-835
645
33
830
700
-793
621
-296
-748
-292
19
-162
983
394
-689
383
-893
-245
947
-609
-346
-297
-20
-725
-455
620
-280
455
-200
-215
669
26
729
13
600
236
584
-65
666
730
-73
-873
428
-894
845
257
-416
457
-900
-692
-566
811
-67
46
263
-190
-49
-606
717
-301
719
821
772
651
95
-734
-852
625
728
-445
805
818
842
-585
-91
62
855
794
-564
-520
-904
719
403
341
737
858
169
-955
419
-538
768
-970
270
-5
-571
-356
-341
989
-138
-727
521
-684
233
267
255
-506
143
-469
-665
678
-42
-797
353
-921
-363
-472
-719
504
592
-86
-461
-413
-699
877
-372
-334
-229
-198
444
412
-134
-458
-944
568
-852
614
739
-892
-286
-243
-385
433
-549
-145
-445
-678
-176
-4
-60
-124
981
734
-458
101
-793
81
108
220
-206
584
-672
951
532
685
48
558
-177
-220
877
967
-706
-216
-483
-23
84
506
-299
-352
599
-533
-236
-2
272
-847
-29
256
-212
64
855
857
-583
-810
202
757
516
645
-712
-877
575
-327
-532
-562
-690
110
-319
419
228
-166
241
306
88
-866
-810
545
-654
465
882
-120
-429
479
926
-426
404
70
-152
668
-51
821
-469
830
-607
-271
-964
327
14
53
-662
250
-392
745
-810
580
542
161
-863
-16
-562
-808
-666
-481
939
-353
387
141
52
483
-282
-337
467
854
-146
313
335
-226
-585
-92
71
634
335
317
-335
114
-317
-578
-736
981
-763
374
274
577
-96
140
399
-415
-329
296
604
7
-215
351
229
-621
-933
-138
466
699
243
511
103
-427
-827
256
201
-624
-544
-324
658
378
757
863
-200
288
19
122
-110
-670
985
-209
337
408
-29
-293
430
-934
440
296
-856
126
668
-170
51
237
-503
912
94
-648
-763
425
-567
878
588
-305
80
935
364
-156
833
574
195
-978
588
-168
-123
213
829
571
231
-614
-120
-945
285
-329
889
200
-78
589
-75
-171
-157
22
303
550
-993
667
-805
207
569
275
-533
-846
-345
704
-65
43
-957
-678
-209
-910
262
-296
713
248
-844
804
571
-263
-857
74
-42
-876
-174
-175
401
370
729
-296
426
-802
-417
-64
796
-929
-112
209
688
-353
-806
933
-473
-522
55
-825
-734
971
670
-637
54
-38
-713
151
-270
-846
901
-775
-50
681
-50
159
-481
923
-120
584
912
-846
-417
-326
448
203
-219
159
-535
869
-500
630
-679
-590
-343
913
-626
-31
-853
829
757
230
-289
817
-950
-679
-412
425
284
773
-332
-865
885
107
392
-775
-660
-816
-448
-887
-185
-364
-728
416
844
-471
742
703
-846
-978
73
300
-854
-869
-365
304
-361
333
-393
-723
902
126
-731
506
402
655
99
-490
851
300
-54
23
588
-288
-127
863
-525
-108
-106
-360
780
106
107
-109
480
-5
-37
-597
672
942
-183
108
-813
200
-778
-328
474
438
-187
572
-267
-474
405
242
431
-498
814
-697
-9
514
715
718
-595
606
-973
-405
499
-470
-928
255
505
610
224
-756
147
-727
28
-438
207
-310
285
-228
171
966
-96
237
-262
16
-741
-243
483
-307
-88
-584
-3
883
-968
-43
-558
-691
-553
808
584
-997
899
606
752
441
-30
-294
261
539
-731
-458
-368
353
716
-706
-947
570
582
905
-193
-654
-460
561
653
-568
-230
600
-881
-67
254
-585
-272
-203
350
-939
751
732
-953
-16
-326
-864
-284
547
705
197
514
-258
297
-472
675
-932
292
134
-594
-11
991
404
-53
565
949
-999
273
445
-690
118
-189
-296
-251
-839
264
529
320
915
399
890
897
-757
-193
359
40
-295
-466
-248
-498
288
392
550
-619
744
-839
-730
-657
1
581
-391
-460
-224
-997
6
-537
674
55
143
-539
-674
519
-467
-86
-850
72
-578
549
597
-787
275
731
63
-848
685
-742
928
-657
-718
-270
-142
-321
-482
-235
-455
36
-65
260
-131
215
463
422
333
-236
742
555
222
201
283
723
-406
-836
993
59
-632
-312
-54
158
32
-812
312
365
-909
733
-360
143
317
-425
-354
-124
867
771
-3
580
967
-968
-580
-145
-307
-516
785
996
268
340
-561
765
892
-45
961
222
180
-503
656
941
-156
-598
-882
-424
-404
-498
65
869
-581
875
-563
969
647
759
-581
229
38
180
320
-444
113
-633
-71
-661
457
615
612
-186
-380
-705
525
-368
-956
204
-67
242
16
487
-743
-908
30
-322
222
-534
-726
-687
628
363
-125
-860
-859
395
657
-705
980
19
932
621
836
-514
652
588
-847
-252
676
348
-690
-381
-771
480
886
537
569
178
-456
222
-576
-969
-57
-133
-581
-748
487
375
-324
-76
68
387
673
-954
-295
101
393
749
613
164
63
-117
-488
-187
631
217
-647
281
-187
-959
608
220
-852
848
15
-510
-743
254
-667
-767
-664
-920
-448
-115
423
-457
105
215
-956
800
-504
63
408
956
-464
-929
143
-657
388
-804
-37
507
-756
-312
-742
-36
554
-536
747
-184
3
-952
958
-136
-424
-959
878
529
-705
-645
922
658
-186
-547
808
-875
-827
562
-578
-15
450
-360
-821
667
-252
901
629
667
-40
888
-848
175
202
-452
-800
80
297
-878
673
-998
541
760
806
713
-653
-155
173
362
-781
839
-853
-981
-492
576
719
-303
231
722
-696
596
45
708
804
905
-966
162
-840
-973
-970
-796
-833
-476
-374
-498
57
462
-500
-814
386
-16
551
-504
394
-807
808
446
35
-965
-169
870
449
-806
-483
-211
126
-118
-985
404
666
-710
-11
187
506
-333
435
-180
485
-315
-492
282
989
543
-688
-315
144
-832
4
938
26
-341
-835
751
-695
-177
969
70
-855
332
134
-5
-281
-250
861
-950
600
155
-451
546
-7
31
-868
669
784
-510
593
130
-487
869
802
-811
-624
745
-836
-279
-594
62
-29
-466
-327
-53
733
540
-221
-738
140
-626
583
470
827
-620
820
870
-465
122
493
-48
201
726
7
-180
-775
894
-380
-317
150
880
-28
-789
-209
-54
533
337
404
202
-816
-388
-988
-900
-363
701
-341
-712
-370
261
-572
-183
-589
-397
376
989
291
516
-227
441
33
894
-868
574
-910
8
285
397
344
328
-885
807
-462
-892
290
476
15
911
-319
-755
240
-903
812
-270
-666
-51
914
182
-726
-579
427
869
-796
739
927
-611
-617
-58
-111
-911
-424
763
-332
607
-672
231
-650
822
169
501
-365
-314
390
497
903
925
-139
-391
660
-311
729
862
905
-180
516
870
-362
-334
-460
-507
403
-483
448
500
-659
-539
-639
446
182
-432
-732
-530
-978
-197
188
-939
-118
680
-465
-632
-527
-612
559
-817
-720
626
-673
622
-398
-704
-235
-295
837
-990
-269
859
-531
1000
52
929
-169
83
-520
892
-909
656
-483
-910
820
427
-971
-78
327
-241
131
-186
422
121
555
27
-975
926
-488
-751
-200
669
-908
332
-313
-203
335
41
-202
-638
-955
-907
518
0
242
-359
459
-122
-370
-249
-818
553
-704
-494
535
-253
462
262
-649
925
283
812
340
-48
-132
-704
-61
-961
842
-857
-272
-889
85
-210
-11
462
-43
236
852
-214
-756
257
101
-46
52
-119
722
-124
-580
878
360
88
329
-367
-231
999
-323
-5
47
728
-660
-635
-643
208
125
-906
-525
376
682
284
973
-854
-375
179
-156
163
-547
-15
702
-146
200
838
613
97
-149
-447
130
-8
631
489
12
412
-236
880
467
572
433
-97
-72
-875
-398
-500
-142
100
-158
41
289
-489
-395
-237
119
-245
460
760
-742
-654
-894
998
-831
-237
25
-642
-959
-180
-210
407
-921
-966
953
-271
-482
-91
-331
-13
179
-965
-208
614
-835
451
-687
-68
-816
125
406
-493
898
308
-389
-405
673
143
-197
-597
28
156
-143
917
-288
402
-671
59
647
59
-296
-518
-227
-879
666
-986
-319
469
730
643
733
615
-601
-318
-50
-375
247
788
-886
983
-295
71
-754
-495
-894
494
479
670
760
-313
-605
-504
-244
-586
-840
210
549
766
930
-367
-20
-114
-273
641
-451
-802
937
-121
138
-874
-19
-949
816
-469
-197
-738
-165
-60
-666
-861
735
966
-580
176
772
-375
-40
891
179
990
488
-492
32
537
-904
869
127
208
-961
263
-58
329
-510
840
307
486
334
-856
140
-810
908
753
137
-822
-116
81
236
-81
-927
-817
222
760
-763
747
-708
-31
-657
138
978
-792
-527
-401
-638
-793
-701
-501
162
-470
-97
-121
-409
-726
-728
0
843
54
-335
-341
629
868
-799
767
-837
-201
-856
-317
34
196
940
254
-190
121
-416
-488
253
446
-571
765
-241
83
-659
-720
128
-982
-792
246
-877
-710
138
-781
-908
-462
788
464
957
583
577
435
-406
-819
-673
-736
-660
-677
116
863
147
884
-229
185
-259
630
877
311
-644
-918
-958
187
772
-356
681
-947
-762
147
-859
142
86
259
906
-781
241
639
300
-679
-401
-564
714
673
596
889
798
532
-582
327
-315
-426
467
146
-821
297
-732
-447
321
-490
-67
-993
-564
543
478
70
156
-143
-189
-782
-731
-573
-89
-87
97
209
414
963
-386
-330
-238
461
307
488
-978
-941
515
-915
-747
-143
487
-271
33
934
628
-688
-272
-428
-60
755
-116
-313
6
-868
146
-237
-794
893
905
442
-580
-890
588
901
-194
-342
186
-9
-10
853
-388
503
-624
-972
-36
-115
-784
999
497
-906
-300
861
114
-786
-51
-298
-878
-996
-646
297
-376
-1
826
-279
606
-57
630
612
711
-65
-666
565
-321
-874
-482
-630
-605
-341
-294
322
-53
510
-237
-783
-62
-366
732
665
-640
-188
-144
628
569
436
-496
654
-987
-841
-272
319
630
874
10
-398
653
712
-518
-415
-656
635
371
-895
-109
-243
-699
-32
574
-235
-520
-931
-697
548
-917
-691
-295
-951
-173
-540
-783
-948
228
-217
923
775
-369
-950
66
-91
569
750
309
-386
605
951
679
859
-500
619
931
921
-957
909
53
-985
759
-439
-984
702
-678
242
-402
-944
812
-200
415
14
229
-912
637
108
-419
300
-278
-526
-100
-967
964
601
-964
530
-977
434
764
-952
700
-885
279
515
585
-208
-414
-545
-513
-991
409
-711
-460
-643
-128
809
417
671
49
-95
-776
323
276
-945
-573
472
720
-918
178
302
230
208
-663
69
22
897
539
-368
-112
-562
484
-270
687
476
-224
-304
910
-54
655
-28
602
322
-472
-675
297
322
-180
26
252
473
-784
-384
825
-946
701
352
362
341
-158
-749
-192
500
-271
796
-313
214
137
-363
-692
-242
-264
-962
151
-39
-632
-222
756
850
189
-119
748
376
-528
776
-174
-220
-271
-68
-962
-15
-845
14
-834
994
69
457
903
-726
108
-348
870
906
-580
349
554
723
663
665
726
721
725
292
284
-267
-853
621
-529
-103
264
-893
556
533
442
816
488
324
649
-117
452
995
455
-61
-738
-716
16
199
-663
-731
-855
291
979
900
134
86
218
771
-200
-155
720
-65
585
51
-673
-374
388
411
809
-505
309
-782
776
624
340
-973
387
660
-980
370
-407
598
989
990
-52
-669
-20
178
578
-654
936
-536
-217
835
135
610
-236
10
-376
-858
864
-417
271
537
377
85
190
638
-624
-395
993
463
-42
-260
738
416
262
-403
-536
421
-117
-488
-800
204
-386
252
-472
608
-965
796
-173
90
559
780
119
654
-601
-852
-850
741
-419
-930
363
950
-896
-536
-485
-815
362
-142
-731
-968
-597
682
-819
850
-462
148
476
-465
-107
-697
857
-295
-430
-306
-849
438
-859
-446
-697
-926
474
219
854
778
943
-847
-982
501
453
885
588
346
396
-577
642
-163
248
-907
-475
-678
-939
13
721
479
264
275
-542
197
78
731
905
537
-170
-65
-509
625
-724
958
887
746
323
342
-830
296
35
295
901
-502
839
68
-630
-742
-566
754
-536
408
-428
-687
306
479
980
25
-282
-357
-474
-610
-92
118
-554
890
-268
-618
652
909
481
-128
833
-110
-821
312
947
-897
906
-116
-152
692
-603
878
675
-889
-856
-237
287
97
-146
466
-52
738
805
-349
166
-6
-126
-420
-263
754
-316
-734
-535
213
-192
968
433
408
452
58
-632
15
557
634
487
996
186
-899
-957
965
-194
-898
41
704
527
246
-206
-780
-127
-265
901
-774
172
-78
-884
762
-298
-796
312
-821
349
571
-285
-917
96
-487
-456
-263
-184
-750
480
-225
788
-855
733
192
671
480
302
-338
855
659
949
-353
-643
-671
837
958
-495
-765
-228
-980
41
34
615
300
985
640
-296
576
-166
835
-544
-471
-373
436
290
160
644
290
-759
-29
357
204
-898
455
400
681
-784
366
732
-970
-94
-688
-79
364
-686
606
-389
-586
-579
-773
-709
140
-979
293
-127
-692
-900
637
-662
-523
-15
-318
831
319
-684
606
-592
-503
298
-381
861
-940
-424
384
-869
-650
164
-728
113
-683
474
-865
190
-841
23
238
-404
674
-339
448
307
-291
-725
-786
-585
305
-658
-808
-42
457
206
65
560
642
-490
-82
-734
-238
-573
-770
920
488
-499
803
-637
386
974
944
324
-158
-678
339
579
92
-46
36
-992
851
-623
717
-929
-504
-434
-534
-727
28
-645
-105
-815
-499
-94
-918
946
-628
358
489
-564
-317
290
835
726
895
276
-58
411
-578
-207
-612
895
763
-342
-502
-133
213
37
-586
-443
-41
-224
-530
-911
750
-487
-938
-127
-820
920
691
-282
-745
404
851
-824
-147
-562
143
-496
-559
-2
-372
496
-96
-785
-824
-101
-367
-855
-160
-422
-502
153
-69
131
-128
-515
120
63
41
758
910
791
539
627
-341
371
-928
731
863
410
16
111
829
-911
666
748
-278
759
-394
409
198
134
243
139
-236
-283
532
465
145
265
-212
860
-777
-457
947
-607
-161
785
-496
717
-159
513
761
-157
-953
91
-265
-266
-229
20
10
78
-887
-424
197
-601
618
599
-851
-370
655
-878
368
929
-359
793
-432
615
467
-125
542
727
-491
8
-670
-514
-254
692
-878
62
453
-751
-271
157
529
-861
643
754
-122
-912
222
-561
-283
652
-116
-237
-955
-46
-843
376
-203
124
637
-603
-748
922
-557
260
159
-505
957
-649
172
747
741
801
-791
-607
-360
-284
-564
-782
125
330
83
-456
467
419
764
-775
321
-69
-757
-340
971
200
116
884
-611
96
-291
466
-336
130
878
-736
-774
-353
59
644
-450
-158
728
-940
-1
-934
636
808
882
-857
612
-329
-982
-448
771
-822
136
-579
-163
-386
152
327
-421
-352
695
-162
461
192
-459
-942
930
-786
61
-148
-736
511
569
694
701
-641
551
-222
619
36
-508
220
-959
834
-534
-954
-213
457
59
793
988
-714
206
-892
929
-856
-163
-793
-71
-357
-649
-8
-219
-696
-819
50
-380
-973
366
-353
303
-311
-346
-134
-876
972
-850
-214
-859
74
-950
-262
-953
-555
987
671
460
-779
-419
362
871
992
-909
-896
979
147
-97
-577
-163
489
-382
36
252
350
441
-799
-971
-273
-203
15
795
-43
-192
-639
-97
-327
-149
-525
-632
-997
-212
229
-494
293
753
508
-984
-558
-190
-441
-566
462
-706
588
-878
-408
-157
275
-671
-445
58
931
162
40
-837
124
527
-827
443
-362
646
327
905
100
43
854
-562
255
-335
372
721
784
-472
-283
365
94
80
-680
-101
-148
858
-37
-730
-399
-520
432
445
758
386
677
515
15
127
758
2
-698
577
182
977
-87
-733
466
-231
358
-764
440
-885
433
-474
329
-970
-52
-665
-193
922
599
-956
235
123
-291
446
-227
-118
-969
855
886
-361
-400
651
-952
-422
724
251
903
-502
-365
270
-25
-202
-4
213
-471
-626
-663
-53
789
-961
296
713
208
-575
225
957
857
450
-961
-470
-859
980
702
100
90
179
-660
-371
-294
232
375
669
813
423
-214
-754
-32
-513
723
235
713
106
-652
-880
917
-769
-543
236
-495
191
984
862
-95
-21
545
101
-744
573
243
79
-499
-638
-647
669
-45
-928
508
-128
-401
-569
905
-445
-743
-365
-662
-334
806
872
-642
-290
605
379
663
881
-833
703
239
992
-497
921
137
352
829
203
479
237
882
-282
-781
-845
-783
-254
352
-698
-184
-51
251
342
450
424
841
731
-343
352
0
981
-962
446
-419
-360
-145
9
-511
-118
717
-840
163
-969
-688
646
702
-273
-542
649
-930
-806
847
999
-861
-954
-960
-191
954
-820
-998
-227
343
-534
447
-209
266
-493
714
305
-568
-989
-827
182
463
18
-641
964
-482
-220
-589
100
-263
-37
870
228
-775
271
-882
-876
69
-296
923
769
-886
-17
-284
39
-888
9
-768
199
-676
-908
300
127
-866
-510
-563
-658
-198
-583
-898
-239
806
-367
-597
655
-709
4
-401
-623
-481
740
221
427
-971
-171
-608
114
398
-660
504
460
36
256
-225
929
-878
840
-350
98
-790
350
-109
247
350
-424
62
-260
317
459
-739
-622
247
-195
-610
679
-699
-88
-561
-430
-237
661
-168
477
-171
951
-590
24
844
891
-534
293
857
71
-138
72
203
997
201
98
-278
-748
-787
-65
-814
-161
837
140
-270
110
528
582
-922
-818
-44
658
178
678
706
394
-903
-520
833
910
891
-656
-199
958
-500
443
-226
-330
-1
896
774
-880
33
-751
970
-863
453
-845
-359
-125
552
-583
869
844
-968
-818
530
965
-547
-947
-181
926
-663
-930
250
-373
835
-381
-592
-476
-698
727
-147
-779
-431
-460
200
941
-509
-43
-601
327
634
-823
994
-75
978
255
291
-732
-696
-847
742
-996
-950
-417
878
-692
965
-492
-155
444
48
-111
512
-644
-187
-812
206
-474
213
-450
373
-496
37
-618
-816
165
482
555
699
96
152
-346
807
-888
825
529
-32
-841
824
-827
947
-162
125
-556
-800
-698
801
612
730
-721
878
744
-305
859
332
-287
-970
-808
-820
35
587
234
445
-355
-584
-619
903
-197
277
-618
604
366
-174
747
-558
435
962
-357
289
-366
183
130
-384
769
-169
-50
589
-961
-576
782
55
21
-692
-171
-234
-772
-207
762
-280
358
-831
-444
-598
216
603
-401
-638
828
-609
870
210
-756
750
-94
571
-726
141
446
614
-76
-171
-221
-662
-269
433
-398
233
-346
-972
-128
-900
120
-71
-132
269
-893
-358
901
-31
-689
59
642
499
140
322
465
629
628
-922
918
783
640
618
951
108
927
838
-119
822
907
401
-43
977
-478
578
-413
-823
52
370
-572
979
-856
-663
26
410
-394
134
-645
-869
959
530
711
-544
432
-52
-973
707
-619
812
-711
732
892
-131
759
-582
-758
-940
-502
-539
-190
-212
287
-14
-428
360
-410
306
451
-689
154
-584
304
-932
-274
-653
-693
648
-149
125
348
-146
122
-843
-762
814
227
634
-556
-725
-515
-25
-488
189
-972
-641
527
-976
16
-601
983
611
399
369
-628
-602
-769
984
937
-542
-267
464
508
420
-420
-749
97
-465
350
-594
631
-350
-935
621
615
529
766
-921
-30
788
-238
934
-329
861
-491
-451
743
-429
-48
-870
420
-240
99
-32
-702
-179
-271
-454
-9
812
432
357
-711
-771
-700
-821
-816
-864
54
-515
-57
-625
858
767
697
84
-345
706
-394
-1
-225
-284
728
599
964
874
-544
-25
945
843
-611
521
-180
-995
-663
923
-622
-475
848
-348
-779
333
881
-751
-453
874
377
112
730
-991
665
433
358
273
-224
-482
-545
-481
-145
-938
-584
-534
59
396
-95
431
662
712
-936
-151
-607
-481
-287
714
290
804
-77
-94
144
337
-92
-434
-666
-754
-295
-928
-529
-54
-157
-78
397
271
-693
-617
236
-797
-611
-534
-22
-895
-652
765
956
381
134
306
-51
759
557
914
460
489
-843
57
311
-557
943
13
-795
-677
-47
-394
635
-213
-576
290
152
-595
-314
-197
-417
42
-42
-858
-725
742
606
-982
124
966
-286
-503
628
-630
-41
-446
535
-589
985
-508
-141
-824
-595
766
975
-66
-605
-937
212
-592
829
-275
177
-27
-552
-445
117
-220
987
229
872
-865
-413
-611
655
-807
333
928
740
-284
972
670
682
-702
64
620
-718
-28
849
-343
164
-484
-820
524
273
-249
-287
63
225
-421
892
-708
423
174
-994
-48
-226
200
-484
612
-585
755
-93
520
-589
48
-904
-936
973
-702
510
-902
98
-353
-812
818
37
-39
220
-384
-174
761
113
-394
474
-897
760
793
-772
871
-505
-433
-326
304
-762
-41
573
-407
-312
-709
-473
-809
-475
415
416
293
-258
539
-9
-57
-958
-642
128
-341
69
-489
567
-998
-628
-954
-45
351
-348
939
96
1000
906
963
-458
437
-720
860
371
-123
235
551
565
887
-689
752
951
-54
870
-279
266
-426
-746
-570
-86
-401
771
-417
-971
-118
-892
774
262
778
948
-351
