2805
175
771 923
1086 1482
571 1380
947 1193
921 1402
153 1487
578 867
556 1088
406 1078
295 1406
1092 1096
674 1311
1263 1347
1142 1455
724 1258
1458 1484
1021 1400
125 652
92 219
682 751
872 1244
1108 1234
557 932
711 1073
1167 1327
554 1465
1136 1480
1176 1496
588 1489
1364 1423
930 1063
1305 1326
1299 1393
871 1398
287 1284
8 1060
563 1311
1139 1219
438 617
751 1243
419 1289
1137 1293
1030 1277
259 1216
1394 1407
1132 1404
1070 1244
1475 1478
771 1369
572 1045
457 642
139 1043
1234 1499
862 1262
1258 1324
466 1393
849 975
576 1434
771 1485
151 1203
225 1400
1351 1412
1457 1464
389 1382
679 872
519 1420
775 1118
1401 1448
254 1187
976 1483
1307 1403
990 1254
1470 1478
968 1273
1063 1286
613 1155
371 624
706 981
921 1125
940 1473
169 249
1077 1454
286 1234
1051 1108
1467 1500
535 651
14 320
384 559
937 998
374 799
521 1250
709 962
895 1026
1280 1381
1395 1408
285 561
117 755
482 673
1499 1500
1367 1379
597 1336
422 1348
200 299
1214 1238
1478 1497
1199 1450
1121 1236
709 1189
394 1295
1162 1412
715 1071
1215 1324
1100 1427
347 442
98 114
392 980
197 1458
579 925
298 1248
1175 1420
1481 1497
719 1187
1435 1498
1178 1463
831 1142
1003 1116
373 1261
1449 1485
730 1207
1451 1453
433 1181
1481 1485
539 1246
1357 1376
1168 1282
235 375
1272 1440
903 1273
77 867
38 1165
45 1332
638 664
553 816
1213 1453
1338 1458
446 631
1372 1408
678 1065
669 958
1484 1493
1169 1347
1035 1367
112 615
731 1478
1431 1465
1112 1305
470 1163
718 1106
937 1417
377 922
279 859
504 854
1485 1490
1262 1393
580 765
341 448
394 1107
829 924
849 1400
1035 1240
530 561
971 1278
1370 1440
908 1326
722 805
219 1283
314 636
1293 1309
249 1236
902 1308
637 1366
1354 1357
567 1436
301 427
129 197
515 890
1219 1294
1495 1500
1127 1418
436 1319
770 1442
732 1061
162 629
186 1363
355 1043
35 1194
615 685
350 763
75 1411
1238 1448
260 376
14 544
902 1298
462 576
871 1414
143 1000
760 1213
965 1191
626 714
949 1283
1279 1378
1368 1468
447 1058
1361 1416
116 1408
904 1228
880 964
49 390
1037 1246
1003 1215
817 998
943 1460
1466 1480
877 1032
63 1008
655 723
1017 1426
784 1178
245 1138
1392 1445
741 874
552 1031
909 1152
1177 1299
597 1273
572 1458
1287 1461
632 633
465 876
1128 1238
300 1091
1382 1419
1041 1169
707 977
487 1018
263 1378
685 719
1442 1460
433 1284
422 981
1119 1419
259 891
587 925
218 518
242 884
507 703
1133 1198
1480 1491
389 744
259 936
1462 1480
611 1216
1062 1087
74 484
1377 1424
741 1014
1211 1395
658 682
69 1124
222 1075
363 1067
962 1000
1042 1163
1108 1176
607 945
1371 1421
1341 1393
777 1001
167 640
1117 1221
135 145
232 1207
1461 1481
518 763
772 794
335 1226
178 1202
784 855
80 330
1162 1434
170 1325
1255 1282
485 1263
136 1343
143 1202
1296 1339
652 773
1102 1305
548 735
143 448
89 633
708 1397
1378 1408
341 817
1088 1460
946 1293
178 214
762 972
913 1005
1285 1399
564 1341
558 1431
1137 1280
1286 1476
341 832
363 571
848 1348
571 1320
860 1495
244 929
58 1078
162 397
151 1214
411 706
1415 1452
1295 1334
1110 1410
249 319
563 1498
561 1378
638 1251
1268 1369
930 1263
1314 1419
1459 1482
1417 1448
453 974
27 1318
939 1081
176 246
1139 1479
799 1489
499 886
1181 1414
367 607
417 1458
1202 1320
582 1164
450 1027
716 1256
545 970
163 238
237 446
37 146
579 710
137 694
325 803
330 1373
1028 1377
79 1354
1233 1377
427 1223
965 1312
554 1432
1166 1283
1090 1255
1306 1397
1081 1496
283 284
9 106
360 1233
1172 1435
1426 1456
966 1203
500 787
1318 1325
585 979
48 1365
774 1317
34 285
31 1348
913 999
1002 1194
100 1105
415 602
1378 1392
1106 1454
472 702
1333 1345
1484 1494
458 638
1419 1484
243 645
596 1284
444 782
720 1099
829 1168
437 652
967 1459
192 1326
124 923
1095 1177
1452 1498
1036 1289
1167 1360
837 1341
762 1449
281 1338
232 1439
891 1307
1491 1492
1293 1483
722 1339
296 876
1037 1446
1143 1389
1243 1359
1352 1449
710 1227
293 332
125 1165
228 470
371 1009
218 536
585 1338
975 976
615 922
302 440
796 1467
1278 1498
1488 1492
1035 1241
277 939
1314 1366
832 1342
1203 1222
92 1167
1083 1160
579 606
213 653
682 1307
722 1029
510 913
991 1453
26 261
47 1134
1005 1486
624 735
1175 1309
642 787
894 1235
220 505
1093 1475
670 1329
1116 1305
1307 1429
827 856
1005 1179
330 472
333 944
929 1270
1305 1393
434 972
903 1372
21 1494
739 1412
717 1281
1002 1318
682 1209
636 690
311 1180
574 1381
868 883
198 1491
1289 1440
89 576
540 622
1024 1208
646 732
476 815
937 1066
1034 1105
359 403
297 318
380 404
1296 1490
521 992
1455 1458
1288 1480
751 1089
1427 1438
542 1383
556 1139
192 1003
1182 1320
538 678
808 1098
563 1254
1494 1499
947 1084
602 1471
1018 1400
896 1325
90 1082
1402 1478
281 408
194 1480
864 1398
679 1182
49 112
471 825
1371 1418
979 1498
902 1059
562 610
1376 1499
1128 1299
1106 1492
1457 1491
1371 1466
783 1407
440 1218
26 604
152 1446
669 1392
1107 1291
29 1367
421 731
61 1387
279 750
516 848
116 388
800 952
585 862
893 912
747 1124
324 791
631 1147
626 1182
1162 1437
415 1005
886 1068
1306 1408
401 472
387 465
520 526
513 1467
150 839
24 890
1129 1341
526 1027
630 1329
774 1444
261 681
1034 1244
1318 1471
104 353
914 978
453 757
274 430
567 1167
1172 1313
910 1197
518 963
1079 1257
1084 1404
856 1294
574 1255
1330 1409
31 639
760 1224
674 908
107 342
22 1090
640 1144
1267 1383
799 883
1499 1500
1277 1395
143 1461
1003 1022
882 1326
1046 1401
1492 1500
555 896
1485 1491
654 923
1233 1372
450 1264
1092 1259
797 800
790 808
831 1399
125 416
1397 1410
1336 1489
1106 1312
783 1174
77 266
203 677
1312 1485
1265 1299
555 684
1066 1145
310 1326
981 1395
1216 1489
746 1178
447 891
688 923
1293 1458
98 396
1432 1461
1400 1438
724 994
1065 1409
310 913
505 690
305 1057
908 1055
62 1005
971 1173
1036 1205
1061 1093
1209 1265
689 1050
398 1100
543 1067
1290 1337
702 755
502 820
827 1037
431 1186
1030 1209
576 981
1054 1116
850 1220
832 1074
505 1040
274 634
235 1182
878 1021
575 1049
1102 1136
1223 1308
1216 1280
108 884
102 1383
604 1403
599 1352
1208 1280
1106 1357
1104 1129
812 1476
665 769
1250 1426
1339 1411
114 195
1435 1436
529 987
971 1388
215 731
215 723
1118 1158
1354 1448
1236 1479
1434 1490
1390 1499
134 1379
2 1178
1389 1430
669 689
214 1167
440 502
1074 1094
72 1068
852 1167
521 1149
1061 1342
866 1169
968 1080
1130 1160
188 514
662 726
393 852
849 996
57 122
166 1407
1160 1167
1486 1495
227 405
321 744
1237 1391
714 1178
371 625
716 823
746 935
528 1148
293 521
426 634
698 734
432 841
25 1379
857 1235
532 649
341 1012
724 739
1096 1219
721 1095
549 667
629 1416
756 1084
472 1499
1124 1125
872 914
837 1007
467 827
228 1387
615 1203
493 1276
129 302
433 756
120 1322
88 1363
513 903
565 731
1058 1376
1227 1467
22 736
1153 1407
617 682
977 1234
1191 1237
264 1430
1070 1414
418 1426
110 1492
1103 1155
225 439
1112 1500
369 1420
404 1182
211 1112
966 1384
1344 1414
263 497
1412 1477
1301 1384
455 1236
956 1291
1471 1496
1072 1092
722 904
626 1242
390 1201
72 355
90 1228
21 1273
269 1001
846 998
1094 1452
259 337
1377 1472
184 642
1370 1435
398 729
434 1428
1330 1402
1344 1482
301 1101
273 359
157 737
1324 1369
1467 1482
700 1004
696 1227
1437 1458
664 1136
1188 1354
482 587
77 1068
293 438
227 327
1329 1483
278 380
1489 1493
1147 1437
127 647
1418 1497
931 1076
9 475
301 360
681 1046
153 1459
313 1447
1023 1032
1279 1322
992 1062
359 846
635 1152
939 1215
399 512
496 964
490 494
877 1342
1199 1359
257 783
200 1120
1319 1374
820 1231
1262 1376
1416 1487
309 528
714 893
492 1089
960 1000
403 689
884 1335
1176 1257
363 1266
254 332
496 881
1280 1325
591 876
619 1103
514 1415
44 1096
1439 1484
1124 1144
1331 1455
366 1252
103 1096
238 1079
549 911
81 1496
900 1470
763 1180
879 1067
1291 1445
1000 1248
561 1211
995 1382
995 1466
1291 1428
1155 1480
998 1126
731 1467
1344 1393
499 1092
1080 1171
625 1271
1374 1471
124 726
274 1249
240 873
973 1339
730 1400
1314 1316
851 1195
785 1294
29 151
1468 1495
491 798
680 1322
766 1355
1040 1212
323 489
164 355
653 991
1107 1169
635 726
696 861
1346 1426
1137 1399
820 1343
961 1358
720 1215
1065 1485
425 673
806 1008
793 976
533 879
1061 1099
1474 1485
976 1448
1358 1493
235 1089
662 1222
960 1319
826 1429
1144 1430
364 578
921 1281
113 224
410 1068
1182 1491
1276 1427
1210 1480
1404 1437
287 1032
494 1042
304 414
88 610
959 1424
1209 1315
118 522
208 325
602 1450
710 936
1467 1488
383 546
660 700
362 1368
1239 1276
79 1045
1309 1476
1154 1359
1271 1348
1114 1259
1011 1406
905 1361
937 1039
1477 1492
262 1475
1186 1354
961 1421
555 1334
253 949
1268 1298
611 1122
1316 1476
1374 1457
717 825
1381 1406
104 956
239 437
1075 1379
760 1114
1355 1381
629 848
1474 1481
600 626
1214 1393
311 721
772 948
610 1094
1479 1500
119 1134
844 1029
510 864
28 1309
357 1483
60 1402
58 406
507 600
91 191
1120 1472
145 737
87 996
333 759
217 1062
430 1247
573 855
1289 1448
291 831
809 1084
1393 1420
1084 1374
1157 1194
1436 1473
586 611
762 1064
432 1398
475 1158
232 419
106 749
359 499
15 1409
554 639
165 366
778 1087
584 1172
1169 1333
351 1485
515 743
1472 1484
686 1299
1002 1006
1 220
1038 1137
666 704
835 1013
1409 1493
141 973
1370 1434
627 963
423 679
1108 1336
245 1396
1291 1450
326 679
287 742
25 703
1081 1496
34 580
830 872
1327 1436
948 1259
1074 1255
688 807
423 639
348 1179
94 1302
572 998
407 665
1198 1212
746 901
328 816
260 1441
220 384
1280 1438
666 1435
974 976
96 1228
710 1445
1166 1215
171 625
601 1207
1459 1491
1204 1482
1047 1066
518 1299
896 1063
667 1024
1386 1423
1153 1458
1306 1338
956 1303
472 1039
1311 1432
166 881
290 1261
372 1379
831 1001
1212 1447
618 735
440 921
1179 1258
542 882
550 822
1384 1490
755 758
1054 1158
1422 1452
234 1294
468 943
1199 1232
165 1050
689 802
488 1063
949 1126
1397 1431
643 1184
392 1346
943 1167
109 185
867 1208
44 353
881 1018
1152 1337
724 1455
935 1099
1095 1303
1003 1104
1372 1428
1048 1384
787 1445
827 1277
541 650
1433 1453
1418 1449
266 627
585 644
678 1446
973 1013
92 836
972 1398
1215 1290
899 972
801 1199
853 1192
543 844
502 591
1078 1492
425 1290
165 1237
565 959
341 427
706 1447
1228 1465
765 925
1022 1191
228 417
718 943
380 890
989 1061
1012 1311
287 546
638 1368
436 1378
1474 1486
1446 1460
1110 1445
730 1432
1198 1412
1172 1469
1139 1395
1357 1472
194 282
1416 1498
1423 1494
159 1264
424 531
1327 1341
1350 1356
587 1488
498 1102
1166 1234
1145 1293
197 936
657 733
1285 1355
1008 1162
500 1114
130 355
166 585
910 1406
170 322
1049 1163
491 1450
436 1006
423 647
1470 1483
683 764
109 745
661 871
1264 1433
1356 1488
671 1249
103 855
1467 1480
735 1375
876 1439
401 1041
416 445
1457 1462
230 998
105 981
815 1068
1481 1495
730 1328
161 1140
1161 1393
266 331
228 329
1077 1336
762 1487
205 1067
599 1287
1012 1345
1336 1433
300 959
1402 1462
910 1448
911 1113
622 1305
1019 1282
1157 1471
319 340
1305 1354
1338 1492
743 1026
730 1218
155 601
320 1489
1465 1475
1195 1346
605 1347
764 934
158 723
424 548
154 914
658 1207
495 787
661 671
429 767
1454 1459
269 671
1107 1365
546 707
1170 1308
294 1181
411 587
313 1389
698 908
863 1341
1082 1134
538 1456
238 1444
1398 1434
405 1486
497 612
931 1138
1335 1467
311 830
1052 1059
226 607
1109 1436
1085 1412
101 992
802 835
173 399
1201 1443
416 459
966 1218
1103 1327
343 1280
1059 1347
366 1245
94 1326
376 600
911 1349
377 1403
734 1096
1473 1495
382 1379
1096 1412
252 1263
692 1285
596 720
1013 1499
1462 1477
393 1341
119 741
968 1063
1187 1361
599 1068
1351 1484
930 1406
1076 1118
448 791
1342 1426
411 811
545 1295
362 496
1468 1492
1420 1471
1202 1259
1376 1487
21 112
1127 1278
171 638
928 1244
711 1171
937 985
1299 1395
667 1357
512 996
385 750
543 1480
871 1047
1098 1391
381 1246
1372 1486
1333 1497
1029 1418
395 1188
46 908
261 1409
1233 1471
1371 1415
665 1039
517 1222
922 1355
1493 1497
698 1080
1285 1295
1419 1483
680 792
716 762
1204 1413
1367 1419
1343 1468
1284 1355
839 1151
1307 1409
587 850
589 594
642 1491
287 987
501 798
1326 1465
847 1187
13 900
871 1095
591 1390
664 1184
392 799
175 282
619 1342
583 823
433 940
264 1353
249 797
37 931
1495 1496
845 1351
655 908
239 1368
1069 1486
7 561
1430 1431
225 527
432 891
1171 1300
1256 1273
1096 1305
1134 1361
712 1269
499 1212
300 472
607 779
1305 1373
826 1054
1117 1466
535 1354
866 1306
198 899
1042 1051
858 1476
636 953
607 807
226 1210
95 674
214 746
9 788
713 1139
1191 1195
1268 1299
212 1279
919 1241
756 1184
249 815
273 673
57 1281
366 1394
467 843
1478 1480
1045 1153
787 987
155 790
1155 1247
590 824
466 1245
860 1145
627 1435
807 874
1096 1310
1450 1500
47 472
142 884
519 1221
486 1050
1458 1490
1447 1465
23 235
169 761
1366 1369
104 357
1486 1499
802 1486
219 707
1338 1493
1318 1454
1059 1134
546 1185
91 1075
1139 1211
1143 1380
545 1477
770 1064
1017 1333
768 857
1171 1320
1365 1396
1453 1474
599 979
671 1370
59 278
360 998
1173 1392
449 1457
649 879
83 129
889 1400
168 767
142 606
79 1244
998 1015
1111 1312
368 1399
1282 1439
907 1456
572 1395
735 1479
826 1114
179 1497
939 1490
877 1133
348 445
1248 1332
1423 1426
724 1076
1399 1497
575 826
482 804
587 1350
998 1219
764 1216
66 1077
1268 1298
1064 1473
42 483
470 598
1410 1419
1313 1395
1207 1351
1273 1382
1289 1450
1167 1428
1317 1402
70 386
925 1024
1266 1482
19 1280
655 715
378 604
737 1289
556 1342
104 172
179 788
956 965
502 809
1257 1446
146 1344
1053 1391
1358 1413
471 1227
1006 1236
207 522
1209 1237
393 507
931 1008
33 367
197 507
1424 1499
606 959
996 1450
189 278
283 1015
1140 1178
1368 1402
1039 1207
963 1008
1478 1498
100 132
797 1302
1480 1490
1155 1295
1474 1487
726 1192
454 1463
487 1114
762 854
850 1021
1331 1367
286 872
1354 1490
1413 1486
624 1046
860 1307
326 654
1265 1436
947 1060
742 1062
569 934
1143 1153
1071 1475
231 1213
1088 1339
1454 1477
1119 1434
1234 1235
1140 1448
709 864
583 1366
833 1461
797 1318
192 1229
209 1091
1009 1441
1242 1397
115 1283
276 1171
624 911
571 590
438 1295
605 706
1442 1472
13 529
991 1198
669 1345
171 1153
913 1268
1152 1239
1272 1473
964 1272
1258 1293
1027 1289
929 1277
469 1089
248 1228
901 1257
217 463
1248 1335
631 1061
149 815
512 799
137 822
32 247
851 1169
36 1079
769 819
1413 1424
662 683
381 590
1349 1401
53 1010
1197 1468
801 1182
268 1313
261 656
701 867
1154 1339
486 1145
649 862
1258 1265
703 1139
1171 1453
645 1314
431 690
107 1332
245 718
1024 1101
506 929
1056 1378
1117 1271
606 649
922 1437
1084 1133
1493 1499
1249 1409
786 819
96 127
42 205
1477 1500
807 1484
581 971
148 1189
1277 1446
1080 1436
1257 1421
116 1184
1252 1281
168 841
1326 1452
110 307
692 1467
1459 1492
912 1455
434 539
448 952
251 959
309 1265
584 923
771 1195
1048 1299
291 1322
1349 1395
77 454
878 1459
1494 1497
663 944
969 1188
591 656
12 957
986 1203
538 1018
910 1329
669 731
701 896
1139 1252
1175 1316
1266 1338
843 1217
59 400
1301 1432
174 200
41 994
463 563
374 1126
917 1291
1305 1350
511 1463
1478 1492
725 1179
699 1076
1302 1351
1087 1281
965 1354
1298 1318
1184 1353
1138 1200
1391 1395
433 1081
883 1293
167 461
1036 1068
819 1340
383 1413
247 1424
746 1000
1033 1196
1289 1290
123 688
841 1080
582 1162
1080 1142
564 913
282 534
1406 1496
503 901
1407 1412
517 1098
624 793
542 961
603 1182
1324 1406
1319 1331
260 464
1331 1372
4 613
1293 1367
1224 1414
824 1210
289 1191
1493 1495
215 278
1045 1166
142 1197
1417 1477
1041 1414
550 771
99 581
347 1222
870 1409
640 1308
18 1326
492 1474
1451 1460
1122 1222
1181 1440
1122 1476
421 435
1326 1335
423 1268
1209 1322
862 1407
1158 1437
1355 1481
920 1218
499 514
791 976
117 1242
189 1080
1307 1420
48 1202
480 773
1483 1496
405 1498
420 1451
304 930
87 863
669 1461
1179 1357
1047 1279
184 291
1235 1431
409 578
942 1397
637 638
1335 1413
1178 1417
1317 1420
750 1062
1495 1498
151 1447
98 1123
1306 1343
536 1162
155 1028
981 1260
767 921
405 1078
1292 1396
1014 1294
1442 1482
1236 1375
815 1099
602 1488
1039 1186
860 1261
965 1394
1169 1339
1443 1455
1380 1455
636 791
873 1421
1358 1468
691 1318
226 480
158 367
1238 1326
1332 1442
994 1348
365 956
414 553
641 837
242 919
1448 1462
679 1123
648 822
701 1070
884 1062
197 759
1467 1476
1423 1495
130 1133
11 1042
25 81
1278 1454
975 1330
476 1309
207 569
403 959
271 641
1211 1246
706 1255
1240 1450
358 1050
209 649
101 850
1068 1243
85 281
1127 1346
1170 1311
792 797
1248 1474
169 628
1290 1498
1000 1098
457 738
461 1327
1129 1168
1490 1499
1017 1459
756 917
461 646
1142 1272
1195 1426
998 1428
42 240
398 464
88 222
70 113
1211 1363
855 1248
1171 1441
1001 1101
478 1294
1264 1402
742 952
1254 1255
7 1194
442 950
608 1443
469 956
1032 1399
351 1398
498 1283
1069 1238
323 1107
843 864
795 1005
200 457
685 1471
19 175
1328 1449
1178 1475
193 1264
359 1424
1018 1340
1367 1405
1392 1418
646 1469
469 1400
1272 1385
11 800
1108 1445
169 1180
157 230
906 1443
165 364
342 1226
436 1453
759 894
93 311
843 1453
1417 1470
806 901
254 1350
1092 1232
277 616
468 1365
721 983
363 494
765 952
784 795
1345 1441
1296 1452
1460 1492
579 1490
727 1279
10 242
139 330
1 89
217 1014
641 1005
88 972
1401 1460
691 1026
1402 1411
1001 1099
719 1415
1110 1182
1016 1059
300 1390
245 1135
352 1420
1463 1465
272 882
1163 1193
662 979
930 1272
877 1368
144 914
463 801
1092 1136
441 1178
430 892
1420 1472
5 907
1025 1313
1088 1177
877 1054
1396 1496
961 1388
1153 1156
1309 1458
1187 1490
1282 1460
416 614
1025 1315
231 1216
1006 1357
1399 1434
1173 1236
154 357
1392 1495
1327 1475
17 54
566 949
1465 1484
532 961
550 706
791 1055
932 1451
340 1423
167 339
1191 1263
374 959
974 1403
230 339
1316 1494
1419 1448
332 536
1182 1398
751 1341
710 1403
1028 1102
725 1116
1392 1440
716 1151
956 1294
1051 1497
1150 1159
735 1324
1386 1425
678 791
288 1168
430 859
185 558
461 816
835 1289
326 1465
788 939
526 624
466 558
656 1160
481 1226
134 1176
256 1175
1413 1479
454 785
588 1202
472 554
724 1305
858 1094
741 1329
48 858
500 1082
750 1041
949 1240
997 1047
797 1380
185 227
553 764
808 1242
1384 1466
988 1295
36 509
87 238
649 1047
1269 1478
884 907
578 1045
111 1119
690 694
461 1387
1479 1498
702 1336
802 808
452 869
541 1382
287 793
1025 1464
374 1243
454 869
11 488
495 839
1096 1244
1000 1154
255 416
103 246
186 1343
9 1352
785 1007
1413 1470
147 1291
856 1476
559 845
1111 1419
74 374
1439 1492
727 1172
1271 1499
1020 1039
721 1193
535 558
819 1337
816 1339
80 510
257 594
1415 1442
1404 1469
904 958
42 1027
392 410
317 600
819 904
725 1022
743 908
1323 1491
1216 1419
272 1119
1345 1495
1289 1354
791 897
200 228
1073 1095
1178 1375
1161 1419
816 836
624 871
608 1146
404 1473
740 1187
890 1056
1247 1299
300 581
1319 1398
284 628
1065 1096
302 878
1047 1476
1010 1264
811 1066
273 1206
500 1216
750 856
473 950
310 1115
1143 1438
694 1429
1477 1497
906 1158
860 1399
1246 1253
347 1196
1449 1476
984 1221
1249 1377
384 1014
1310 1323
999 1133
763 994
1355 1488
602 656
303 389
952 1013
627 1003
400 1184
130 1139
793 1090
1499 1500
373 1258
444 1100
43 1304
970 1357
618 1312
1320 1442
694 838
350 1455
1308 1484
31 95
1274 1474
50 503
1356 1487
1494 1500
1426 1475
764 846
314 593
436 656
1428 1437
1059 1279
1160 1382
184 992
361 414
454 867
668 1487
617 1207
1270 1293
669 1172
311 546
1095 1427
648 738
1252 1363
1093 1420
223 982
1004 1064
420 695
561 1036
478 766
339 670
252 802
1109 1294
977 1094
734 790
258 1336
1013 1407
15 439
478 1038
241 1466
933 1231
409 816
814 1478
681 923
788 954
1373 1467
1432 1466
28 717
403 875
1139 1391
42 1276
273 436
2 650
930 1380
1097 1203
480 484
612 809
1232 1356
545 997
1281 1436
1470 1494
1325 1404
900 1411
1498 1499
573 1029
1216 1351
1481 1497
607 1073
372 657
432 1001
814 1031
1275 1480
627 681
1263 1395
1183 1226
162 1050
942 1063
878 1393
400 1162
388 1141
285 1263
1185 1357
1062 1207
325 377
1052 1286
371 1310
998 1308
741 1390
1263 1428
1360 1421
146 967
730 1475
943 1265
1373 1394
1482 1492
475 1473
359 1068
1035 1201
145 1282
608 1283
651 679
516 1229
681 1224
1373 1414
1194 1265
934 967
391 431
232 1310
31 916
136 1447
1028 1488
97 1430
340 550
859 1207
1333 1349
85 1322
173 285
102 938
800 1337
1357 1405
1420 1475
1002 1430
1366 1438
227 1035
848 1077
1226 1409
966 1175
1257 1279
923 937
1309 1335
195 310
58 1212
599 1071
293 470
1314 1342
33 933
73 868
1416 1470
1369 1449
534 845
979 1373
1037 1072
20 796
1111 1371
274 332
97 1417
121 751
964 982
463 643
843 1175
696 1388
640 1330
923 997
582 1463
1312 1386
566 1416
1013 1060
1164 1417
732 737
454 1128
523 1016
1326 1394
73 409
737 1023
1313 1345
1247 1342
1231 1305
966 1427
976 1049
191 520
75 1048
358 1188
547 998
1330 1413
303 1074
292 1019
432 759
848 1428
65 232
780 963
608 1484
169 1005
773 882
295 1205
196 389
1430 1447
1489 1492
610 1360
1096 1293
908 1327
1369 1499
134 454
1204 1288
973 1399
345 1119
966 1062
99 1344
1484 1493
1417 1427
1255 1276
602 711
1321 1400
1432 1473
957 1052
1289 1499
497 1221
553 1354
1125 1440
765 1078
918 1360
1280 1496
1438 1478
186 1461
420 1216
163 1045
949 1011
334 1112
1445 1475
1493 1497
923 985
230 1069
539 766
55 486
180 652
1330 1448
3 19
1347 1423
758 1206
1017 1341
581 1194
682 976
1476 1488
445 1263
704 927
528 1340
595 1245
294 1293
548 628
247 545
480 818
352 1218
1139 1359
142 721
564 1069
878 1223
709 891
1237 1342
1492 1494
1254 1271
843 1095
259 402
1349 1450
1155 1444
429 644
1358 1436
449 835
999 1375
1498 1499
202 1007
27 389
867 1005
528 796
162 443
767 1126
1028 1359
1484 1487
534 1020
1093 1138
183 568
1428 1458
1123 1453
1275 1317
590 1423
503 1451
328 1019
180 1259
1300 1350
1171 1381
398 1134
871 1331
1070 1382
691 716
923 1290
1212 1214
1406 1408
140 336
1089 1263
104 900
1273 1303
335 1492
497 844
485 1243
1473 1480
1093 1234
762 973
1244 1372
1321 1392
278 950
1175 1305
254 512
1412 1433
367 1457
830 1266
1219 1364
138 989
230 1316
659 793
1470 1494
989 1299
40 1249
852 998
1232 1281
1467 1485
450 968
185 440
412 909
495 1307
905 1472
858 1379
1112 1457
235 1062
907 1003
869 1077
424 1204
831 1074
488 508
1193 1480
686 799
1266 1420
315 402
624 691
21 1193
122 886
630 1438
334 814
631 641
1110 1300
981 1121
1027 1290
78 131
131 1253
416 427
1059 1454
1493 1500
443 684
840 1176
390 425
1007 1276
1321 1446
373 643
866 1334
132 171
292 339
415 624
1181 1316
156 1183
1425 1454
1139 1432
704 1455
10 1216
156 891
1381 1463
925 1219
150 1025
417 768
1097 1282
1320 1335
802 1212
346 609
955 1231
1382 1460
1233 1351
919 1259
1031 1344
605 829
1096 1255
988 1319
1269 1360
996 1076
744 1448
161 345
79 1339
221 915
1410 1419
1230 1259
831 1186
1416 1432
1465 1494
883 1012
366 1066
1418 1484
1385 1469
628 1409
108 853
259 870
1051 1343
1315 1451
380 1473
177 1034
865 1094
1324 1338
299 1373
280 352
853 1432
1130 1218
623 1433
114 210
308 710
1259 1369
1286 1351
382 601
342 1095
315 885
940 961
802 946
1162 1378
734 1287
951 1495
1179 1428
1102 1298
438 1244
1272 1438
22 947
326 946
182 1308
1074 1156
156 800
1140 1343
1229 1482
64 396
993 1000
65 150
53 947
536 764
860 971
527 1053
1044 1161
1171 1270
834 1374
256 651
1492 1496
181 349
1228 1476
1075 1134
156 182
1259 1368
308 708
583 917
251 1134
191 497
383 1185
1464 1496
1126 1194
50 1378
1103 1328
1200 1202
776 886
1409 1491
78 715
1417 1447
565 1016
779 1474
281 417
44 408
427 1447
1316 1470
1442 1475
255 1427
840 1263
739 1258
417 607
1054 1419
202 1051
1145 1259
576 1358
1099 1256
1058 1382
1463 1487
368 672
438 442
1452 1489
1469 1499
909 1085
1383 1470
1033 1253
1354 1421
266 896
1339 1368
788 1376
1408 1434
1164 1443
1238 1366
1437 1446
1061 1249
114 996
351 912
937 969
976 1012
745 1231
463 769
1228 1457
654 1231
1205 1406
76 341
733 1035
520 644
625 896
660 1331
475 607
423 679
1258 1344
17 804
1468 1491
44 1435
443 1412
1225 1324
1168 1358
855 1479
1020 1182
422 502
234 260
213 817
1385 1489
902 938
928 1162
1105 1237
941 1414
674 1030
1381 1413
195 1404
1072 1089
1167 1246
616 798
417 827
642 960
1385 1409
1209 1243
469 655
1477 1494
139 315
1433 1472
911 1267
498 1203
1260 1491
891 1124
345 772
875 1209
793 1130
1336 1487
367 427
1242 1252
936 1231
1104 1388
226 1209
893 931
1059 1293
726 1382
982 1207
1193 1491
1243 1390
1195 1411
891 1472
296 502
1146 1291
1377 1383
382 1103
1464 1483
825 902
1216 1446
582 738
214 218
290 395
984 1452
630 681
192 1182
574 1322
1207 1218
166 707
817 868
159 1309
662 873
1430 1435
896 1469
709 1042
517 1293
646 1459
527 685
549 728
1492 1499
971 990
910 1196
740 845
1128 1140
172 495
973 1482
788 1091
66 201
550 1462
1385 1436
905 1135
1116 1151
860 1012
896 994
711 942
1146 1388
411 487
1238 1405
1452 1459
1000 1332
792 931
1467 1497
148 828
49 346
1236 1244
511 1287
780 992
43 385
523 779
257 766
655 1494
197 1370
995 1176
750 909
1424 1456
868 1383
1162 1478
1407 1453
276 361
244 261
1039 1311
1134 1150
431 1478
771 1038
803 895
44 614
1180 1344
886 918
908 1285
504 1381
997 1427
944 1113
805 1474
805 1343
449 1350
52 1221
988 1165
276 1038
1171 1234
194 214
683 1301
870 881
1358 1450
973 1201
233 833
1333 1499
120 1057
364 610
287 1106
1411 1443
126 679
510 1451
795 1087
1005 1115
1170 1404
1285 1440
135 677
128 537
1144 1263
646 919
418 474
120 877
1125 1399
1100 1409
1274 1420
643 1011
1020 1294
1352 1485
637 911
554 840
862 1296
1124 1154
42 172
228 444
1072 1220
709 782
1128 1293
481 785
565 645
1317 1401
182 958
1383 1425
1189 1234
763 1008
726 1282
1095 1460
201 1321
1469 1492
162 977
770 811
685 1140
494 807
1072 1237
349 976
1434 1449
873 1420
1222 1279
96 647
817 924
1240 1313
427 847
419 1121
1308 1451
558 1354
588 889
895 903
493 1047
319 989
90 856
1373 1400
736 846
1037 1105
695 812
849 1311
226 916
928 1308
367 1386
243 1143
386 407
1210 1264
114 589
674 796
1484 1499
