5121
4
8
10
11
12
13
15
16
17
18
19
20
21
22
23
25
29
30
31
33
34
35
37
42
47
48
50
52
58
59
61
62
64
65
69
70
71
72
73
76
80
81
86
87
88
91
92
93
95
98
100
102
104
105
110
112
115
116
117
119
120
121
122
125
127
131
136
142
146
147
150
151
152
153
154
158
167
168
169
172
173
174
177
178
180
182
184
187
188
189
194
201
202
203
205
208
209
210
211
213
214
217
220
223
226
227
230
231
234
237
245
249
250
251
252
253
257
259
264
265
266
267
268
269
270
272
273
274
276
281
282
284
286
291
293
296
297
298
299
300
301
302
303
304
305
306
307
310
311
315
316
318
319
320
321
323
324
325
327
329
332
333
334
335
336
338
339
340
341
342
344
345
346
349
351
352
353
354
355
356
358
362
364
366
367
368
369
370
372
374
375
376
381
384
385
389
391
397
400
402
403
406
407
408
409
410
411
412
415
419
420
422
423
425
426
427
429
430
431
432
434
435
437
440
441
443
445
448
449
450
451
453
454
455
460
462
463
468
471
473
474
475
476
477
481
483
484
489
490
491
492
493
494
496
497
499
502
503
504
505
506
507
508
510
511
512
514
515
516
517
518
520
525
526
528
530
532
533
534
535
536
538
539
543
544
545
547
548
549
551
552
554
555
556
558
561
562
563
565
570
572
575
582
586
588
589
593
594
597
598
604
606
608
609
610
611
612
613
614
617
618
621
628
632
635
637
638
639
644
645
647
649
650
653
654
655
656
658
659
661
666
668
670
672
673
676
680
681
682
683
684
686
687
688
696
697
704
709
710
712
714
716
717
719
725
727
728
729
730
731
732
733
736
737
738
740
741
743
745
749
750
751
753
755
756
757
758
760
761
763
764
765
766
768
770
772
773
774
775
780
781
783
785
786
788
791
793
794
797
799
801
802
803
804
806
808
811
812
813
815
817
818
819
822
823
827
833
834
835
837
843
844
851
852
853
854
855
857
859
860
864
865
869
870
871
872
874
875
877
879
880
885
891
898
900
901
902
903
904
905
909
910
911
915
916
918
921
922
923
924
925
927
932
933
934
935
936
937
938
944
946
947
957
961
962
963
964
965
966
967
969
970
972
975
976
977
978
979
981
982
985
990
994
995
996
997
998
999
1002
1006
1007
1008
1009
1010
1013
1016
1017
1018
1021
1023
1024
1025
1029
1030
1032
1035
1039
1042
1043
1049
1050
1051
1052
1056
1060
1061
1062
1063
1064
1068
1070
1071
1072
1074
1076
1080
1083
1085
1088
1090
1091
1092
1094
1095
1096
1097
1098
1099
1100
1102
1104
1105
1106
1110
1111
1114
1116
1117
1118
1119
1121
1122
1124
1128
1130
1131
1133
1134
1135
1137
1138
1141
1142
1144
1149
1156
1158
1159
1160
1165
1166
1167
1169
1171
1173
1174
1177
1178
1182
1184
1185
1186
1188
1190
1192
1193
1195
1197
1198
1199
1200
1205
1206
1207
1208
1210
1211
1213
1216
1218
1220
1229
1232
1233
1234
1238
1246
1247
1248
1249
1252
1253
1254
1255
1256
1260
1261
1262
1263
1266
1270
1272
1273
1275
1277
1278
1279
1280
1281
1286
1289
1291
1292
1294
1295
1298
1299
1301
1302
1303
1304
1305
1306
1307
1309
1310
1315
1316
1318
1320
1323
1325
1327
1328
1329
1330
1331
1335
1336
1337
1341
1343
1347
1349
1350
1351
1353
1354
1355
1356
1358
1359
1361
1362
1366
1370
1373
1375
1376
1378
1379
1381
1382
1383
1384
1385
1387
1390
1392
1394
1395
1396
1398
1399
1400
1402
1403
1408
1409
1411
1412
1413
1417
1418
1424
1425
1426
1428
1429
1437
1438
1439
1441
1443
1445
1447
1450
1452
1453
1454
1456
1457
1458
1459
1463
1464
1465
1466
1467
1470
1471
1472
1473
1474
1479
1481
1485
1490
1491
1492
1493
1494
1495
1496
1497
1499
1500
1501
1503
1504
1510
1518
1522
1523
1524
1525
1526
1527
1528
1530
1531
1536
1537
1539
1540
1541
1542
1544
1545
1546
1548
1550
1552
1553
1555
1556
1561
1562
1563
1565
1566
1567
1568
1571
1572
1574
1575
1576
1577
1578
1580
1581
1584
1586
1589
1591
1592
1593
1595
1596
1599
1601
1603
1606
1607
1610
1611
1613
1618
1620
1622
1628
1630
1633
1634
1635
1636
1637
1642
1643
1644
1645
1648
1650
1653
1655
1656
1658
1661
1662
1663
1664
1666
1670
1675
1676
1678
1683
1685
1688
1693
1694
1696
1698
1699
1701
1702
1704
1705
1708
1709
1710
1712
1716
1717
1718
1720
1721
1724
1725
1729
1732
1733
1734
1735
1736
1739
1740
1742
1746
1747
1748
1750
1753
1756
1757
1759
1763
1764
1765
1766
1767
1768
1772
1773
1775
1776
1777
1779
1781
1784
1785
1788
1789
1790
1791
1792
1793
1794
1795
1797
1798
1799
1801
1803
1804
1806
1807
1808
1811
1812
1813
1814
1815
1820
1823
1824
1825
1833
1836
1837
1839
1840
1842
1848
1851
1854
1855
1858
1863
1866
1868
1873
1875
1876
1878
1880
1881
1883
1884
1885
1886
1889
1890
1892
1895
1896
1898
1899
1901
1902
1906
1911
1912
1917
1918
1921
1922
1923
1928
1929
1930
1931
1932
1934
1941
1943
1944
1946
1948
1949
1950
1951
1957
1960
1961
1962
1963
1964
1965
1966
1969
1971
1973
1974
1979
1986
1988
1989
1991
1993
1994
1996
1997
1998
2000
2001
2004
2006
2010
2012
2013
2014
2016
2019
2022
2023
2026
2027
2028
2029
2033
2037
2040
2041
2042
2044
2046
2050
2052
2053
2054
2056
2060
2061
2062
2063
2066
2068
2070
2071
2076
2077
2078
2082
2085
2086
2088
2089
2091
2092
2094
2095
2098
2100
2103
2104
2105
2106
2108
2109
2110
2111
2113
2115
2116
2118
2119
2125
2127
2130
2132
2133
2134
2135
2136
2137
2139
2142
2146
2147
2150
2155
2156
2157
2161
2163
2166
2167
2168
2169
2171
2172
2174
2176
2178
2179
2180
2181
2183
2186
2187
2189
2190
2191
2192
2193
2194
2195
2197
2201
2203
2206
2207
2208
2210
2216
2217
2218
2220
2223
2225
2226
2227
2228
2230
2231
2232
2233
2239
2241
2242
2244
2247
2249
2250
2252
2253
2254
2255
2257
2259
2260
2261
2263
2265
2266
2268
2269
2274
2275
2276
2281
2282
2283
2284
2285
2286
2287
2288
2291
2293
2295
2297
2298
2299
2300
2301
2302
2303
2307
2308
2313
2314
2318
2320
2322
2323
2326
2328
2330
2332
2334
2336
2339
2340
2347
2348
2349
2351
2352
2356
2366
2367
2373
2375
2376
2377
2383
2386
2387
2388
2389
2390
2391
2392
2394
2395
2399
2400
2401
2404
2405
2409
2410
2411
2416
2417
2420
2421
2422
2423
2425
2427
2431
2436
2438
2439
2443
2448
2449
2451
2453
2454
2456
2461
2464
2465
2467
2469
2470
2471
2472
2473
2474
2475
2477
2479
2480
2481
2484
2487
2488
2494
2499
2500
2503
2504
2505
2506
2507
2508
2512
2514
2520
2523
2526
2527
2528
2529
2532
2533
2534
2537
2538
2540
2544
2545
2546
2548
2551
2552
2554
2555
2556
2558
2559
2560
2562
2564
2565
2566
2568
2569
2570
2571
2573
2574
2575
2579
2580
2581
2584
2585
2589
2591
2592
2593
2595
2600
2601
2602
2604
2605
2610
2615
2618
2619
2620
2623
2627
2629
2632
2633
2635
2639
2643
2644
2646
2647
2648
2652
2655
2657
2666
2667
2672
2675
2676
2678
2679
2682
2684
2685
2686
2687
2688
2689
2690
2691
2694
2695
2697
2698
2699
2700
2701
2705
2706
2707
2708
2710
2713
2714
2715
2716
2718
2720
2722
2723
2724
2725
2726
2727
2728
2730
2731
2733
2734
2735
2738
2744
2745
2746
2749
2750
2751
2752
2755
2757
2758
2764
2765
2767
2768
2769
2770
2771
2772
2774
2775
2776
2777
2779
2783
2785
2786
2788
2789
2790
2795
2796
2797
2799
2800
2801
2802
2807
2809
2810
2811
2812
2813
2815
2822
2823
2824
2826
2829
2830
2838
2842
2844
2845
2847
2848
2849
2851
2854
2855
2858
2860
2861
2862
2865
2866
2867
2870
2874
2876
2877
2879
2880
2881
2882
2883
2884
2885
2886
2887
2888
2890
2891
2892
2893
2894
2895
2897
2900
2902
2903
2905
2906
2909
2913
2915
2916
2917
2918
2920
2921
2922
2923
2924
2925
2927
2930
2931
2933
2934
2937
2938
2939
2941
2942
2943
2944
2946
2947
2948
2949
2951
2954
2955
2957
2958
2959
2960
2964
2965
2966
2968
2970
2971
2972
2974
2977
2978
2980
2983
2985
2987
2989
2990
2992
2993
2994
2995
2998
2999
3000
3002
3005
3006
3009
3011
3013
3015
3022
3024
3025
3026
3027
3028
3030
3033
3035
3037
3039
3040
3042
3043
3044
3047
3050
3052
3055
3056
3057
3059
3061
3063
3064
3066
3067
3068
3072
3073
3074
3075
3077
3079
3084
3085
3086
3088
3090
3091
3092
3094
3096
3097
3098
3099
3102
3103
3104
3105
3106
3107
3111
3112
3113
3114
3115
3116
3117
3118
3120
3121
3122
3123
3124
3125
3127
3128
3129
3131
3132
3135
3136
3138
3144
3145
3146
3147
3148
3151
3152
3153
3154
3157
3159
3161
3164
3165
3169
3171
3172
3174
3178
3182
3183
3188
3189
3192
3194
3196
3197
3200
3201
3206
3208
3210
3211
3212
3214
3217
3218
3220
3221
3222
3223
3226
3227
3229
3231
3235
3236
3237
3239
3241
3242
3244
3245
3246
3248
3250
3253
3255
3257
3258
3259
3262
3264
3265
3266
3268
3269
3270
3271
3272
3273
3276
3280
3281
3283
3285
3286
3290
3292
3294
3296
3300
3301
3302
3303
3304
3307
3308
3309
3310
3313
3316
3317
3319
3321
3322
3325
3326
3329
3332
3334
3335
3337
3339
3344
3345
3347
3350
3351
3352
3353
3354
3355
3356
3358
3365
3366
3368
3370
3371
3372
3373
3376
3377
3378
3379
3380
3382
3387
3388
3389
3390
3393
3394
3396
3399
3401
3402
3404
3406
3409
3411
3412
3414
3415
3417
3418
3419
3423
3424
3426
3429
3431
3433
3434
3435
3438
3440
3442
3443
3444
3445
3455
3456
3458
3459
3462
3463
3465
3469
3470
3472
3474
3475
3479
3480
3483
3487
3488
3489
3490
3493
3494
3495
3500
3505
3508
3510
3512
3514
3517
3518
3521
3527
3529
3531
3533
3534
3535
3537
3538
3540
3541
3542
3543
3545
3549
3550
3551
3556
3557
3560
3561
3563
3564
3565
3566
3568
3569
3570
3571
3572
3575
3577
3579
3580
3583
3584
3588
3591
3592
3593
3596
3599
3605
3606
3607
3609
3611
3617
3620
3623
3625
3626
3628
3629
3630
3631
3633
3641
3642
3646
3647
3649
3651
3652
3655
3656
3657
3660
3661
3663
3667
3668
3669
3671
3672
3673
3674
3675
3676
3677
3678
3679
3682
3683
3684
3686
3687
3688
3689
3690
3691
3692
3693
3694
3695
3698
3699
3705
3706
3707
3709
3711
3712
3717
3719
3724
3727
3729
3732
3735
3737
3738
3740
3741
3742
3743
3744
3747
3748
3749
3752
3753
3754
3757
3758
3761
3766
3767
3768
3770
3771
3772
3773
3774
3776
3777
3779
3781
3783
3784
3785
3786
3787
3791
3792
3793
3794
3795
3801
3803
3807
3808
3809
3810
3812
3813
3818
3822
3823
3827
3828
3829
3830
3831
3832
3835
3837
3838
3839
3840
3843
3845
3848
3852
3853
3854
3855
3857
3861
3862
3864
3865
3870
3872
3876
3877
3881
3882
3883
3884
3889
3892
3893
3894
3895
3896
3897
3898
3901
3902
3903
3904
3905
3906
3907
3909
3912
3913
3915
3916
3924
3929
3930
3931
3932
3933
3936
3937
3942
3943
3945
3949
3950
3952
3953
3955
3956
3957
3960
3961
3963
3966
3967
3969
3970
3971
3972
3973
3975
3977
3979
3981
3984
3987
3990
3991
3992
3993
3995
3996
3997
3998
4002
4003
4005
4006
4008
4009
4010
4011
4015
4016
4019
4021
4022
4024
4025
4027
4030
4032
4033
4034
4036
4038
4042
4043
4047
4049
4051
4052
4053
4055
4056
4058
4060
4064
4068
4069
4071
4072
4074
4075
4077
4078
4079
4080
4083
4085
4086
4089
4090
4094
4097
4098
4100
4101
4102
4103
4104
4107
4108
4110
4112
4114
4116
4117
4119
4121
4125
4126
4127
4129
4131
4132
4135
4138
4140
4142
4145
4146
4147
4149
4150
4152
4157
4158
4159
4160
4161
4162
4163
4164
4165
4168
4172
4173
4174
4176
4182
4185
4186
4189
4193
4195
4198
4201
4202
4204
4208
4210
4212
4214
4216
4220
4221
4225
4226
4227
4229
4236
4237
4244
4247
4253
4254
4255
4260
4262
4264
4265
4266
4270
4272
4276
4277
4281
4282
4283
4284
4286
4290
4292
4294
4297
4299
4300
4302
4304
4305
4307
4310
4311
4317
4320
4324
4325
4326
4327
4331
4332
4335
4336
4337
4340
4341
4342
4344
4346
4347
4349
4350
4351
4352
4353
4354
4355
4359
4360
4362
4364
4365
4367
4368
4369
4370
4371
4372
4373
4375
4378
4382
4384
4385
4387
4388
4389
4390
4391
4392
4394
4401
4403
4405
4408
4409
4411
4413
4414
4416
4417
4418
4421
4422
4423
4425
4427
4428
4429
4430
4431
4432
4433
4434
4435
4436
4437
4438
4439
4442
4443
4448
4452
4454
4457
4458
4460
4463
4465
4466
4467
4468
4469
4470
4471
4472
4474
4475
4477
4478
4481
4482
4485
4487
4488
4489
4491
4492
4493
4496
4498
4499
4502
4505
4506
4507
4510
4511
4512
4513
4514
4515
4519
4520
4522
4526
4529
4534
4538
4539
4541
4542
4547
4550
4551
4554
4557
4558
4559
4562
4563
4566
4567
4571
4572
4574
4575
4576
4577
4580
4581
4584
4588
4591
4592
4598
4601
4602
4603
4604
4609
4610
4611
4612
4613
4615
4616
4617
4620
4621
4624
4625
4630
4631
4633
4634
4641
4643
4644
4650
4651
4655
4656
4657
4661
4662
4663
4664
4666
4667
4669
4671
4673
4674
4676
4679
4682
4684
4685
4686
4691
4693
4696
4698
4701
4702
4703
4706
4707
4708
4709
4710
4711
4714
4718
4719
4720
4723
4725
4727
4728
4729
4733
4734
4736
4738
4741
4742
4743
4744
4749
4750
4751
4754
4756
4759
4760
4762
4763
4769
4770
4773
4774
4775
4776
4782
4786
4787
4789
4792
4795
4797
4798
4803
4804
4805
4806
4809
4811
4813
4815
4816
4820
4821
4823
4825
4826
4829
4831
4832
4835
4837
4840
4843
4844
4848
4851
4852
4855
4856
4857
4860
4861
4862
4865
4867
4868
4873
4874
4875
4879
4881
4882
4884
4885
4887
4889
4890
4891
4893
4896
4899
4903
4905
4907
4908
4909
4911
4912
4913
4916
4917
4918
4921
4922
4924
4926
4927
4929
4932
4933
4939
4943
4945
4946
4947
4948
4949
4951
4952
4954
4955
4956
4959
4963
4964
4965
4970
4972
4974
4977
4979
4980
4983
4984
4985
4989
4990
4991
4992
4996
4997
4998
5000
5001
5002
5003
5004
5005
5006
5010
5012
5014
5016
5018
5019
5020
5021
5023
5025
5035
5036
5037
5040
5042
5043
5045
5047
5051
5052
5053
5054
5055
5056
5057
5059
5060
5062
5063
5065
5069
5070
5071
5072
5073
5074
5076
5079
5082
5085
5087
5088
5089
5091
5092
5093
5094
5095
5097
5099
5100
5101
5103
5104
5108
5113
5114
5115
5116
5118
5121
5122
5124
5126
5127
5129
5130
5131
5132
5133
5134
5136
5137
5139
5141
5142
5143
5144
5145
5147
5149
5150
5151
5155
5156
5157
5159
5161
5162
5163
5166
5169
5174
5176
5178
5181
5185
5186
5189
5191
5193
5196
5197
5199
5202
5203
5207
5213
5214
5215
5217
5218
5220
5222
5223
5224
5228
5233
5238
5244
5245
5247
5248
5249
5253
5254
5256
5259
5260
5261
5262
5263
5267
5268
5272
5273
5276
5277
5283
5285
5286
5289
5291
5293
5294
5296
5298
5299
5300
5301
5302
5305
5306
5307
5310
5311
5312
5313
5314
5315
5316
5321
5322
5323
5324
5325
5327
5332
5334
5335
5339
5340
5341
5343
5344
5345
5348
5349
5350
5352
5355
5361
5362
5363
5364
5366
5367
5369
5374
5375
5376
5387
5388
5390
5393
5394
5397
5398
5399
5403
5405
5407
5408
5410
5411
5412
5413
5418
5419
5421
5422
5423
5424
5425
5426
5430
5434
5435
5437
5445
5446
5447
5448
5449
5450
5451
5456
5460
5461
5463
5464
5465
5466
5468
5469
5470
5472
5475
5478
5479
5484
5485
5486
5488
5489
5490
5493
5496
5497
5498
5501
5503
5506
5507
5512
5514
5519
5520
5522
5524
5525
5526
5531
5533
5535
5537
5541
5542
5546
5550
5551
5552
5553
5555
5557
5560
5561
5564
5566
5567
5568
5569
5570
5571
5576
5579
5581
5582
5583
5585
5586
5589
5590
5596
5597
5598
5599
5601
5602
5603
5604
5607
5608
5609
5610
5612
5615
5617
5618
5619
5620
5623
5624
5627
5629
5630
5632
5636
5639
5643
5647
5651
5653
5655
5659
5662
5663
5665
5666
5667
5668
5670
5673
5674
5678
5679
5680
5682
5684
5685
5686
5688
5691
5693
5698
5699
5703
5704
5706
5708
5709
5711
5714
5715
5716
5717
5718
5719
5721
5722
5724
5726
5728
5729
5732
5733
5734
5736
5738
5740
5743
5750
5751
5753
5755
5758
5762
5763
5764
5765
5767
5768
5769
5770
5772
5775
5777
5778
5779
5781
5788
5789
5791
5792
5794
5797
5798
5800
5801
5802
5803
5804
5808
5814
5817
5822
5823
5824
5829
5830
5831
5833
5835
5836
5837
5838
5845
5846
5852
5853
5854
5857
5860
5863
5864
5865
5866
5867
5868
5872
5873
5875
5876
5878
5879
5880
5883
5885
5888
5889
5893
5894
5896
5897
5899
5900
5901
5902
5906
5907
5910
5912
5914
5917
5920
5923
5926
5927
5928
5933
5937
5938
5939
5941
5944
5946
5948
5950
5951
5952
5953
5956
5957
5959
5961
5962
5966
5967
5974
5975
5976
5977
5987
5988
5990
5991
5994
5996
5997
6001
6003
6004
6006
6007
6009
6011
6013
6014
6016
6018
6020
6021
6023
6025
6033
6035
6036
6038
6039
6041
6042
6044
6046
6047
6048
6050
6051
6052
6053
6054
6055
6056
6059
6060
6065
6067
6068
6073
6074
6078
6079
6080
6081
6084
6085
6086
6087
6088
6089
6092
6093
6097
6100
6103
6104
6105
6107
6108
6111
6112
6114
6118
6119
6120
6124
6125
6126
6129
6131
6133
6134
6136
6137
6138
6139
6140
6141
6142
6147
6148
6149
6150
6151
6153
6154
6158
6161
6162
6164
6165
6166
6168
6172
6173
6174
6177
6178
6180
6182
6185
6187
6189
6190
6191
6192
6193
6194
6195
6199
6200
6206
6207
6210
6211
6212
6213
6215
6216
6217
6219
6221
6223
6225
6226
6228
6231
6232
6233
6235
6240
6241
6242
6244
6245
6246
6247
6250
6252
6253
6254
6255
6259
6260
6262
6266
6271
6274
6275
6277
6278
6279
6282
6283
6287
6288
6289
6297
6298
6301
6306
6308
6310
6311
6314
6317
6318
6320
6325
6327
6331
6334
6336
6340
6341
6344
6345
6346
6348
6351
6352
6353
6354
6355
6356
6359
6361
6362
6364
6365
6366
6367
6368
6370
6371
6373
6374
6375
6377
6378
6381
6382
6383
6387
6391
6392
6393
6394
6395
6396
6397
6398
6399
6400
6401
6402
6404
6406
6407
6410
6412
6413
6414
6415
6417
6420
6421
6422
6425
6426
6428
6429
6431
6438
6439
6444
6445
6446
6447
6449
6450
6452
6453
6454
6456
6457
6458
6459
6461
6464
6465
6470
6473
6475
6478
6480
6482
6483
6484
6487
6490
6493
6494
6498
6499
6500
6501
6502
6507
6508
6509
6510
6512
6517
6518
6519
6520
6521
6523
6524
6525
6529
6530
6532
6535
6536
6537
6538
6539
6542
6543
6544
6546
6549
6553
6554
6555
6556
6559
6561
6562
6563
6566
6567
6570
6571
6572
6573
6574
6575
6580
6583
6587
6588
6589
6590
6591
6592
6596
6598
6600
6601
6602
6609
6611
6613
6614
6615
6617
6618
6619
6620
6623
6626
6628
6630
6631
6633
6635
6637
6638
6643
6644
6645
6646
6647
6648
6651
6653
6654
6656
6658
6659
6660
6662
6663
6665
6666
6667
6668
6669
6673
6674
6675
6676
6680
6684
6687
6690
6691
6694
6696
6697
6698
6699
6703
6705
6706
6707
6708
6709
6710
6711
6714
6715
6716
6717
6719
6720
6721
6722
6729
6730
6732
6734
6739
6741
6744
6745
6746
6747
6748
6750
6751
6752
6753
6754
6756
6757
6760
6762
6763
6764
6765
6767
6768
6771
6772
6776
6777
6778
6779
6781
6786
6787
6788
6792
6795
6797
6798
6799
6800
6804
6805
6806
6809
6810
6811
6812
6813
6816
6817
6818
6819
6820
6821
6824
6825
6826
6827
6829
6832
6833
6834
6836
6837
6838
6841
6843
6846
6847
6849
6852
6854
6859
6860
6865
6869
6871
6873
6874
6875
6878
6880
6881
6882
6883
6884
6885
6887
6888
6891
6892
6893
6895
6896
6897
6900
6901
6907
6909
6911
6915
6917
6918
6921
6923
6924
6929
6930
6931
6932
6934
6936
6941
6943
6945
6947
6948
6949
6952
6953
6954
6955
6956
6960
6964
6965
6970
6972
6975
6976
6977
6978
6979
6980
6981
6983
6984
6985
6986
6987
6990
6993
6994
6996
6997
6999
7000
7003
7004
7006
7008
7009
7011
7012
7013
7014
7016
7020
7021
7022
7023
7026
7027
7030
7031
7033
7036
7040
7041
7043
7044
7046
7047
7052
7053
7055
7056
7057
7058
7061
7062
7063
7066
7067
7070
7072
7073
7074
7079
7081
7084
7085
7086
7091
7095
7098
7099
7104
7105
7107
7109
7110
7111
7116
7117
7119
7124
7125
7126
7127
7130
7131
7132
7133
7134
7138
7141
7146
7153
7155
7156
7158
7159
7164
7165
7166
7167
7168
7169
7170
7174
7175
7177
7180
7182
7187
7189
7190
7191
7192
7194
7195
7196
7198
7200
7203
7204
7207
7208
7210
7211
7212
7213
7215
7217
7218
7219
7220
7221
7222
7224
7226
7227
7232
7236
7240
7242
7243
7245
7247
7250
7251
7252
7253
7254
7255
7256
7258
7259
7260
7261
7265
7266
7270
7271
7274
7276
7279
7281
7282
7286
7287
7288
7289
7293
7294
7297
7300
7301
7302
7305
7306
7307
7310
7311
7312
7314
7315
7316
7317
7319
7320
7321
7322
7323
7327
7329
7330
7331
7332
7335
7337
7338
7340
7341
7343
7344
7345
7349
7350
7351
7352
7354
7356
7357
7362
7365
7366
7367
7368
7373
7375
7376
7377
7378
7379
7382
7386
7391
7392
7394
7395
7396
7398
7399
7400
7401
7402
7403
7405
7406
7407
7408
7409
7410
7412
7413
7415
7417
7418
7419
7420
7423
7424
7426
7428
7429
7430
7433
7436
7440
7441
7444
7445
7447
7450
7451
7453
7458
7461
7464
7466
7469
7478
7482
7485
7487
7489
7491
7493
7497
7499
7500
7501
7503
7505
7506
7509
7510
7512
7513
7515
7516
7517
7518
7523
7524
7527
7529
7532
7535
7537
7538
7544
7546
7548
7550
7551
7553
7554
7555
7556
7559
7560
7563
7564
7565
7568
7571
7573
7574
7575
7576
7579
7580
7581
7583
7585
7588
7589
7590
7591
7592
7593
7594
7595
7596
7597
7598
7599
7600
7601
7602
7606
7607
7608
7609
7611
7614
7616
7619
7622
7624
7627
7633
7634
7637
7638
7639
7640
7642
7643
7645
7646
7648
7649
7652
7654
7656
7657
7658
7662
7663
7664
7665
7666
7667
7668
7670
7672
7676
7677
7680
7682
7683
7685
7687
7688
7693
7694
7695
7698
7699
7700
7702
7703
7706
7708
7709
7710
7717
7719
7720
7725
7727
7728
7729
7733
7734
7735
7737
7744
7748
7749
7752
7753
7756
7757
7759
7764
7766
7767
7769
7770
7771
7775
7777
7780
7781
7783
7785
7787
7788
7789
7791
7792
7794
7795
7796
7797
7799
7804
7807
7808
7813
7816
7818
7821
7822
7825
7830
7831
7832
7833
7836
7837
7838
7839
7843
7844
7845
7846
7847
7849
7851
7852
7855
7858
7859
7862
7865
7866
7871
7872
7873
7874
7878
7882
7884
7885
7887
7890
7892
7894
7895
7896
7902
7903
7904
7907
7908
7909
7915
7916
7918
7919
7920
7923
7926
7927
7928
7931
7935
7939
7941
7945
7946
7948
7949
7950
7952
7954
7956
7957
7958
7959
7962
7963
7964
7968
7969
7971
7972
7973
7978
7979
7980
7983
7984
7987
7988
7991
7992
7995
7996
7997
7998
8000
8001
8003
8004
8008
8011
8012
8014
8015
8016
8022
8024
8026
8028
8029
8032
8034
8035
8036
8039
8040
8041
8042
8044
8048
8051
8052
8057
8059
8060
8061
8063
8064
8065
8075
8076
8077
8082
8084
8087
8088
8089
8090
8091
8092
8095
8096
8097
8098
8099
8100
8101
8102
8106
8107
8109
8110
8112
8114
8124
8125
8127
8130
8131
8133
8135
8137
8138
8142
8143
8146
8147
8150
8154
8155
8156
8157
8158
8159
8161
8162
8163
8164
8171
8172
8178
8179
8181
8182
8184
8185
8186
8188
8189
8192
8195
8197
8198
8203
8211
8212
8213
8218
8219
8220
8225
8227
8228
8232
8234
8236
8237
8239
8244
8247
8249
8250
8251
8253
8255
8259
8261
8262
8263
8265
8268
8270
8271
8274
8277
8278
8279
8280
8281
8282
8285
8286
8290
8291
8292
8294
8297
8298
8299
8301
8303
8304
8306
8308
8312
8313
8315
8316
8318
8320
8321
8322
8324
8326
8327
8330
8331
8332
8333
8336
8337
8338
8340
8341
8342
8344
8347
8348
8350
8352
8353
8355
8357
8359
8362
8365
8366
8367
8375
8380
8381
8382
8384
8385
8386
8387
8389
8392
8394
8395
8396
8400
8405
8410
8411
8412
8415
8419
8421
8422
8423
8426
8427
8428
8430
8433
8435
8439
8440
8442
8448
8450
8453
8456
8457
8458
8463
8465
8466
8469
8470
8472
8473
8475
8476
8477
8478
8479
8483
8487
8488
8489
8490
8493
8496
8497
8500
8502
8505
8506
8507
8510
8511
8512
8514
8516
8517
8518
8524
8529
8531
8533
8536
8538
8542
8545
8548
8549
8550
8552
8553
8554
8555
8556
8558
8559
8560
8561
8565
8567
8568
8571
8575
8576
8577
8578
8584
8585
8586
8587
8590
8591
8593
8595
8596
8600
8601
8602
8604
8607
8608
8609
8614
8615
8618
8620
8621
8622
8625
8626
8628
8629
8632
8633
8635
8636
8639
8640
8641
8644
8647
8648
8651
8653
8658
8659
8660
8664
8666
8667
8668
8670
8671
8672
8674
8676
8677
8678
8680
8681
8683
8685
8688
8690
8693
8694
8699
8702
8705
8706
8707
8709
8711
8712
8713
8714
8716
8717
8718
8719
8720
8722
8726
8727
8731
8735
8737
8739
8742
8743
8744
8746
8749
8751
8752
8754
8755
8759
8760
8761
8762
8763
8764
8765
8767
8770
8771
8772
8777
8778
8781
8784
8790
8791
8792
8793
8799
8800
8803
8805
8806
8807
8808
8809
8812
8814
8816
8819
8821
8824
8826
8827
8829
8833
8834
8837
8842
8844
8845
8849
8850
8851
8852
8854
8855
8857
8859
8861
8862
8864
8865
8868
8872
8873
8876
8878
8880
8881
8882
8883
8884
8885
8888
8893
8894
8899
8901
8904
8906
8907
8910
8912
8913
8915
8916
8918
8920
8921
8922
8923
8924
8925
8929
8930
8931
8933
8938
8939
8941
8942
8946
8948
8951
8952
8954
8956
8959
8961
8963
8973
8974
8975
8976
8977
8980
8982
8984
8985
8988
8989
8990
8993
8996
8997
8998
9000
9003
9006
9008
9009
9010
9012
9013
9014
9015
9016
9017
9018
9019
9020
9021
9022
9024
9026
9028
9031
9032
9035
9036
9038
9039
9044
9045
9046
9047
9048
9050
9051
9052
9053
9055
9056
9057
9059
9060
9067
9068
9069
9072
9076
9077
9078
9079
9080
9083
9084
9085
9087
9090
9091
9092
9093
9094
9096
9097
9098
9101
9103
9108
9111
9112
9113
9114
9115
9117
9119
9120
9121
9125
9126
9129
9131
9132
9136
9137
9138
9139
9141
9145
9146
9147
9148
9150
9153
9154
9156
9157
9158
9159
9160
9161
9166
9169
9171
9174
9176
9179
9183
9184
9186
9189
9190
9193
9195
9197
9198
9200
9201
9203
9204
9207
9208
9210
9211
9213
9215
9218
9220
9223
9224
9225
9228
9229
9230
9231
9234
9236
9237
9239
9241
9242
9244
9246
9247
9248
9249
9251
9253
9254
9255
9258
9260
9261
9263
9264
9267
9269
9272
9274
9276
9277
9279
9281
9285
9288
9289
9290
9292
9293
9295
9299
9300
9302
9305
9310
9312
9313
9315
9316
9319
9320
9323
9324
9327
9329
9330
9331
9333
9335
9339
9342
9344
9345
9346
9348
9350
9351
9355
9356
9359
9361
9363
9366
9370
9372
9373
9374
9375
9378
9379
9380
9383
9385
9388
9389
9391
9392
9394
9395
9396
9397
9398
9399
9400
9402
9403
9411
9412
9416
9417
9418
9420
9423
9425
9427
9428
9430
9431
9432
9436
9437
9438
9441
9443
9445
9447
9449
9450
9451
9452
9453
9456
9463
9467
9469
9470
9471
9475
9477
9478
9480
9481
9483
9484
9485
9486
9487
9488
9490
9492
9494
9496
9501
9503
9505
9506
9507
9508
9509
9510
9511
9514
9515
9518
9522
9525
9526
9529
9530
9533
9534
9537
9538
9539
9543
9545
9546
9547
9548
9549
9550
9551
9552
9553
9556
9558
9562
9563
9564
9565
9566
9567
9569
9571
9574
9575
9579
9581
9582
9583
9585
9586
9587
9588
9591
9594
9597
9599
9600
9605
9606
9609
9610
9615
9620
9622
9623
9624
9627
9628
9630
9631
9632
9635
9636
9639
9640
9642
9645
9646
9647
9648
9649
9650
9652
9653
9654
9655
9657
9660
9663
9665
9667
9668
9671
9674
9675
9677
9679
9680
9686
9688
9690
9691
9693
9695
9696
9699
9700
9701
9702
9706
9707
9708
9715
9716
9719
9720
9721
9722
9725
9726
9727
9728
9729
9730
9733
9735
9736
9739
9743
9744
9747
9748
9751
9752
9753
9754
9755
9758
9759
9760
9761
9763
9765
9766
9767
9770
9771
9772
9773
9775
9776
9780
9781
9783
9785
9786
9787
9789
9792
9793
9794
9800
9801
9802
9804
9807
9808
9812
9814
9818
9819
9820
9821
9822
9823
9826
9828
9832
9833
9836
9839
9840
9841
9843
9844
9846
9847
9851
9852
9853
9855
9856
9857
9858
9861
9862
9863
9866
9868
9873
9877
9880
9881
9886
9888
9890
9892
9893
9894
9897
9898
9899
9900
9902
9903
9904
9905
9907
9909
9912
9913
9914
9915
9920
9922
9927
9929
9931
9932
9933
9943
9944
9947
9949
9952
9955
9959
9961
9965
9966
9967
9973
9984
9986
9987
9989
9993
9994
9995
9996
9997
9998
10000
