X Y C
29,735938 15,255762 Y5VII
17,048616 0,728669 Z1II
5,621102 15,546477 J5IV
-6,597415 2,851095 S4III
6,445415 8,146758 N0VII
21,409342 2,321121 Z9VI
-8,058665 -18,097472 G6III
6,726085 -4,894501 Z7VI
-5,093677 6,433869 L5II
-27,821459 2,206708 L4V
-25,964474 -6,175116 S0IV
-7,915746 2,099606 G8I
21,121588 -0,885370 Z0V
2,561833 -3,237914 G0I
-19,993443 -24,834634 Z7II
21,223652 0,464890 Y9VI
2,587900 -4,877717 N8II
-6,559693 5,291377 J0V
2,629689 10,444074 Z5I
20,455028 -3,931136 L2III
-5,888694 3,370375 J5IV
2,699484 -3,895291 Z2II
7,731503 -3,849671 Z4VI
17,459104 0,347923 L9I
-4,336531 1,562661 Y9IV
-5,809916 2,373456 G7III
18,244579 -1,870363 N5III
17,850503 32,061016 J0V
17,953014 0,506998 G5III
1,828289 -5,622976 J1III
40,519896 -7,321855 L4IV
18,124508 -23,281604 N9V
-3,796249 1,711560 Y9VI
3,184717 12,693954 S5V
5,284397 -7,886110 L2IV
6,507970 -3,034751 S1VII
19,520832 3,243112 L5III
-9,317888 6,311852 L9V
-8,531145 4,092720 G2IV
5,876767 -1,679135 N9VI
6,541975 -8,495215 L9II
16,582638 2,994138 Y7I
2,354409 -4,044100 L7V
8,251112 -4,963855 Z4IV
5,421771 -1,670457 S2VI
-6,648703 5,176070 N7III
2,926006 -7,122041 J6II
6,457828 -5,642809 J0I
-17,381548 -0,208718 S4VI
-25,091961 25,408843 N9V
6,909401 -4,106315 J5VI
14,183354 -25,422165 N5VII
-18,836758 -26,271681 N9VII
-7,764014 6,292544 G7III
22,358701 0,880014 Y6II
-2,237567 -25,998977 Z4IV
17,810332 2,842526 Z3VI
24,050080 -15,896425 J0V
3,164836 10,324112 Y3I
29,682924 -26,388647 J5VI
3,456714 -7,455360 G2V
8,329693 14,746906 L3VII
8,570081 -4,822608 Y4IV
-8,105895 6,598977 Y7V
17,489254 1,293839 G4I
16,949793 2,214049 N0VII
7,003869 -7,661704 G1III
20,096413 -2,567168 N7IV
-4,641913 8,362160 Z9III
1,254663 -5,383176 G8IV
-4,437615 7,130836 S0V
20,919257 1,204170 J2III
-22,273434 21,376397 G1II
2,664122 -5,113243 L2IV
17,062783 -0,385163 Z1IV
5,911674 13,045499 J0II
14,120129 17,801999 Z7II
3,273510 -2,089304 J2II
-9,911404 4,152576 Z1II
3,631345 13,642543 G4V
16,734869 3,489369 Y1VII
14,607784 -2,326022 G4VII
1,145213 -5,211106 G1VII
18,043430 -1,151286 L8III
-2,245602 4,541649 G1I
7,187087 -5,058959 S4I
-4,280547 8,526658 L7V
6,433034 -8,234236 Y5III
17,384101 1,856379 L0II
-23,898942 3,287563 G6I
17,247161 0,502788 L3VI
10,253161 11,887143 G7II
18,256966 14,689194 L3V
19,874529 -2,914869 G3V
4,997284 -1,308368 N0IV
1,929034 -3,065878 Y0VI
17,671727 3,150308 G4II
3,175961 10,239590 G9III
5,647492 9,001687 J5V
20,099782 0,192739 N0III
15,616906 0,035470 J4III
4,981588 15,103506 S4V
6,798614 8,615793 G7VI
-9,716774 5,319895 G2I
6,508682 8,487408 L0V
18,068520 -2,968771 S9V
18,239728 -2,756779 J7II
4,781957 -9,024242 S6II
-8,192091 2,807801 G1VI
26,664905 13,180897 Z9VII
6,341876 -4,010084 L5II
19,485138 -1,458971 L3V
-7,844819 3,967085 J8III
21,580061 -2,712882 L7VI
20,272644 0,145813 Y0V
-3,069546 -17,377038 S0VII
7,818363 -2,809808 N8IV
2,246673 -6,928049 Y4VII
-5,436586 -13,175908 S1I
4,302151 8,294052 L8VI
20,567129 -0,322939 N6II
8,170807 -6,353227 S6VII
16,664476 32,394658 L4I
-5,884345 9,367751 G1V
15,292637 0,077078 L0VII
31,646791 -0,315414 L7III
-4,343981 3,018118 Y9III
28,913248 -2,250477 Z5V
17,631331 -21,872101 G6VI
-4,860431 2,461106 G4I
31,678220 -20,424146 J1V
16,096309 -2,341440 S6I
0,737837 -6,455439 G3III
-14,382986 19,264321 Y9VII
6,350738 11,829892 N6I
-29,793183 -10,496092 G2III
-19,438338 27,814337 S9V
15,088476 -0,073175 J3I
17,419957 -0,329646 Y3VII
7,572102 -7,983330 Y1III
16,035718 -0,840128 Y8VI
7,154371 -6,115908 G7III
-10,857247 34,677370 L1II
4,539452 -2,640339 Y9II
4,992296 -3,346883 S1I
0,265554 20,399455 Z1III
20,777005 -0,535106 Z9I
27,756868 -18,090379 G7II
9,050115 13,643387 Y7I
-24,206767 19,317447 Z5I
6,946706 -5,673535 L7VI
35,414127 17,306093 G0VII
15,425686 2,553706 S3III
15,921687 -2,136841 Y2IV
3,400351 -5,100245 L8V
21,422667 -2,024996 Y0IV
-23,955398 -18,159706 G3III
4,967225 -5,981773 G9III
21,663987 -0,429764 L9VII
-14,492960 23,676020 Z5I
5,384762 10,662390 G3II
18,743488 -0,510415 S9VI
-7,729767 32,674390 Y3III
-13,936841 -27,699160 J0III
-17,706823 24,296891 Z1V
5,094000 -5,509689 S6IV
4,838442 11,784877 G1I
-4,537683 -9,168142 Z3VI
-4,837281 7,614387 L4I
3,731810 10,663560 Z3III
-2,623480 32,914656 S9I
-5,428963 1,575679 G0IV
16,535766 3,158617 J9I
8,113430 13,324540 G5VI
9,396643 22,154653 N4I
4,054508 9,544463 Z5III
-15,397511 30,707922 J0I
3,359162 10,753513 Y0IV
5,519386 -5,843422 Z7II
2,943149 -4,245727 G2V
-6,082194 4,984834 N3VII
9,634468 10,976258 J1VI
1,566281 -7,250878 S5VII
-7,025761 8,221783 J2VI
17,370843 2,900198 L0IV
20,855806 -1,872937 L1VII
6,615040 -5,789560 G9V
-5,632864 2,752467 L8V
16,381757 27,256843 S1V
14,820040 -0,773836 L5IV
-17,596527 7,795023 Z4IV
7,299795 -8,278409 G6II
3,285525 9,750041 G4II
4,370919 10,623353 N8VII
15,846994 0,449529 N4II
-2,795253 6,161393 G6V
-4,345151 1,189320 J1VI
-12,829758 -13,075255 N2VII
0,936250 -5,197570 S8V
8,174316 13,552344 Y7III
18,168543 -0,879584 G5VI
33,914499 16,058278 G5IV
3,683056 9,550009 L8VII
-8,982561 3,021244 Y5VI
21,212339 -0,506943 S7V
3,702153 -3,540861 L7V
5,349467 -2,701418 Z6V
37,132394 30,352466 L4II
-2,132187 4,913391 G2II
1,068829 -6,892337 Z0VII
-4,951517 1,924261 G3VI
-1,833663 5,100166 L2VII
3,598132 -3,445328 Z2VI
2,052799 -7,990847 S2V
33,985019 28,418784 N9IV
20,068167 -2,016016 L8III
-6,896214 3,760012 J4IV
4,899836 -7,826849 Y1VI
-29,943741 33,050041 S1V
25,215311 -10,680616 Y9III
16,141180 0,158987 G2VII
7,592378 11,763369 G0II
31,720234 -6,851146 J3I
-1,037306 -16,990349 N9II
2,405582 11,463432 Y5II
16,650347 0,118135 N9III
-18,359709 21,494702 S5II
-6,573016 7,069636 S8VII
6,224366 -6,969378 J7I
-29,015358 -1,143839 L5II
15,814226 24,470632 Y3IV
2,447009 -5,693897 L0IV
-7,503244 -18,391737 G8VII
-7,113643 8,346827 S0VII
1,128014 -4,640080 J7III
-3,361684 4,032017 G8I
-4,140949 4,056088 Y1VII
5,477986 -7,962993 S6VII
22,078974 -0,091851 G0II
18,998059 -3,090221 S9I
2,110979 -6,773440 L0III
21,859871 0,661013 J8VII
14,131057 -1,149616 L2VII
20,110713 2,853733 J5VI
25,493130 12,413401 G3III
-6,057003 1,749478 S8III
2,083291 -18,329680 Z7V
3,322092 -9,217951 N3V
19,253263 0,503899 N3I
-8,057894 8,440697 G6V
5,301512 14,048652 Z7I
6,233130 10,375431 J5VI
19,536875 -0,801380 Z7III
5,525214 -9,184303 S4V
5,999044 15,710042 J8IV
4,789872 7,851894 L8VII
3,602285 -2,425357 G1II
16,992795 -1,148541 Z8II
-16,636900 -24,009874 G2III
-6,148588 8,106527 L9VII
-2,656723 6,219599 N4II
3,468188 -2,538286 N1VII
-11,622992 -3,522412 L9V
6,823464 -2,632277 Z9VII
6,137497 9,176697 N2II
22,215741 1,102512 N7II
22,022229 -11,519944 S8II
4,689448 -8,252808 J3II
4,675384 -3,298055 L8VI
7,166431 -5,466968 S0II
27,681791 19,480946 J1II
-27,493987 -9,852300 G3V
37,623289 15,415591 J9IV
7,858455 8,972522 J7III
2,398718 -5,838108 G3II
-9,705499 6,091609 N4II
5,822400 -5,242020 L2IV
0,698794 -6,092070 N9IV
-3,859887 -25,805962 Z6I
6,117750 -4,169206 J8V
38,235896 20,606692 S3VII
22,236005 0,744887 J1VI
8,304028 -3,703534 Y4II
18,423031 -3,960227 Z3VI
2,340162 10,112862 G1VII
-4,217051 1,244691 Z9V
6,588186 13,704589 G7IV
15,073192 -0,781786 S3II
20,885424 1,123014 N1V
-6,086356 21,197013 N6VI
28,475495 34,817845 L5VI
-4,689594 2,186812 N9III
9,152446 13,957879 L3VI
17,195696 0,994049 S3I
5,734013 10,608464 Z7II
6,146038 12,426939 J8III
2,294093 -7,223271 L2II
1,810677 11,996487 S7VI
17,170739 2,286204 J3V
23,831655 29,697060 N1VII
22,453111 -26,837622 J7II
21,671575 16,187395 N8VII
32,822534 -21,897571 J6IV
1,533249 -5,442812 Z0IV
18,692653 2,424719 G6I
-4,355074 6,785252 Y5V
19,577118 -2,681550 Y3II
20,391067 3,140859 J8II
-8,656739 4,139580 Y5VI
7,952175 15,083045 S1III
4,256170 -9,379009 Z9III
5,031943 -1,222302 Z1IV
6,953384 7,920418 Z4VI
6,173686 -8,090177 S8III
2,079864 -3,209099 G4VI
20,244182 1,991254 Y8VI
-7,969553 4,879062 L5IV
21,354597 2,048483 N5III
6,866176 8,884554 G0II
-11,155044 31,101908 Y7IV
39,101583 9,220327 J2III
8,325064 10,613883 S3IV
-4,634303 1,207326 G8IV
-6,223684 4,797711 J2IV
-4,114224 3,640485 L9VI
-13,471158 -3,118566 L8VI
-4,487587 -27,258072 G4VI
8,541315 12,821503 S0IV
-7,250572 -10,491790 J0V
15,335707 2,364938 L9VI
22,033268 -0,780677 L4IV
2,570711 -6,844657 L8IV
4,342010 11,560647 J5II
1,910370 -6,799714 L3V
-7,006736 7,531112 L0II
7,594021 8,447799 N9VI
-9,412793 4,974883 S0IV
-17,475104 -3,003486 L5VI
-6,905683 7,201699 L4VI
2,110927 -1,598161 N0II
-2,429891 7,025666 G1V
-6,679887 8,102094 L2II
34,962871 -7,148880 N7IV
1,944638 -7,979212 S4VI
7,035571 -8,351014 L8IV
7,349971 10,292158 Y3II
6,140068 9,006478 S5IV
5,055368 14,577813 Y2I
16,263088 -2,479091 L8VII
7,681919 11,977939 Y3III
8,858078 10,341089 L0I
4,788227 8,026872 N7V
2,195352 -8,336816 L7VII
9,879177 11,502025 J1V
17,323413 -25,777877 Y0I
21,117109 -3,201938 L6VII
4,763424 10,817671 Z9II
15,227203 -1,853463 L0I
-9,274211 -25,583589 S8I
18,209297 3,386739 G5VI
17,437873 -3,627147 G3VII
9,702143 12,235900 Y1V
5,093151 -4,364362 G9V
-18,817844 10,415387 Y6III
-25,499090 3,569168 Y2VII
5,550261 -5,830583 N6III
3,251391 -4,998534 J5VII
32,488453 2,578934 Z7VI
8,097370 -3,649618 N1II
6,841768 -2,586471 N9VI
-4,443167 5,834406 Y7II
2,700061 12,998160 Z8VI
8,882704 8,748336 L0VII
15,132526 -0,802426 N3I
-18,494414 27,839366 L9II
3,809822 10,184793 N6IV
1,400396 26,523364 G5V
20,147679 -0,157517 L7II
19,594300 3,428467 Z1II
14,356716 -0,716715 J6VII
7,867177 9,568780 J6II
-9,239551 7,281782 J2IV
-3,422407 -10,908185 J3VI
10,188111 11,578733 N3VI
-6,237429 1,451502 N0III
19,950635 1,630116 S1VI
15,373518 0,724039 G1IV
2,477752 -7,764677 S4IV
29,636806 0,376750 J5IV
4,558168 -3,711991 L5VII
18,967545 31,289812 Z9IV
21,020921 22,063606 Y7III
-3,973355 3,988122 S6III
19,394984 -1,285918 G1VII
-22,618305 -13,310323 S3I
3,348283 -9,060428 L7VII
4,304723 -15,964097 L8IV
5,403742 -7,879434 S4II
16,420821 -2,440659 Z8V
-21,608474 -3,336352 L4VI
3,449684 -4,637936 Z7IV
30,316768 -11,441411 Z7VII
24,475311 -18,727682 Y2IV
21,376297 -2,485588 L3IV
-7,349321 3,619828 N5II
-4,873430 6,389904 L2I
4,399099 15,578196 G7VI
3,024817 -8,373640 L9VII
-8,685323 2,087202 N5I
-8,774933 5,047593 J3III
3,749230 13,527332 G5II
6,978067 13,159443 L0II
3,492432 8,382457 Y5II
3,099446 -1,414626 S3IV
6,755505 -5,631857 Z2VI
5,887914 -8,909377 J0VI
21,349593 -3,045032 S7V
-4,704137 2,182607 G3V
6,408456 -4,653013 Z9VI
-22,105198 6,424669 J0III
5,246488 15,204769 Z8II
18,681695 -0,168957 J4VI
18,211749 -0,728067 S9V
7,500847 -14,088295 Y6I
20,160345 30,022672 N4VII
5,190087 9,639630 G2I
3,380474 13,880487 Y5V
-1,901178 6,282459 L4V
-2,002878 24,358412 L3VI
-7,437211 2,201650 S7IV
26,823503 34,104430 L0VII
5,126067 11,676162 Y4VII
14,577318 -11,667096 G2V
-5,315091 7,938686 S8IV
3,018920 -3,661207 J6IV
3,192138 -6,275338 S5II
2,854044 -3,255239 G0II
2,191060 10,733209 Z7V
17,519961 1,799008 J4VII
5,288989 -5,418156 G8VI
6,801744 8,195098 G0VI
-8,070950 2,189661 L8VI
7,131749 10,400427 J0V
7,245226 -6,045208 Z0VII
20,725310 2,900805 J4III
17,855179 -3,234078 Z0IV
4,779285 9,834506 Z4III
-8,656542 2,950493 G1VI
-2,618282 7,572904 J2IV
12,331268 30,031268 Z6III
-6,278520 3,681536 Y3VII
6,981611 -3,607411 Z1IV
3,310015 11,469540 S4IV
-2,099562 6,296042 Z3III
-5,593139 3,348746 Y8IV
0,698212 -7,059800 Y0VII
18,732060 -2,790651 J6VI
41,727920 -10,878421 N1I
3,503097 -3,482301 G8IV
-1,920039 6,473489 J5I
3,264819 -1,826524 J1VII
10,245748 -17,156470 Z4III
27,570768 35,199332 S2V
3,050385 -3,641544 L5III
-5,592648 7,564769 Z0II
9,636188 10,171159 J7I
2,104597 -2,400437 Y0III
7,386122 14,534492 Y1VII
21,576573 -1,075508 Y5VI
5,366193 10,616000 Y5VII
7,997881 13,535876 G8VI
-2,516204 6,039437 J3V
3,553467 -8,609152 Z1II
-3,994030 5,823550 Z8IV
20,240591 1,866955 N6IV
6,947742 10,780666 Z6VII
10,527533 26,294378 Y2VII
6,903737 11,603093 Z8V
18,279540 1,096770 N6V
8,356204 13,282831 Z6II
8,813535 11,942119 N1II
1,208195 -7,087796 Z9VII
6,120668 14,839202 Z7VI
-2,766168 3,092334 N8IV
41,620134 -2,269364 Z9VI
6,797580 8,850506 N6I
2,868841 -5,494074 Y8VII
40,280030 -11,865798 Y8VII
6,936947 -6,472161 S0VI
2,232671 -8,007216 J0I
16,656654 1,854482 J5VI
18,950193 -0,116372 L6III
-10,008454 4,612502 Y2III
-6,340009 8,154208 J3III
3,458651 11,665645 Z4VI
2,630304 14,239196 Y9V
8,575589 12,822846 G6VI
7,383912 12,136687 N7IV
-13,489703 -20,211773 L9VII
8,306626 -3,258541 Y9II
31,452852 -0,511992 J2VI
19,977980 -3,572985 N5II
1,514010 -3,406757 L0V
2,014552 -3,589858 S9VI
-15,207005 14,205438 N6VI
36,083642 -24,634143 Y1VI
14,578115 -1,262847 G7IV
-4,708956 3,170333 S8VI
-8,179845 3,370526 Z1I
6,038017 9,938850 Y8IV
-4,416061 3,729672 S1VI
16,586482 0,897437 Z1II
-7,582701 8,805730 S9I
-3,372788 3,066704 N9V
4,370479 8,456857 Z8IV
25,235926 19,402819 J8II
5,330063 -4,248458 Z9I
18,119842 0,358006 Y6III
2,414508 10,750124 S4III
14,426356 1,001121 J1V
-2,419621 6,266017 N5V
-9,107154 2,884684 J4VII
20,877916 -1,490748 S8I
32,493266 -7,141529 J5I
20,297199 -0,246679 S5VI
20,451757 -3,281878 Z5IV
-4,732670 8,202766 J5IV
-7,341984 1,687972 L0VII
17,284804 2,017156 N6VI
21,125311 1,647988 Z4II
-0,486572 -14,806381 Z7I
3,078076 12,534709 S2V
3,168388 -6,085175 N2VI
18,911512 -0,382734 S1II
8,516281 12,369588 G7III
17,816483 1,499418 Y7VII
-3,384788 2,800901 J4IV
-4,922651 1,965791 Y7II
20,370847 -0,784690 Z5II
1,087341 -4,592217 S8I
6,919142 14,419241 J5I
2,445937 13,013567 J9II
26,001639 31,293963 N2IV
6,230133 -7,104225 L1V
-3,286853 6,983415 N4III
5,485275 -2,946079 N7II
2,758300 11,042518 N9III
8,274023 8,709090 N0I
9,732019 10,892179 Z5VI
6,474539 10,449430 S3VI
-9,035288 2,867777 N0V
-4,242348 6,928095 Z8VI
5,963146 10,777985 L2IV
15,020890 1,387034 J5I
9,396864 13,061039 Y5III
1,347621 -6,018791 S7V
17,525471 3,211982 Y0VI
18,303163 -2,630753 N9VII
-5,742799 5,867828 S5VII
-4,288716 1,560014 L8III
5,734826 29,814430 Z1II
12,046898 25,361803 G5III
4,218190 -2,535952 G9I
35,977448 1,767046 N2I
3,260736 -4,278845 N3VII
15,762889 1,565903 L6I
-12,398627 15,954076 G9I
18,664171 -1,709555 Y8VI
-23,728312 -21,040213 S5VII
21,359147 -2,124367 G2V
3,842508 -4,569228 S1I
8,512475 14,170990 Z8V
17,989192 -0,669371 G7II
-3,239710 3,476857 J3II
3,505522 -3,886866 N4V
18,704809 1,139127 Z7II
6,264902 -4,944176 L0VII
-8,065862 1,578909 G6V
-1,754208 6,251122 G4VII
2,037100 -3,580869 N9II
1,939491 11,998051 N5II
-5,778874 1,212362 G3II
-16,768327 20,632678 J4I
4,292828 -4,199600 Z7I
-2,361949 5,457331 Y6IV
3,213373 -2,371335 L0V
7,120074 8,413197 S3V
-16,119283 17,577218 J9IV
-2,658167 3,852707 L2VII
41,487017 -5,520448 N6IV
-8,265402 4,026946 N6VI
-4,142641 2,910483 J3VI
18,009958 -1,893223 L2V
2,952868 -2,290291 S2V
3,393606 -3,432415 L7IV
39,046195 -26,017813 Y2IV
5,526473 -8,278937 L1III
21,581312 0,856743 Z3VII
1,616941 -2,118224 J9IV
5,839167 -5,651111 Y2VI
9,945287 12,319388 J9VI
5,406098 -8,759765 G1V
6,553844 -4,855913 J1IV
39,023849 -14,080186 Z2VII
4,854334 -7,364762 Z4III
-5,254311 5,066157 S3II
-8,797260 -22,090837 L2III
17,306751 2,744307 L8IV
15,807850 1,411626 N1V
-6,180973 3,219767 Z8II
3,621337 -2,258530 L1VI
19,898861 -1,299468 S7II
16,372884 -3,790271 L3I
6,627726 -2,545998 J7I
18,538439 3,659505 Y0I
17,347791 -1,237181 G2V
12,163264 21,404136 J3VII
5,897758 -5,041461 N1V
17,226099 0,880559 S5IV
7,539871 12,669126 L1I
-6,088717 33,819948 N2VII
19,638029 -2,891433 S8VII
-6,794138 2,923245 J5V
7,358241 9,597687 N7V
19,576755 -2,737557 N3II
13,728521 26,134140 J7I
-4,039779 3,886730 S7II
20,314637 -2,226431 G1II
20,095234 1,864510 G8II
19,643287 -1,119163 N5II
2,845346 12,827748 Y7I
16,442898 -0,840813 J8I
-8,772821 3,704279 J2VII
-23,473143 -22,296044 Z1VI
2,628757 12,462222 Z7V
2,807790 12,797329 N8IV
-16,306104 -9,748178 Z7II
17,645856 0,138608 J0III
1,916499 12,236389 Z8I
-21,408803 19,885769 N2VII
-4,372291 7,215877 Y2III
-4,096941 32,153366 N1VII
-7,232436 29,604808 Y3V
-14,158060 34,024719 S5I
15,435071 1,513601 S1VII
17,835922 2,471820 G7I
18,473068 -21,420827 G5VI
7,463037 -3,979049 Z2VII
37,231875 25,034641 J3III
2,510770 9,265422 L3IV
23,115486 -22,323151 L8VI
0,848800 -7,264548 N4II
1,932793 -6,822623 J2III
20,295032 1,567356 Y2VII
1,604061 -4,474795 S9VI
5,712123 -3,518321 S0VII
3,632207 11,592023 L9III
-5,895200 6,931964 Y3III
18,975968 -1,420737 Z1VII
18,908018 -1,820867 N0IV
6,677894 -7,202291 G2II
5,288857 7,881832 J7IV
-4,692539 1,398221 G4VI
15,682230 0,021324 S0II
7,775308 -2,520146 G9V
0,666603 -4,140714 L4III
5,529033 8,685519 J4III
6,319408 9,672231 J4II
2,728717 10,048686 L7III
4,283921 11,367536 G9VII
-7,989039 4,913181 G2I
-5,653729 6,810631 Z9V
7,276615 -7,047438 S4III
-5,634933 7,913945 Z0V
2,665361 -16,435106 Z5VI
2,988282 -3,164047 J4V
7,209465 -7,960204 Y5IV
8,147762 13,825033 L7I
7,194322 -5,983625 Z6II
20,860730 -0,443240 N5VII
4,962202 -8,349805 L0II
1,094467 -5,392680 L5VII
-8,091708 2,028173 Z5I
6,400893 -2,368282 S6VI
29,255219 4,041496 L4VII
14,616445 1,638868 N1II
4,742776 -3,695231 J6III
-3,200670 4,781072 J5III
-6,674958 3,762095 N6VII
-13,338500 -15,042918 Z0III
-6,052571 -22,337355 Y2III
6,543200 -6,460053 L6II
10,532629 -17,808144 Y2VII
20,606609 1,161256 S6VII
6,397213 -7,206141 L0II
3,449721 -23,170073 Y1VI
3,531179 9,508981 N2III
1,720654 -1,952048 G3VII
-6,145721 8,248688 L4I
-8,633000 8,088283 L7VI
4,830185 10,256068 G4II
8,014338 10,157949 N2V
28,736795 18,102109 N9V
2,366357 10,526442 Y5IV
-5,118379 7,679904 Z5I
21,646135 0,636821 G7III
21,609460 -1,796483 J0I
20,282137 3,365145 S0IV
20,153034 -3,415228 J4VII
3,082799 12,255200 Z3I
19,655428 -0,416945 J0IV
19,082571 -2,083504 S9IV
-0,632452 -26,996980 Y1III
4,065910 -4,425856 G4IV
5,270550 8,398376 N9I
-17,296607 29,707428 Y4II
28,794290 -2,489477 S2III
17,335191 1,781391 Y4VI
2,667018 10,319161 L4I
-14,282183 35,890918 N8V
0,402369 -4,865383 Z9VII
2,378545 -8,696373 J5VII
-19,047608 -16,673284 L8I
-5,018851 4,253710 Y9IV
-11,561634 -26,092064 Y1II
-15,193499 13,031906 G2VI
-23,124619 16,926493 G5VII
4,012753 -7,570496 Z9IV
-6,292475 1,378286 N7I
30,377775 11,312875 N7VI
7,844423 13,244545 Z3I
36,810931 -28,693608 S4VII
16,909470 -1,813315 J5II
0,591098 -4,793889 Y2II
7,976320 -5,720648 Z9III
21,493380 0,551574 S6II
3,713432 13,228814 G8II
-29,031751 9,444122 G1III
4,316735 -8,845653 Y4VII
-7,098421 7,940535 L7VII
5,516001 -3,507296 L0V
10,219666 11,574203 L0II
2,501192 -8,055804 S8IV
-25,723437 -19,556213 Z6II
5,173969 10,497447 S5III
34,571187 -3,582847 G8VI
-4,201789 15,008520 L7IV
-18,450172 -2,302247 L2III
16,971701 -3,417361 J0VI
14,253726 -0,561734 G6III
5,560870 -1,044963 Y5VII
4,594421 10,520189 S4IV
6,575123 -4,349664 L6VI
19,192023 -1,758231 N6I
-28,980399 19,024472 J6III
18,598960 2,228142 L8VI
-2,820405 2,562573 S3II
-5,534268 1,568983 G7II
5,426319 9,208628 G4VII
36,498953 -18,779741 G5II
5,766025 -7,490469 L6VI
14,427764 1,144667 J0I
4,171624 -23,371643 Z1VI
-7,076939 6,644079 N3VI
-2,113208 6,934569 J6V
2,372510 -3,972647 N6III
-11,469351 -7,049001 Y1IV
17,966243 0,968286 N2II
5,497252 -8,216829 L6I
8,514468 12,810262 Y8IV
5,989710 -1,685268 Z0VI
17,202094 3,555110 L0IV
15,695818 1,461065 L9V
19,508313 -0,988805 S7III
7,407366 -5,057296 Y8V
-9,794732 5,241749 Y5VII
-5,654470 5,721035 Z8VII
16,150011 -3,658716 J3IV
5,955210 -5,984003 Y6III
27,996707 -22,134499 J4VI
6,912099 -2,638947 Y5V
5,088002 11,413033 Y2I
2,210689 -26,156111 Y6VI
16,229167 -1,313962 G7V
8,576357 9,168578 L2I
3,845409 -1,061680 G2V
-26,335151 27,384578 L9II
3,897057 10,105957 L9V
3,832740 -8,902312 Z0VII
5,943084 8,449385 N9III
18,789762 -1,796095 Z8I
7,660050 11,373693 G5V
4,993078 10,023708 L3VI
2,618072 -8,370732 N6VII
7,114775 -5,099284 L9III
15,538141 -1,580604 S9II
19,978072 -0,007318 Z7I
14,098550 30,652995 L0I
42,612035 -20,924052 Z8V
6,938420 8,823862 L0V
20,606193 -2,253406 Z8IV
2,408322 -6,166023 J5II
-3,477831 -13,581943 N4III
-2,588714 6,937510 G3VI
4,816018 11,002299 Y5VII
3,971699 -8,756522 J1V
-7,752516 2,295060 Y4VII
-6,548696 2,073451 Y1V
6,249797 15,564855 Z7I
-6,183520 5,987357 N1VI
41,745824 -6,580421 Z1III
-2,649979 2,797528 Y5III
-8,017945 16,639188 Z5VI
17,045579 -1,158364 J2II
-1,264100 -27,390914 Y2IV
-9,353325 13,880997 N3III
6,810858 -5,705383 N3VII
6,408415 -8,123856 G5II
-6,772691 -8,837597 S0VII
-23,304130 17,546538 L6VII
-4,423118 7,654510 S4II
20,345389 -2,957897 G5VII
15,232174 35,504994 Z0III
7,377413 -5,091534 J0VI
14,854391 21,044259 Y5III
5,357351 -4,092563 G2IV
9,254146 9,022173 S0VI
5,919564 -1,162078 L4V
28,310457 -6,451374 L0VII
23,446738 25,780920 Z7VI
-13,153790 -15,052332 N7I
16,914339 -4,134091 Y4IV
3,824843 14,437165 L0VII
2,971558 -6,731899 J0I
6,009506 -6,376575 S4VI
3,898870 -7,600546 Y4II
38,304365 -9,223513 S0V
-21,887350 18,289728 J1V
-8,146353 6,865069 Z2IV
-3,382238 6,545889 G1VI
42,310390 8,091632 L4III
14,022581 32,544044 Z6IV
17,738979 0,661258 Y9VI
18,802416 16,097064 S5I
16,587918 0,037049 S9VI
7,807128 -3,441342 J7I
-21,254589 23,621437 Y7V
2,417468 -5,956247 L6IV
2,446347 14,006194 Y0II
-7,047006 6,149781 G9I
4,789616 9,535271 Z5II
22,255096 -0,301422 L7IV
2,933474 8,732091 G0III
-4,745792 9,117916 L0VII
-10,811186 -23,435646 J6V
14,649429 -22,758252 S1VI
-3,168554 3,281588 S0II
39,399018 18,118853 G0IV
16,359057 -2,438950 Z3VI
-3,749878 8,114538 Z3I
7,210757 10,870922 N8V
2,699531 11,936154 G7VI
3,327593 14,038498 S8VII
8,922125 10,796756 L1IV
9,670070 11,903498 Z0VI
6,702048 8,167226 Y5VII
-8,380450 6,957678 Y8IV
5,339310 9,879570 L1II
18,005224 -1,839224 G3III
3,593074 -1,812999 L8III
-7,465990 8,139134 L0III
5,650530 12,488757 G9VII
3,032247 27,629492 J0II
-5,660769 2,619147 G0IV
5,852152 14,366814 L1VI
-2,375941 7,153855 N5I
-8,629908 5,419070 Y3IV
9,331186 10,655158 Z5VII
6,292250 9,351034 N0III
17,804008 3,392524 J6VII
17,421072 0,064387 S6III
-6,267763 3,820721 Z8II
5,246001 -2,012228 S3V
22,361069 0,656139 G4III
17,096588 2,087547 Z6IV
40,389346 8,059748 N2III
4,044394 9,975902 N1I
-6,567167 2,797867 N0II
12,410876 -21,101664 J9VII
-21,545066 -22,219873 S9III
15,684804 0,320117 Z2II
17,829223 2,470075 G3V
-2,333202 3,542607 Y6I
31,167373 -2,956434 N4VII
-5,946937 3,320780 N7I
-3,945812 1,640858 S2VI
19,030668 -3,607376 L5III
0,418615 -4,871207 J3V
2,326570 13,603512 G6II
21,354527 -27,162635 G9V
1,769881 -5,462251 N7V
-8,006964 1,458030 J2V
-9,135195 4,456936 L4VI
-7,386378 2,329542 Z9IV
5,506659 14,027248 S0IV
28,856701 -0,431758 Z2III
7,304795 -2,777951 J2VI
-4,992103 4,843618 Y2III
-8,542722 5,906192 G7IV
3,324360 11,236202 Z5V
4,563095 -4,616246 J6III
15,724875 -0,449055 Y4VII
13,069991 -21,263543 N3IV
17,437397 -4,191244 S7VI
17,537833 -2,477974 J8II
3,953019 14,104249 Y0VI
9,915287 32,654169 Z7V
0,837423 -6,665433 Z3II
5,227452 -4,290664 G6VI
7,544730 -8,091180 N3I
-6,145936 7,211472 Y7IV
18,332254 -2,540599 G8II
5,303853 -6,609767 J7V
3,361680 -2,742572 G5III
7,218555 11,314115 Z2II
-3,283459 5,249757 S1V
2,246606 -7,137485 Y6V
-6,599913 3,706026 Z9III
20,001073 -3,379187 S0I
-28,216881 35,568666 N3VI
-4,873531 6,857706 N4I
36,331094 -4,467421 Y4II
2,149120 11,028973 G0V
15,126571 -2,732774 Z2IV
-28,505258 -20,315813 Y3II
4,380966 15,001766 J9V
-6,081614 2,811652 Z7VI
7,118574 9,429547 S7IV
-9,144765 3,853102 N2V
-5,925635 1,089706 G8II
-2,039172 3,615547 J1I
42,611881 25,716544 N1VI
-29,073849 17,136877 L6VI
19,118206 -1,734349 G0II
21,769509 0,014559 S1VI
15,161865 -24,161779 N2IV
1,063110 -6,954940 L0III
17,796266 2,536649 J0VI
-12,840680 14,897551 L7IV
-24,883039 -11,471264 L4VII
5,846386 -26,492956 N8V
-15,730840 -20,126458 Y5II
17,431683 -15,291426 Z8V
-8,927093 30,826775 L8VI
17,459894 -1,165861 Y8III
3,973316 12,420587 Z6IV
-3,870565 1,860577 N1VII
2,357536 -2,007600 Z9VI
2,605811 10,538293 J1IV
19,161160 -1,173729 L6VI
7,095297 15,667983 G7IV
1,703028 -20,013104 J2I
18,607036 -1,216389 J1VI
19,749884 -1,042029 N3II
-27,287934 20,355368 N5VII
17,870291 -2,221866 Z9III
20,177837 -0,658400 L3II
5,963554 -1,286748 J2VII
3,220524 9,884757 J2II
19,451382 -28,576857 S3I
18,802318 -2,454097 G0IV
15,712341 -3,189816 N0II
-5,868390 8,690547 Z9VII
-4,503522 5,992851 Z7II
19,949637 -2,585129 G9IV
9,694727 11,933015 J6I
-3,689307 5,384661 J9VI
7,346704 10,002017 L9VII
-1,769948 3,839636 Z0V
15,685253 0,705283 N0II
17,166306 -21,141433 Y6I
19,906848 -2,411455 L9II
13,563247 21,464354 G5V
14,842455 -0,415571 L2II
21,554420 -2,277832 G6V
2,400216 11,336056 Y6VI
-7,392698 21,700945 N6IV
4,679727 -2,914469 L1I
36,157856 26,048301 Z5II
-7,381941 1,663910 L5I
4,710834 -1,993089 L2I
4,482495 -2,396754 Y5I
2,946159 -6,712861 J8II
3,606014 11,281760 Y4VII
15,921059 -0,090877 Z2VI
8,307543 13,951767 Y7VII
-4,509558 8,088340 Z5VII
7,977826 11,790455 N1VII
1,273685 -2,688728 Y8III
-5,500213 2,939058 S2VI
39,839788 -18,655785 N7V
-24,318114 -19,087296 Z0III
7,106190 12,887477 N8II
14,639577 -0,413861 S8VI
19,088354 3,228738 Z2III
21,507991 13,749464 Y2III
18,191692 -3,560502 Z4II
-4,002801 1,753569 G5V
2,163081 -6,314530 S6II
4,041624 10,743647 G5V
3,959263 -4,207726 J6III
-5,242959 4,780547 J7VI
-7,504492 2,242455 G6I
9,305665 11,645145 G9III
-2,488235 3,936034 Z5III
17,006997 2,964543 S8VII
22,982610 -25,467430 Z1III
22,290415 0,971745 S6II
35,470349 26,887584 L8IV
-4,902223 8,735422 Y7VI
18,147672 -0,914366 Y1IV
8,567068 8,711341 S2III
-7,819104 7,258326 N6VI
-8,537832 4,877353 N7I
-8,834655 34,914558 Z1VI
-2,004480 4,035673 Y6V
-11,120244 -19,334623 L3I
9,116489 14,067728 L8VI
16,003761 -2,156370 S3V
1,247258 -2,894120 Y1VII
6,131137 -2,643775 S9VI
-1,805323 -17,358627 Y1IV
6,935525 8,879376 S4III
1,021076 -4,212131 S8II
-23,225418 34,475293 Z7IV
-18,889958 12,147777 J8III
15,343053 -1,440846 Y3III
7,997430 11,457797 S1II
-27,271338 35,577843 G5IV
5,231565 10,810657 J6I
-7,206940 2,435329 G3II
8,113436 12,541989 L5VII
17,713154 -4,238681 Y1VI
28,952958 6,608428 G7VII
15,465365 -0,096778 J1I
-26,402370 33,867218 J9III
-25,222199 -1,065218 N8IV
5,250620 7,611858 G2III
9,028436 14,522947 L4III
2,137147 9,769776 J4IV
14,319023 0,374845 J2V
-6,030427 8,567530 J4VII
2,001647 -1,645354 G1VI
35,654522 9,141371 L9VII
-7,436006 6,621822 Y2II
7,463017 15,055664 L1IV
-17,502732 16,900900 G9I
19,751950 3,007817 Y2I
18,068531 0,970946 G9V
-18,910949 -19,549438 S1III
-12,884914 29,059772 Y5II
1,728420 -2,753743 G9V
18,298810 0,764545 J3IV
-7,491664 7,895329 J5VI
10,252915 11,752612 L6II
18,316622 2,888463 J1VI
21,448132 0,445399 N1VII
7,191441 7,948150 S1II
-11,535012 28,008684 Z8VI
8,067881 9,620548 S8IV
5,226546 -3,456118 G9III
6,184816 -4,534561 J2II
5,085783 -9,134997 Z5VI
7,949416 -26,888651 Z9III
17,258946 2,488777 L4II
-28,085085 0,723392 S1II
1,555433 -3,170729 N4VII
1,995383 -6,634600 Z1I
-6,168664 7,534970 G7I
5,499510 -8,668478 S6III
-8,853470 -24,094760 L9VII
10,057729 11,886852 G3IV
5,824101 9,055838 S4I
20,577700 23,240707 N1II
4,423539 8,273616 Y2I
34,697727 7,288586 N9III
19,236941 1,445006 J5II
19,345391 3,794488 G4II
-26,712310 -3,193547 Z2I
-4,783359 1,662785 G6II
26,028329 -25,446034 J6VII
14,110754 -28,266267 Y1IV
8,770441 -4,838372 N0V
6,461144 10,105161 G8V
3,072183 -7,647663 Y0V
7,125287 -7,665775 N8II
5,830146 12,880350 Z8IV
-1,211777 25,705630 N4I
30,661958 30,643555 L2IV
-3,061171 2,844046 S7IV
18,254123 -12,938560 G6I
18,185679 -4,265700 Y4IV
-9,549918 5,649240 L2V
4,477580 -5,019013 Y1VII
19,897340 -22,311093 G0V
8,360148 12,657565 L2III
21,764933 -1,336686 L1VII
20,970979 1,420338 Z2VI
8,059915 8,341801 S4III
3,041646 11,473807 Y5V
0,884875 -6,684302 Z4VII
11,292818 34,903496 Y3V
16,121726 0,386357 J9VII
29,864745 0,605783 J9V
-14,246503 18,746804 Y9III
20,677526 -2,559970 J4II
4,359285 -1,430340 S0VII
6,048392 -3,402958 J6IV
20,221689 -3,588607 S0I
27,845290 -27,788108 J8I
-26,388257 -21,920301 J6VII
-27,210947 -3,549591 N6VII
-15,962756 32,757837 J8VI
20,391899 -1,656635 J8III
-5,294337 4,225039 Z3III
4,248920 12,649795 S5II
7,629168 -28,317181 J2II
-5,874406 2,123699 L9II
22,112434 -1,122980 N8II
17,020751 -2,169880 L1IV
-4,192371 8,292358 Z2IV
6,011802 12,422247 Z3I
-8,161551 27,278922 L6II
-9,764369 5,390332 S4I
-25,167778 20,814576 Z5IV
22,103621 -1,374065 S7I
19,194040 -2,015798 J2V
5,567944 13,582133 Y1I
4,818844 7,684465 L7V
20,063053 3,615663 J3IV
-1,042239 22,842111 J3II
20,968485 1,237348 G9III
17,752276 -2,850111 G1IV
-6,604450 -20,081554 J9V
18,560278 -3,161909 Z1VI
7,290961 11,414361 N1III
35,905920 -13,329064 Z5VII
19,593462 2,136940 J8IV
7,524589 10,847130 S5VII
6,675745 -3,664813 S9VII
-6,873023 3,502092 Y7VII
14,031068 21,445603 Y9VI
16,725291 -1,415381 G1VI
19,414763 -1,891070 S9VI
-2,844240 5,348529 G2III
22,773892 29,423077 J6V
19,512780 -0,806467 L7V
18,561150 -18,478986 Z8IV
3,885859 14,155378 S0VII
15,161205 1,701331 G8VI
-6,387914 6,227030 L3III
8,147086 12,967433 L0III
6,045707 25,948362 Z0V
-8,509828 3,846341 J4VI
8,044412 13,936548 Y6VII
8,562331 14,409004 G7V
7,995011 12,264698 J2I
15,610169 1,860228 L9V
1,963449 -2,822466 Y8IV
4,456628 -0,901585 S6I
15,503296 0,417287 Y7I
15,011313 -1,914669 Z5II
-7,948553 7,443073 N9II
-28,095970 15,601033 J4VII
4,954051 11,549492 L3III
4,475996 -7,106279 G1I
5,670007 -4,272878 N9V
15,448196 1,455514 G0III
-22,659152 -0,224906 N2VI
8,960610 11,291818 J5I
20,037942 2,096243 Y8IV
32,119202 26,075003 Y0VI
17,681786 -2,393821 G0III
34,203570 -27,073385 Y3III
21,342114 -15,237701 Z9VI
41,321072 -13,521740 G9V
26,242180 -7,653314 S6IV
-7,520015 2,820683 J2I
15,987284 32,065784 L6III
4,353359 13,424796 G3I
16,155149 0,698820 J1VI
5,703224 -9,142360 S4I
20,696608 -3,465662 L9I
5,745221 14,309012 Z5VI
1,469185 -4,824535 L0II
4,743894 13,700681 J1III
3,972801 -5,930614 L5I
7,583872 11,638731 Z1IV
1,630005 -3,691566 Z3V
8,306012 9,892712 N3V
1,608351 -4,589506 Z4I
20,279014 -2,915403 L3IV
6,675349 13,710276 S5IV
-2,948523 2,784409 G2II
20,463621 1,001430 Y2IV
-4,487228 8,507571 S2VI
2,863607 -5,537637 L0VI
18,418578 -3,185151 J0VI
-6,957076 6,188956 Z8V
-6,457261 1,204753 J8I
-0,040366 24,474329 J5II
12,374004 -10,696618 G1IV
-29,008359 -23,012872 Z8V
16,695118 -0,452091 L5VI
19,579818 0,699829 Y2IV
10,769677 23,860493 S6IV
-8,967006 5,702050 N0V
-7,160401 7,585725 Z5IV
-6,788491 2,526650 N8III
-26,731715 26,136527 S9VII
19,366629 -4,104552 Y6VI
-8,464085 4,311161 J6III
25,955869 -15,569738 J9III
7,882449 14,341239 Z1VI
-14,136668 -12,961505 S9VI
-4,501374 2,486983 Z9II
3,473674 -4,307687 J0VI
3,160443 14,331714 S9I
-8,803341 2,936988 Y8VI
21,546286 2,473824 L3VII
-6,489641 8,822465 L7I
-9,500529 6,396301 L1V
5,136096 13,997260 Y2II
17,552534 0,929647 Z0II
21,230180 -0,492862 N6VI
18,822085 -25,813642 Z2IV
8,205715 -3,369494 J6III
40,938569 -9,256103 Y7VI
4,127859 12,655454 G4IV
9,008024 13,658408 G6VI
17,988498 22,924402 Y6IV
39,594946 -8,988388 J5III
-7,636541 1,798481 Z1II
3,944710 -3,327155 L4II
1,560753 -4,192173 J6I
-8,274857 6,469710 G9II
3,558390 35,388408 Z1VII
6,045102 -3,129129 G3III
18,322316 3,411146 N7V
5,038655 -8,467982 J7II
18,665924 0,599942 Y3VI
-25,014505 -9,944640 N0IV
4,724926 -2,158723 L6II
19,177682 0,753699 Z0I
-14,360011 0,725959 N5VII
7,498970 -2,970974 J1III
-3,383514 2,011054 Z4I
-12,554098 25,257402 Z0VI
5,869600 12,648799 L2IV
-4,462651 5,970432 L9VI
-8,885928 -17,971227 S6III
-21,655996 1,018376 J7I
19,754596 1,967107 L0II
3,547845 14,426408 J8IV
-5,541247 4,360582 S2VI
18,207095 -4,436781 L7IV
9,569414 35,098082 G7II
6,155032 15,825510 Y6VII
-28,650819 27,838589 L6II
9,762509 12,924503 Z8I
-9,467108 -3,851219 S5II
19,845217 -1,684671 N9I
-18,113345 33,178686 Z7III
-6,923173 6,913523 G4VII
5,177349 -6,694872 Y2I
41,346621 -18,737572 N5VI
19,874475 -2,777945 N0V
17,685976 16,650947 Z6I
8,144388 11,308258 Y8II
4,816247 -9,336563 S9V
