X Y C
-1,796128 0,812675 G1I
9,015893 -7,358523 B6IV
9,077149 -2,743065 F0V
10,117951 -3,177259 M7V
7,513094 -5,138593 F7III
17,343274 10,435869 F1VI
1,039278 -1,283289 O9VI
-0,760960 -1,168736 K1II
14,818688 7,900151 A4VI
-0,472772 1,115166 G2IV
17,360284 8,893010 B2I
-2,058107 -0,744804 A2V
13,965513 9,559038 A2II
15,940749 9,042255 A1II
9,608935 -7,721448 M6VI
12,985362 10,064564 A5I
-0,804425 -1,965799 F5V
17,048218 10,630953 A0IV
1,532476 -2,061648 M7II
-0,087061 0,529908 M3III
7,410584 -4,577814 B4IV
12,637165 9,768851 A5IV
-1,446126 1,316530 B6V
0,098033 -2,214414 K8III
-1,058901 -0,647194 A3IV
14,921956 7,767072 A4VI
-0,160900 1,359494 O0III
15,320441 12,508075 B1I
10,373439 -6,727015 A3IV
1,593887 0,274320 M1VI
8,993715 -5,092164 F2VI
12,984418 10,176110 F8II
9,503999 -3,550970 O3VI
11,713297 -4,881770 A5VI
-0,749386 2,075537 F2II
11,305888 -5,891776 B2III
11,548581 -3,092910 G4V
14,873865 10,786012 K1IV
10,633875 -2,782207 B4V
-0,877982 -1,818154 M6VI
14,487102 10,701459 G3VI
12,179161 -5,594499 A8I
8,729940 -5,796809 O9II
1,754714 -0,663495 O4IV
8,005580 -6,353528 O3I
8,381371 -4,013020 G5VI
0,844219 -2,426844 G2III
15,195593 11,405996 A9I
-0,136400 2,681579 K8IV
15,530033 9,494808 O1III
14,135117 12,461264 O8V
17,555713 11,244991 K7II
11,483790 -3,749678 F4I
16,956143 11,649317 M3III
0,708023 0,792577 M8III
8,097859 -3,747011 O8II
1,381946 1,818638 M1IV
15,238295 9,352725 A6IV
14,433010 9,014258 F2III
-1,159684 -1,807301 O3II
15,533442 8,150410 M2VI
0,178935 1,510436 A0III
13,261975 8,230579 G1IV
15,295282 8,994213 G2I
1,525363 -1,519316 M9V
15,114591 10,049839 F6V
17,309443 9,877387 O2II
-0,463505 -0,694021 O3II
0,367734 -1,775457 M0II
12,951272 8,940157 K2I
14,187669 10,980228 F1I
-1,492987 1,717624 F5VI
0,888502 -1,069512 M6IV
7,816402 -6,760954 G6I
15,522529 10,199721 M1VI
14,224563 9,642099 M3IV
14,239143 12,301898 K3VI
9,297470 -3,298607 K0III
14,158534 8,737836 O9IV
15,198543 9,182741 M9IV
-0,693965 1,023378 F0V
14,736063 9,973344 O6II
-2,205698 -1,008519 F3II
15,086627 8,476327 A8IV
0,327246 -1,836656 K7I
9,043990 -3,985927 G7IV
-1,088408 -1,107441 F5IV
10,726115 -2,959571 G9VI
16,408217 8,504549 B2II
9,605673 -4,154056 K3I
15,596993 10,411727 K1VI
2,073935 1,483657 F9I
-1,973876 -1,638608 M1II
-0,770739 -2,423963 K4II
11,866229 -6,451640 F2V
16,258826 8,597587 G3III
-0,202365 1,822083 M2III
11,960137 -5,767036 A8V
-0,326918 -1,863052 K3III
9,450869 -7,014698 B4VI
0,369138 -1,585387 M4IV
-0,311605 -0,228416 B3II
17,595120 9,956830 A9III
-0,028872 2,487668 K7V
13,352841 9,710030 G3VI
-1,258105 1,560103 G7III
7,660557 -3,326239 B9V
11,528758 -4,275822 G9I
12,604214 10,099600 K4VI
7,442967 -4,371298 B5I
13,435227 10,181849 A7II
16,105820 11,762715 B3I
10,845614 -3,781477 F8I
12,081005 -5,900326 F1II
-1,102476 0,218773 G6V
2,266757 0,697186 K0III
1,530073 -0,639597 B2I
11,822796 -5,790829 B8IV
15,179639 9,152320 A8VI
2,466919 -0,996585 B8II
7,795520 -6,110011 B1V
14,925047 10,712844 F9IV
13,061746 8,657782 G1III
9,127843 -4,371685 F4VI
-1,330918 -0,283131 O4III
15,244448 12,622439 A6V
0,641015 -2,350281 O6I
7,620825 -3,704340 K2III
8,977629 -4,637021 K7II
12,010492 -6,171385 G0IV
14,606619 9,248666 M0IV
10,371281 -2,932315 A1V
8,638563 -3,821795 B5V
13,989478 10,242551 M1III
12,099859 -4,005761 F6VI
15,709752 9,123771 K5I
10,122348 -2,674802 M4I
16,970624 10,564974 A6V
9,718478 -6,694664 O8VI
10,056776 -7,610491 K7III
0,759119 2,528458 B8IV
8,500876 -5,364990 O1VI
10,534412 -6,116564 O7III
11,915990 -5,470740 F4IV
8,807228 -6,103360 F0II
10,396624 -5,048227 M3III
13,325330 11,031818 M3II
14,897936 11,247597 G7III
14,096060 7,627444 A8V
1,219393 -1,622640 F3III
-1,021571 -1,637003 F0I
2,163795 0,494058 K7I
0,521638 0,643515 G1V
0,352950 -2,293320 M8V
0,876039 -2,059950 M1IV
14,758866 7,875498 M4IV
10,666937 -6,729584 O1V
-1,898182 -0,045716 G8I
8,174085 -7,177649 F1VI
9,399031 -2,666126 B6I
14,167017 12,216459 A8VI
9,194546 -6,444996 G2IV
13,233743 11,790561 O0IV
9,797012 -5,346280 A1V
10,223088 -6,877650 M7V
-0,904572 1,396870 A7V
11,185751 -3,065843 A0III
-1,778221 1,966721 O8V
17,478740 10,398984 M1IV
10,000170 -5,269177 M1IV
1,621466 0,902797 B9IV
-0,899521 -0,156516 F6I
10,955281 -6,130305 B2I
14,106832 9,823325 M1V
12,169355 -4,599859 B5III
9,734891 -5,214347 K6V
7,151087 -4,287093 F5V
13,180370 11,608890 M0I
15,745182 12,012647 F6II
-0,753500 2,082797 F0IV
15,392387 11,760523 B9IV
13,142003 9,595484 M9VI
-1,124715 1,402436 M5III
2,024083 -0,968844 A8IV
15,559166 7,777804 G1VI
11,661442 -5,500879 M2VI
1,789031 -1,052980 A7V
-1,631922 0,146362 F7VI
10,358539 -6,398655 O5IV
7,305219 -5,512660 B8VI
-0,331625 -0,201255 O0V
15,608027 10,160034 G5IV
13,743341 8,931988 M7VI
8,976182 -7,344200 B0VI
9,436117 -5,316778 F4V
9,230157 -3,040739 F7I
9,438419 -3,677469 B6VI
9,298438 -2,767032 O2V
7,397318 -5,351883 G2II
16,445866 8,072040 A9III
16,940040 8,994785 K6IV
8,561859 -4,566184 O8I
14,342208 10,565427 B1II
10,529920 -7,490041 F7VI
1,668664 0,733552 A7IV
-2,108027 0,544884 A5II
9,547310 -5,188740 F4VI
15,583768 9,488120 F4VI
1,312460 -0,805403 O2IV
1,103660 0,438549 K0VI
15,000000 9,802456 A4I
16,285121 7,613448 A1VI
8,500748 -3,241237 O0I
13,443976 8,908209 M1II
0,898514 -2,051708 O5V
2,247163 -0,916228 M8V
-0,151735 2,244986 O8VI
13,607352 9,236681 O9I
16,209281 10,148960 A8III
15,313542 11,630561 F2V
10,532524 -4,076343 K2II
-1,041398 1,527344 K7V
0,654483 -1,520293 O1IV
15,392270 7,537121 M5II
15,517297 10,871323 G7III
11,747934 -5,586928 F6V
7,112650 -4,773734 B3IV
14,758929 11,884515 M2VI
13,604035 11,522378 M2I
14,549414 8,144355 A1III
0,294480 -1,644694 M4III
-0,867887 -0,824810 G0I
9,631458 -4,155240 K7V
2,329284 -0,610844 M6VI
1,236471 -1,595197 K3II
16,449610 11,147987 A1V
1,368417 -0,519752 A4II
10,515177 -4,979932 O7V
7,806855 -3,178733 F2IV
14,124247 7,798682 A9II
7,053636 -4,883250 F5III
7,872593 -3,813004 F9VI
15,940520 11,263507 K2VI
9,958526 -4,405745 G0I
13,407648 9,324750 G2V
10,703867 -6,022975 K3VI
9,176154 -5,395017 G5I
8,509587 -6,637909 F4III
12,975171 10,295579 G5III
10,105966 -4,012023 B5II
8,428879 -6,667856 O3III
11,138026 -3,384722 K3III
8,145361 -5,899222 F3II
15,665903 9,340112 O6I
15,323968 8,216425 G9V
0,136214 -1,387839 M2IV
-0,222445 -2,640044 F8III
17,460323 11,171815 A0III
-0,124574 -2,679894 K6II
14,126188 11,291295 A7V
7,906915 -3,346239 K0III
16,844006 10,178397 G1IV
-2,150419 1,237493 F0VI
8,844454 -7,138562 O7II
-2,372835 0,603145 F2V
16,267288 11,809004 G5IV
0,787326 2,006026 G4III
2,212769 -0,540239 G2II
17,098371 9,117706 A5VI
10,056324 -3,547480 A8IV
-0,899149 1,346035 G7IV
12,257252 -5,192950 B1III
9,800990 -3,059790 M4I
14,016595 9,162847 A2V
14,533037 11,246145 O6II
1,576056 0,394459 M8IV
15,150600 10,880112 G0V
11,453158 -6,043484 F5III
15,284244 8,325658 B2V
10,763345 -5,918480 A7I
7,775163 -4,076401 F1II
10,986467 -6,606954 O7VI
8,942703 -5,748996 G7I
-2,040611 0,646141 F3VI
0,622573 1,628780 F6I
11,914613 -5,575716 G3VI
16,986682 10,724205 O9II
13,054757 11,329440 O7II
11,955205 -3,589064 F3VI
11,290036 -3,119828 F1IV
14,226065 10,302615 G7V
14,439262 10,479268 A7IV
12,049650 -5,610483 M9IV
16,139721 8,255518 B0III
-2,083002 1,312318 O8III
13,395864 11,725876 O8I
14,349837 11,774190 M8IV
7,526547 -5,663398 F9I
-0,155190 -0,588137 A2V
17,621964 10,143029 G8I
15,283189 9,040239 G1II
-0,355477 -0,369190 A3VI
14,095027 9,809790 A2V
16,191805 9,744274 O9III
17,396943 8,857857 B0IV
12,995094 10,189117 F9III
17,541985 9,508625 O8III
16,313197 8,970712 A9I
16,695681 9,434786 G2V
10,804784 -2,867925 B1VI
9,130250 -4,763816 G0V
8,462752 -5,635664 O3VI
17,416469 10,594347 M4V
16,163174 8,617841 M7III
0,724804 0,496463 B3III
9,737961 -3,640403 F6VI
10,911201 -3,186967 F2V
11,111444 -4,020963 F6II
16,078672 10,497069 B4II
1,706974 1,068006 K3III
9,259773 -5,179428 K6I
-0,982413 1,174441 G3I
14,838343 8,626156 O4VI
11,644663 -4,219460 K2IV
14,601074 11,733328 G9V
15,627639 10,553899 O5I
17,531771 11,311807 F2II
16,698968 11,533147 G5V
12,407942 -5,342806 F3VI
-1,100113 -1,662897 O2I
15,490491 12,249296 K7III
14,601726 8,294059 B8VI
15,334070 9,663714 M8IV
11,430798 -5,211088 A7IV
-1,745913 1,374081 O7IV
10,962169 -6,990357 B3II
14,629969 9,128379 G8V
0,586653 -0,164922 K4IV
7,331642 -4,902566 B0III
2,421418 -0,902574 M0V
0,045033 -0,280554 B1V
1,212018 1,496853 M5II
1,259228 1,607741 M6I
7,162567 -4,692516 F4I
-2,309409 1,222580 A8IV
12,931749 9,657899 O5V
12,175626 -3,913689 F0I
10,345138 -5,996498 B1VI
13,778847 10,739714 A2VI
13,902793 7,939231 F7VI
14,960536 11,140737 M4VI
0,642108 -0,341730 B1III
16,714036 7,929751 M9I
14,918872 10,041928 F8V
9,151261 -4,283539 G8II
7,507823 -4,514022 A0VI
13,453368 10,524901 B2VI
1,823881 -0,253348 F3VI
17,604878 11,271104 F3III
-0,158180 -1,111532 G0III
8,790550 -6,993934 O1VI
10,585332 -4,116378 B0III
-1,325376 -2,165813 M5I
1,074542 0,808976 G8II
13,740553 9,284792 A0I
9,843980 -2,347172 A9VI
16,600385 11,541245 K9III
1,272598 1,537704 G0VI
12,761132 10,227665 O3II
15,664459 11,892714 A8V
-0,258060 -1,491965 M3VI
16,191739 11,331808 K9I
8,269587 -6,444275 K5III
1,837039 0,588773 G7I
-0,129730 -1,018432 B4VI
9,743041 -2,876135 O5V
17,569173 10,934760 A8VI
-1,903557 -0,915996 O0VI
-1,545542 0,756179 F1VI
17,469116 9,062289 G5III
-0,309167 1,598589 B8III
7,693856 -5,630062 A3I
16,419110 9,350888 M2V
16,524166 8,179571 M1VI
14,912706 9,575757 F7III
1,253020 -2,150359 B9II
-0,390217 -0,038864 F6IV
8,339099 -5,475607 A7III
11,693887 -6,597496 A9VI
13,120108 11,304480 A6III
13,605449 9,656715 A7VI
2,044690 0,542962 O4VI
14,840628 9,385930 F6III
16,871811 8,014585 B4I
1,077022 1,402596 G2IV
0,382649 2,129983 B6II
0,500273 -1,826405 K2IV
0,943384 -0,706895 B5V
14,214947 11,786130 G4V
12,094660 -5,698727 O4IV
14,656758 7,513033 F2IV
-1,479056 1,200267 F4V
1,831310 0,760811 B3V
0,151434 -2,006648 A2II
0,099308 2,669692 O2III
17,367232 10,873040 G0VI
15,726049 9,881552 O5IV
2,132505 0,473643 F8VI
7,195674 -4,261748 K9IV
15,689667 10,018007 G3IV
-1,575788 -1,912687 K7II
-1,166686 1,256479 G2VI
-0,563805 2,335575 F0II
-0,966268 0,570779 M9V
0,150794 -1,571314 O3III
16,846370 11,293293 G7V
2,623311 0,465512 A4II
2,032137 0,374375 F7IV
-0,712559 1,820118 O8II
8,106216 -4,252996 O2III
15,325588 11,917881 G4I
9,653228 -5,822682 O0II
15,773443 8,657414 O3III
-2,295186 -1,205557 A8III
14,928774 10,742660 G0I
13,381546 11,592681 M9II
0,162784 -0,618077 G5II
11,261808 -3,308815 B2II
12,988761 8,654687 A0I
8,491215 -7,420548 M5V
-0,289882 1,943086 B9III
11,937422 -3,999377 F8II
9,434660 -3,536650 M0II
10,456694 -6,086065 K0IV
-0,882561 0,411724 A8V
-2,330037 -0,794358 B5VI
0,005998 0,591432 M6IV
-1,186805 -1,616464 M6V
14,879995 12,281304 O2IV
7,345599 -5,721991 B1V
15,953499 11,057242 K8VI
-1,906000 0,697816 B5IV
0,398607 2,311281 B9I
11,428167 -6,804184 B8VI
-1,603242 0,420248 K5VI
11,953616 -5,445318 K4III
7,402958 -5,505703 A4VI
-1,835993 0,694446 B0III
-0,451831 0,639653 B0V
14,307542 10,095647 A2I
-1,984016 0,911086 M2II
0,788242 -1,591191 M7V
11,337626 -4,448398 O8VI
10,978617 -3,345949 M3VI
10,534504 -6,798930 K1II
1,398152 0,507164 O0VI
-0,392060 -1,129185 F4V
-0,309077 -1,254336 A8III
9,397766 -6,790881 B7II
10,666940 -5,161152 K6V
-1,761616 -1,598562 K2V
15,825810 12,164185 A0V
0,663014 -1,341167 K7VI
-1,001080 0,643046 A9VI
11,712596 -3,424008 O2VI
0,704938 2,582821 M2I
12,793045 9,452391 G9I
9,829907 -5,397750 O0I
9,115525 -6,901760 G0IV
8,277455 -4,145959 B7VI
1,503216 -1,002586 A0IV
10,567464 -4,144935 O5VI
8,579309 -6,866757 M4IV
0,737833 1,457920 G0II
14,314030 12,565156 K7III
-0,680740 1,378683 G0II
10,917582 -3,949142 A7V
16,674905 11,019428 M9IV
16,603353 8,932989 B4VI
17,334911 10,517546 F0IV
15,290757 10,932416 B5III
14,799839 11,704209 A6IV
15,422482 9,582349 O4II
-1,749755 -1,491705 A3II
11,554180 -6,428723 A1II
0,913283 -1,091180 B6IV
15,741248 7,537767 F0V
9,759203 -7,039310 A7V
12,229264 -5,145042 M3VI
0,645774 2,550889 O3IV
9,318838 -5,441422 B2V
10,332887 -4,773586 F1III
10,363545 -6,700144 K0V
13,383365 10,527878 A4IV
0,781597 0,005575 F6I
13,302540 10,088071 F6V
11,249721 -3,857774 M3VI
9,983509 -3,628516 G7IV
0,386441 -0,578145 A4I
10,249612 -7,178937 F5VI
10,234446 -5,202861 G6V
8,447433 -5,608388 O2V
17,392892 8,989003 G0II
10,992857 -2,855065 O6V
15,798352 12,366846 F4III
10,884939 -4,605737 O7III
-1,405038 0,735661 A7IV
-2,367120 0,616244 K2III
11,043355 -5,580557 M7V
9,753253 -7,156982 B9IV
13,226401 9,290129 G0I
15,755254 7,527993 A0I
-1,549663 2,051096 G3I
10,111538 -7,284752 B4II
2,273385 -0,653076 B0VI
10,685880 -6,813929 G0VI
9,818522 -4,272129 O3VI
14,593714 12,472666 M8IV
15,069767 11,518433 F9IV
12,081395 -4,933576 G7IV
0,344888 2,600187 B3V
8,573980 -4,589926 G9I
12,720770 10,042896 A6III
17,088221 8,384977 A2III
13,622480 9,509332 G5III
14,776143 10,660358 A0II
11,054511 -4,479917 O9III
13,906360 12,205960 A3III
11,306674 -7,092632 K0VI
0,330605 -1,872642 M2IV
-1,539915 -1,502587 B9VI
7,462508 -3,847487 K7IV
0,281879 -0,218660 A9V
9,177802 -2,810395 G1V
0,533710 -1,862721 G2V
0,117750 1,564439 M6III
1,399284 1,043843 B8I
1,046411 2,204778 G3III
-0,001220 1,778224 G9V
-1,161914 -1,119082 B0IV
0,082386 0,848124 A3V
-2,316705 -0,030782 O7IV
2,210242 0,671262 O7I
-1,722353 0,966545 A3III
-0,921681 1,141740 K3IV
12,727306 10,494469 F2III
13,020775 9,749681 O7III
17,712602 10,138772 G1VI
10,756905 -7,352050 F7V
17,796034 10,550465 K3VI
8,884465 -5,682728 M4II
0,335665 -1,367312 G7V
2,022167 -0,638034 M2IV
-0,001975 -1,711538 K4VI
15,009780 8,003665 A0III
12,136083 -4,316450 F6I
17,185739 10,925616 F8III
-1,402070 -1,006192 M4III
10,051532 -4,841604 G2IV
-1,419215 0,938015 A2I
17,543648 9,756925 M3VI
16,719168 8,430334 F5VI
11,019458 -4,392667 B2IV
8,796165 -5,304287 B8VI
13,069913 11,204880 F6VI
10,936999 -6,412515 M0II
16,783166 12,155929 A2VI
-0,648522 -1,817408 M6V
-2,285965 1,083550 O0I
14,147722 11,187311 O7IV
13,284156 11,746790 B5III
-0,301060 -0,965329 F2III
11,521896 -4,607272 K1I
1,021103 1,904658 G6II
0,007676 -2,583835 B5I
-0,356598 -0,959283 O0I
14,204070 9,334385 A8IV
16,231075 9,765885 M0I
14,193318 9,187943 G1I
13,151932 10,339618 M9I
14,415481 10,765167 O9I
11,525282 -6,009896 O5II
13,207219 9,101623 M3V
8,217916 -4,870840 K0V
-0,781956 -0,836611 M6III
12,780378 10,821139 A5V
8,342008 -5,873100 F7I
14,449671 12,511687 M8III
10,841532 -2,738702 B8V
1,383647 -0,351552 M4I
10,667752 -3,950423 F7I
13,308757 8,313700 M0IV
10,190509 -2,517869 G0V
17,394863 10,583461 B0VI
8,125503 -6,332750 K4II
14,945228 10,124125 B1VI
1,485785 -1,331830 K2III
-1,688984 1,110296 M5IV
1,427401 -0,125823 K0III
12,198333 -5,380444 K5I
9,846396 -6,095049 G8V
12,924017 10,669242 K2II
1,557593 -0,296042 B6I
7,760560 -5,997366 F8II
1,864654 -1,225662 O3III
12,813152 11,133411 M0V
-0,361283 1,327315 A3III
13,776758 12,145359 F9II
11,205288 -4,584619 G6I
17,242712 10,258555 K1II
15,830283 8,702274 B5IV
-1,228354 1,055119 B7II
9,752833 -2,538233 M5V
10,612589 -5,656792 F9VI
0,227609 -1,467565 K3III
0,410658 0,803405 G3III
0,658871 -1,823372 B4V
9,801326 -6,375248 G0III
14,326081 9,636510 M8VI
0,221305 2,295702 O7V
15,316169 9,081383 G7III
0,346216 -2,031453 O3II
-0,680280 0,521655 A6IV
13,305127 10,149899 A2IV
15,086539 11,394895 G9V
10,587894 -4,721406 B6IV
-2,461617 0,097636 G5VI
17,332794 9,470704 G6VI
17,221527 9,803079 F5VI
16,664971 11,860943 K6VI
16,394274 10,260185 O3V
13,327295 9,385875 M2V
16,261907 10,319226 K0VI
13,845388 10,222099 F8III
10,015559 -5,576164 K9II
12,880160 10,418448 O5III
10,470454 -2,532752 K4IV
0,655678 -0,972282 M4I
0,351679 -0,354616 O0I
13,338407 9,662631 G2VI
7,587363 -4,436458 F1VI
8,335269 -6,084419 K4I
8,344883 -3,967636 F8VI
8,514977 -3,215212 K6I
-1,520460 -1,496380 A2II
16,314075 10,669748 K5I
1,255451 -1,006802 M5IV
12,132087 -4,046198 M5V
10,672340 -2,618074 B7II
-0,377953 0,823998 K7II
-0,873805 -1,399950 M3III
16,398037 9,468603 B3IV
7,747166 -4,447751 K9I
7,816477 -5,460443 G3I
7,154964 -5,018111 B3III
11,409912 -3,499256 B8IV
15,276747 8,150314 B4II
1,461841 1,812457 K7III
8,481399 -3,637446 K0IV
11,971810 -6,449010 A6IV
10,568902 -4,238428 O1II
17,194548 10,966836 B3II
-0,553689 -1,637639 G0II
8,011035 -4,271543 B3II
15,695508 10,020973 O2VI
-1,507046 -0,782111 F8II
0,116552 0,175607 O5IV
15,337407 10,078549 K0III
-0,490644 -0,676992 F2II
12,218246 -4,909333 O6III
-2,452795 0,486404 M1III
2,322046 -0,086848 M7II
-1,020826 2,133230 A3IV
-2,361368 -1,287183 B8I
11,516952 -5,421021 G3VI
1,320888 0,829350 B7I
-2,648273 0,437824 O2III
1,458960 -1,831251 G8VI
0,291388 1,812608 K8V
1,797006 -1,188227 B2VI
1,873523 0,425593 F2VI
1,506525 2,118518 F1III
14,664650 7,922045 B5V
2,510124 -0,949507 K9V
14,525274 12,227045 F5III
14,795683 7,597819 M6I
-0,121347 0,160906 K7II
16,250408 11,544103 A6II
7,556691 -6,526525 B5IV
13,048837 8,702645 M3IV
1,347244 -0,218997 G8VI
-2,664111 -0,052956 M1I
-0,432061 -1,882669 M4IV
7,314623 -4,025799 F9I
17,552453 10,548725 G8IV
9,589663 -2,367292 A8IV
1,658341 1,297807 G1IV
14,817393 9,697523 F2I
10,994947 -6,701524 O4I
7,867703 -3,971854 G5II
7,544478 -6,151926 K0IV
13,443468 11,650869 G9VI
11,213818 -6,688764 B4II
1,571995 -1,232268 M4I
10,619145 -3,514807 F3IV
14,921368 8,796973 M2II
13,253141 10,575392 K3I
11,570295 -6,386683 O9V
9,182969 -3,494753 O9VI
10,692344 -7,182679 F8II
15,775269 11,407280 M0I
13,036003 10,260107 B5II
12,192608 -4,397941 F3I
1,462402 2,117841 G1II
9,059106 -3,376953 B2II
-1,034701 -0,423981 K9III
15,118923 8,890975 G9VI
17,736683 9,997719 M7IV
-0,071290 -0,283316 O4VI
-2,026616 1,718669 G6VI
-0,664165 1,677326 M5V
16,500186 10,170194 M2IV
14,938990 11,171959 O4I
10,362070 -4,898537 A3III
-0,797739 0,093001 G8V
14,582021 12,332332 B8IV
17,371029 10,874006 F9III
13,298101 10,057975 G8II
-0,035267 2,448399 M4I
-1,180120 1,370587 G4VI
8,809530 -4,239198 A2V
10,792873 -4,394206 O0VI
9,532904 -3,282795 M1VI
0,331006 -2,581159 A1V
1,541664 0,909572 A3IV
-2,202967 1,119017 M4V
15,751753 9,034546 M7I
14,917017 7,747575 G8V
14,659536 10,307484 G6I
7,641771 -5,793500 A4IV
15,947129 9,313635 A1VI
8,611324 -3,037137 F0II
16,115193 11,876166 K9I
0,387436 0,700553 G8VI
10,401186 -4,900808 B0IV
-2,409042 0,976859 K2III
10,892672 -3,719227 M1II
15,905113 10,044363 A7VI
-1,620253 -1,369623 K4I
8,919746 -7,078573 A6V
-0,151146 1,393356 M1III
11,403976 -5,897466 B7I
-1,884934 -0,742209 A8III
1,110339 0,485076 A7VI
2,446935 -0,619269 B2I
16,541537 9,736761 O6I
11,203792 -3,653286 F5I
-2,180312 -0,383957 K8III
7,883594 -3,525726 A3I
2,043690 0,484370 K1V
-1,821537 -0,008764 O5III
12,386313 -5,069681 G4V
14,279141 7,684681 A5VI
15,898213 8,905314 O6V
7,749203 -6,461610 G0VI
-1,754303 -0,405115 M5I
11,432089 -4,775614 G4V
15,832752 8,143461 K8II
12,169609 -4,880709 O2VI
-0,850958 1,796724 O5II
1,306868 0,858609 K9V
16,959068 9,544337 A6IV
-1,467026 -2,145412 B3I
16,260885 9,742206 O0IV
7,803774 -4,524297 M7III
16,471509 9,709494 O6VI
15,823627 10,932673 F2V
10,479031 -3,439110 F0VI
16,199186 8,021954 M7IV
16,637200 10,335248 B4VI
0,072312 1,046727 O0V
11,720841 -4,166714 G2III
0,855088 -2,398505 F4IV
-0,508020 2,092952 M5IV
14,700079 10,327793 K8VI
-2,560149 -0,432612 A0II
-0,383181 1,397141 O4IV
7,407434 -5,161949 O9III
15,909819 11,809945 F5I
2,208467 -0,269135 K4II
14,663433 8,497681 A3II
16,523436 11,529091 G9V
-0,465095 2,281345 F1III
-1,955403 0,283033 M8II
8,448211 -6,924712 K4II
9,634876 -3,506604 A1V
-1,586437 1,429010 K9II
17,060986 8,053875 O1V
-1,570397 -0,696293 O6II
16,085673 8,928025 F6V
17,194612 9,865042 B7II
15,061164 9,820139 B9V
15,358930 10,248606 A3III
13,666310 10,686913 M7I
7,894127 -6,366951 O5II
16,115337 9,281333 O6II
16,265216 10,275923 A2VI
13,211066 10,215123 F6VI
11,514883 -5,964111 F9I
15,942417 12,566242 F3IV
2,653023 -0,368489 O3V
2,241571 -0,387177 K9V
17,382340 9,725659 F7V
14,177993 8,913370 B6IV
15,533581 11,086737 A5VI
8,602616 -6,141524 A7III
13,745294 9,400439 A8IV
11,817541 -6,290320 G1V
14,064005 8,304400 A5I
13,494646 10,321530 F4IV
9,054545 -6,638967 M2IV
14,701842 11,014380 F9I
15,699546 12,277119 K3II
13,431580 10,192204 G9I
7,962458 -5,786554 O7VI
10,475415 -7,109655 O5I
15,240315 12,016084 O4II
2,044560 0,977540 A5II
8,222989 -4,561116 F0IV
1,255505 -1,500559 G3II
11,968536 -4,109861 K9VI
8,852175 -3,932465 G0I
-2,320878 0,137612 M1V
15,414845 11,754053 O3I
14,001858 9,168909 F3VI
13,713099 8,885440 K8IV
-1,867474 1,149497 B7VI
-1,622570 1,298582 O2III
8,386128 -3,113649 K3VI
9,190898 -6,328013 F7V
9,337850 -7,229265 O7I
14,323955 10,336938 G3V
17,213675 8,494242 M7III
1,605542 1,401941 K1VI
11,082757 -3,420358 A8VI
12,991805 9,653459 M4IV
17,592454 9,933070 B1II
10,668249 -5,879706 M7IV
0,761175 -1,727904 F1IV
13,560640 8,481700 G0I
14,751545 12,027026 M4IV
8,479804 -2,751316 G5IV
11,669462 -3,447740 M9IV
10,483964 -6,069367 M3V
13,271821 8,963954 A8II
11,715770 -6,553547 O5II
0,820979 0,552925 G8VI
16,051802 11,555819 A5V
-0,044908 2,303091 O4I
13,936455 9,474579 F4I
1,232132 1,061030 B2V
-2,485860 -0,373849 K4II
12,950056 10,848406 A2IV
13,826410 11,768141 K1V
13,079379 8,972007 F9I
8,461069 -4,784245 G4VI
10,632422 -6,982892 F2V
15,923588 11,447842 B1V
-1,384555 -1,985037 M2IV
10,566449 -5,288187 A4II
8,929694 -5,011976 K7I
14,053838 11,291769 G9V
0,640329 -0,565018 K6IV
0,072736 -2,262144 B4IV
8,258823 -3,132890 B7II
10,285379 -7,046540 A4I
10,159403 -4,984640 M1IV
10,362671 -3,987514 K5V
8,362473 -6,919551 B8I
15,258000 8,913477 K9II
-1,244543 -1,875240 G7V
15,220290 10,825230 O6II
-0,693287 1,567393 M1VI
10,539194 -6,754135 A0IV
13,245647 11,260545 O4IV
11,555819 -4,811365 F0III
15,097282 9,534456 O4IV
14,652329 10,884655 B0V
16,579605 8,379174 M6II
17,313287 9,500440 G6V
8,439978 -6,564914 K8IV
17,635307 9,914196 B3I
7,806175 -5,029548 F1V
9,966692 -3,691165 G7IV
10,410844 -6,136985 A4V
7,943875 -6,944909 F7IV
10,040254 -5,064773 K3III
15,416634 12,317519 A9II
0,515101 -1,727569 M4V
17,622949 10,095518 F5I
2,157266 -0,329275 O8IV
-1,718747 0,001003 G1VI
0,434224 -2,019497 A5IV
12,008667 -4,332298 O2VI
8,562996 -7,030810 B6III
16,559221 11,459438 A2IV
13,320789 11,292437 O1III
14,812209 11,053159 M0V
7,590421 -4,700948 B3VI
16,207755 9,832045 K6III
-1,784448 -0,364340 O6I
16,981982 11,503722 A7VI
1,408646 1,061627 G8II
17,144680 11,052201 A4IV
11,550556 -6,354024 A0III
0,805588 -0,377732 B0II
-0,618814 2,399864 A0III
-0,881455 -1,344043 O1IV
2,015591 -1,277787 A7VI
15,489129 7,798010 G2IV
-0,075045 -1,483034 A1VI
14,601684 11,053210 M3III
-0,010945 -2,032726 A7V
1,571670 0,207226 F2V
14,454406 7,816083 A4VI
-0,830886 1,847807 O1VI
14,736838 12,580392 K1IV
-0,194098 -1,482380 B7V
-1,417078 0,124637 K1IV
13,837119 10,774746 G3VI
2,357588 1,307322 A5III
7,793260 -6,753914 G8V
0,072444 -0,152203 A9II
15,026252 9,718792 G9II
0,682311 1,099964 O2III
-0,893800 1,607414 K9II
16,166370 8,692243 K5II
17,294036 9,872736 O2IV
-1,231790 0,166909 M5V
-1,144094 -0,014246 A4V
11,024440 -4,020603 F5VI
0,510066 0,698414 F2III
-1,814235 0,752836 G4I
1,056993 1,411046 M9III
0,052283 0,677149 O5V
15,021248 10,566454 M2I
16,985951 10,733159 A5II
13,413567 9,107238 A3III
-2,618558 0,474810 A5III
16,562951 8,919347 G2VI
-1,786564 1,001173 A5II
1,952436 1,079356 A1II
16,498524 10,389320 A2III
-1,295910 2,153611 M9IV
13,055730 9,901047 B7II
0,928944 2,196072 M3II
-1,352651 0,327701 B3IV
2,479342 0,820143 K1V
2,402996 0,164979 G9V
-1,591067 0,682628 G3III
15,179741 9,666465 B1I
-2,222644 0,052575 M0IV
15,002698 12,432277 O2I
16,165373 11,001196 A9VI
-1,769797 -1,993522 O9I
14,223385 7,891644 M2II
10,796592 -3,025489 M6VI
10,542389 -2,664489 O0III
9,579064 -4,373855 B8II
1,293873 1,700536 F8I
9,865610 -5,207904 G1IV
-1,106408 -0,044503 F3V
-1,566997 1,255021 B4VI
0,200735 1,876116 K2IV
-0,503382 2,377416 O6III
1,560889 0,199753 M8V
15,927855 9,398593 G0IV
16,186370 11,959359 A4I
9,694548 -6,192021 G5I
13,939028 11,693757 M6V
