X Y
7,331923727 3,348913722
-10,89354146 -9,78375049
-3,664145069 13,01795354
6,562138561 1,775723968
-3,217512187 13,52785146
-5,845725842 15,21788556
-3,73928626 14,01942748
-11,12453597 -10,13168863
-9,618740175 -7,505509945
-2,287256085 14,90152055
-2,938380086 14,33493883
-3,085870563 13,03351778
8,190692767 4,644768805
-9,623117925 -10,04136458
-3,250690636 13,26188251
-8,760651602 -11,8506258
-9,357453598 -10,55717636
7,162147051 4,591611425
-9,63807846 -11,47385667
6,772922096 1,329281282
-2,985435358 12,97024348
6,966881413 2,299433386
-10,66662728 -9,54936217
-4,58601683 13,7651164
-4,779618254 13,58310904
-9,562952432 -12,23422446
-9,15960082 -10,82613059
5,720711179 1,49222926
-3,785163729 12,77421751
7,752993943 2,837697394
6,355837628 2,730205871
-3,981477638 14,62020604
6,265105123 2,550472088
6,550131662 3,672076685
-9,661677611 -10,38969668
6,765549122 2,203963026
-9,3091662 -10,36452585
-8,675899278 -9,929036513
7,101075394 0,829188046
-9,153070241 -9,789188728
-10,45795303 -10,74405443
-3,644216066 12,54836025
-1,619852345 14,15534821
-4,426420194 14,09202786
5,373834942 1,079830141
-11,71217626 -10,35471501
-5,278987497 14,88830346
-3,279063617 12,67507254
6,610378927 2,187185777
-3,69399435 13,1361156
7,048475845 3,157070233
-9,169768768 -10,02358745
7,055162454 2,69630631
7,410421667 1,089938186
4,806475334 4,056907238
-10,5918508 -9,086440112
6,141389588 4,492122251
-3,582774876 12,22459724
-3,272821483 14,25630698
-4,870131409 12,32522257
-3,227286591 12,62296121
-4,203840921 13,65216977
6,574796443 3,342743511
-2,825512629 13,00538446
-4,345477349 12,50667246
-3,475102805 13,78175103
6,628509871 2,347517791
7,417986369 1,980033301
6,037958441 1,955797154
-11,13198656 -8,21486696
7,955399768 4,662927136
-8,726770788 -10,30082032
-12,72310939 -8,927708448
-9,682116104 -8,703864347
-4,03367137 12,54266548
-3,437663412 12,27031562
-10,23816236 -10,35805747
-3,597344226 14,01388046
-9,256783496 -10,69579806
-11,19872357 -9,97156927
7,184157911 3,863772081
-4,246857486 13,6682222
-3,44062872 13,37382661
5,777944129 3,409228439
-4,009184551 12,76769303
5,234011526 2,282189874
-4,002744481 12,61386553
-10,72874926 -9,314239878
-10,85708654 -9,66476056
-5,000747145 12,20097258
-11,43426297 -9,123253441
-12,39392714 -10,34219925
8,698717918 3,938612577
-11,27062516 -10,66198621
-9,633582968 -12,47389496
-3,735615277 13,5123102
-3,564736739 12,92121232
-9,681834974 -10,06139458
7,80180195 2,590547325
-9,024455202 -9,775944038
7,562912939 2,109219247
-12,58549288 -10,6709426
6,409281405 1,7390421
-10,43292143 -10,09860592
-3,829876233 12,31041299
-10,44798708 -10,97183951
8,984127878 1,596580521
6,435251241 4,311957205
7,665897168 2,717073249
7,327438095 3,107843946
-10,25755743 -11,24771772
9,00963035 2,960437345
-11,68446258 -9,618669608
6,547994885 3,091682493
-10,7742355 -11,35997092
-2,672486314 14,13056731
-3,194029154 13,96913775
-10,81440627 -10,81773689
8,983424474 2,96655437
9,084589657 4,291093588
-11,27035152 -10,00164339
8,084171614 2,625677295
-3,482804567 12,89872967
-2,892671731 13,19540566
8,212660889 2,51152991
-5,153368901 11,87603045
-3,739576978 14,93364975
7,808249137 0,712865192
7,240454659 4,71837501
6,957414413 2,370482874
7,240827505 0,8271589
-10,90877302 -10,77880303
6,62969816 2,748087544
-10,01143088 -11,62300915
8,549657233 3,533825747
4,992748551 1,842568064
-4,801042589 13,33109051
-10,02420821 -10,55839806
6,135304093 2,351164803
-3,677206647 13,36575196
-9,985002272 -8,842092492
-10,43455048 -10,66608372
5,763029608 3,853452215
-5,289321606 12,82952112
-1,701271515 12,45389628
7,28060398 3,15380647
-11,13419679 -10,14401394
5,748646325 3,690518645
-10,44461522 -9,473282286
-10,52472481 -9,201614446
-11,25890403 -9,200919472
-10,85903201 -9,425253834
-10,80832691 -8,731224061
7,839235295 1,882378449
-3,055687758 14,47813151
-13,15247108 -8,960974896
-2,379523616 14,08533831
-11,31386931 -10,0706162
-3,788151027 15,66369955
-3,946692876 14,89630561
-3,789350506 14,69415821
-9,949228897 -9,735850223
-11,06538291 -10,98170583
-8,715101678 -10,60525865
-11,9805242 -9,816912325
-2,92987428 13,98060927
6,530573834 3,548307796
-4,472203201 12,0077148
7,494323903 3,847409952
-4,228413732 13,72258885
5,82961453 5,371431201
6,972317576 5,828157582
7,131657594 3,513005746
-4,02283858 13,32507934
6,523098518 2,893621911
9,241470091 2,342112849
-10,18387737 -9,591645746
6,267567925 0,990831383
-10,45161014 -10,24788542
-2,260398133 14,39879148
-5,211880776 12,11396542
-3,413166335 14,01061632
-11,10203938 -9,61313203
-10,71934078 -11,06533216
-4,46880829 13,46566011
-10,04643007 -12,39480443
-10,68838023 -10,1063556
-3,334979934 14,2145348
-11,79821791 -8,647898486
-10,63473744 -11,26118709
5,784223649 2,064684684
7,800552736 3,167557033
8,69475483 2,102982432
-2,637746184 13,47003547
7,404016582 4,061077484
-10,60427772 -10,42635848
-2,656715765 13,40104803
6,078749918 2,247533762
6,89574049 3,496045435
-10,2610705 -10,92402332
-10,32500108 -9,1416517
6,879218505 2,126698469
-9,270958136 -9,832389569
7,47131783 4,894908566
8,223524932 2,113438548
-11,29356263 -9,616736473
-10,88583538 -9,488547604
-3,798784925 15,29222983
6,562622938 1,857484785
5,848238005 2,923928947
-11,00571992 -11,75283568
4,355604398 3,158702673
-3,208191969 13,61100987
6,225644456 3,041750082
-3,052181556 12,3967871
-4,390763492 15,33387775
-3,432533003 14,49697432
-10,42440849 -9,707373648
-2,690164685 12,49491389
7,630298872 1,887897293
-10,88889056 -10,44418578
6,856563494 1,316565715
7,286563019 3,260228886
6,620695975 3,329815641
7,261518263 3,135290755
-8,571303718 -9,28010257
-3,638571932 13,09202365
-10,03266667 -10,46736967
-9,810832413 -10,75047371
4,882006434 2,639456721
-9,130843964 -8,470802249
7,16947767 2,46811834
-11,31774756 -9,801371372
-10,54654679 -10,46192194
6,914306009 2,535518193
-4,831416864 13,37904971
6,489776107 3,225632756
6,73042751 2,916277576
6,25219236 2,247580662
-10,24283172 -10,83192795
6,148960743 1,702176667
-3,474021578 15,59682999
-4,869501103 13,30650816
-2,250346691 14,15224088
8,285250363 1,552939516
-5,788939021 13,70788351
-4,690726906 13,46190384
7,645325993 4,808363359
-8,790692936 -10,40121035
6,495413992 3,421815419
-2,263036644 14,37165093
-8,867323088 -10,30601512
-1,750409187 13,65796452
-9,992585386 -11,70946312
-4,653310864 12,70561891
-3,799622474 15,08607285
-3,715274807 12,69047908
-2,733512981 13,76021835
-10,42378358 -9,92685734
-3,091222733 15,42131113
-10,26357685 -10,6298141
-12,23075768 -10,22718514
5,805455586 1,207925719
-3,798508204 12,35275115
5,857526105 3,641114036
7,742691989 2,528628956
-10,37421915 -11,24257737
-9,809316425 -10,96952921
-3,461160969 12,76715334
-4,517761023 13,24075412
7,64688405 4,426295385
-2,992097724 10,67288657
8,180639553 2,082980745
-3,504073933 12,61711257
-5,242318425 12,80158498
6,458034062 1,587288978
-3,560873414 12,00568508
-11,90186876 -9,503327378
7,193842709 2,711225908
-9,07603499 -9,09213418
-11,51916605 -9,621244705
-2,086095621 12,96784095
7,298371131 2,021828949
-4,409760614 12,72223719
-2,240672357 14,06033924
-3,603940043 12,49375405
6,910788914 2,799394445
-9,510521517 -10,90461968
7,281496796 3,127814332
-3,91558153 14,1097464
-9,732049087 -8,905977102
-11,58943938 -9,651324259
-10,61368329 -8,963581004
-8,720902675 -9,518035931
-9,505459927 -10,19154694
-3,681512445 14,58690957
6,353957434 4,679132432
-3,432916202 14,35495815
6,945980508 2,270026752
-11,9372414 -9,939386319
8,239336924 0,742935687
-9,631507815 -10,93314766
-3,216699053 13,31923654
-10,16494712 -10,65671698
6,866182066 4,285551173
-4,237635782 13,50697692
-9,290027686 -9,523462463
-2,364440998 14,44606288
-10,95498189 -10,11184188
-4,407346267 14,55139001
7,515330901 2,041068014
-1,879210129 15,06467272
7,225180604 2,376995868
-4,808605629 11,5550726
-10,05159715 -11,14369936
6,409702971 2,812729102
7,149524422 2,297772348
-9,83213555 -9,248234525
8,032796302 5,323627021
6,569894548 3,117808016
8,936258839 1,395512914
-3,539703953 13,53402159
-11,03090298 -10,70462127
-11,862244 -10,48079551
-10,32755399 -10,16207516
-2,969531755 12,26713977
-4,318995961 15,40258626
-11,12461254 -9,243316245
-1,464898311 13,15859063
-11,17561063 -10,28459832
-3,383598584 14,13201494
-10,16231287 -10,14397457
8,118892319 2,623499787
-3,983468322 13,87854176
-11,47655741 -11,65329274
8,195600446 1,888700846
6,85638703 1,720701823
-10,87261803 -10,5741161
-3,650526024 12,08315121
-4,209298956 14,97481367
6,137398322 4,080785193
-3,5363365 14,82857195
-10,96926767 -10,23599616
-9,685779762 -11,01836406
-4,476642217 13,62785942
-9,625517554 -9,60357505
9,232252975 3,848791648
-4,603013958 13,21221682
9,059540044 2,712728825
9,386534741 3,392714351
-10,36469509 -11,55326569
-3,745362502 13,8690109
-4,93371327 10,64916698
-11,37547159 -10,57710952
-10,81139769 -8,992107501
6,245137577 3,481034431
-10,04109215 -10,82937775
-10,17360432 -9,734864953
8,008525381 4,615161639
-2,845479829 11,95092859
6,067030739 3,47336899
-3,749867143 13,49730411
5,671510637 3,252470008
-4,058746113 14,76917126
-10,07578356 -11,4103728
-9,781672596 -10,01377491
5,437459068 4,072442901
-2,525513363 13,54270077
-11,88247509 -11,49962405
6,252925686 3,815310185
8,141709347 3,440662619
-11,37788142 -12,81822541
5,291218995 4,018483056
-3,714936364 13,56202088
7,17644323 1,934001842
-11,58757759 -10,48842352
-4,325964461 13,31220732
7,653297166 2,567741886
-3,323781985 13,01937497
-2,697121745 14,69072478
7,404592062 2,134100843
7,307379868 3,046452225
-2,765786325 10,62517381
-3,494669493 13,17823692
5,569596329 3,117515965
-10,59698504 -9,028890551
5,984452227 4,263262458
-3,859091967 13,80045072
-10,83334141 -11,51911579
-4,365164079 13,84121113
-7,221141353 -10,57833953
-11,22011217 -11,28436446
-4,959679497 13,96603186
-3,141986472 11,95120447
-5,542516683 15,0174735
7,138512971 4,18896931
-9,279009894 -12,27521316
-9,066900056 -11,09918381
-3,719984963 13,37442719
5,592959891 3,5523218
-4,386936961 12,96595207
5,139214954 3,229811884
-10,83769343 -8,994888299
7,810716217 2,822382738
-3,699516415 12,44368441
-9,626671755 -9,214331324
-5,456261064 15,05097951
-3,595335458 14,83902673
-4,31744574 12,3235513
-11,17098077 -10,31389123
-2,027832631 13,71933998
6,546212721 4,847442183
6,494012685 2,808916814
7,566541313 2,776557907
-2,848394317 13,8501803
-10,5027415 -10,33995873
-9,959047392 -9,815876537
-11,2598397 -10,8809253
-11,85702558 -10,46506897
-2,782030948 13,19659781
6,590541115 3,103142993
-9,838696207 -8,823453982
-3,225040442 12,6007556
-4,31565458 16,07962848
7,63896103 2,657709026
4,397484596 2,768726763
-8,968588456 -10,97384353
7,33622778 2,057702972
-2,906136811 13,36149066
-4,288316701 14,01080375
6,509805396 4,216903743
-3,704166065 12,87449241
7,828972847 2,504215
-3,944276348 16,71453676
5,689757166 3,24671038
-4,183983252 13,23964458
-3,539882301 14,88556962
-2,361002124 12,11957813
-10,17250549 -10,84229596
-10,11898116 -9,711259034
6,928379084 2,111325892
-4,129117986 13,7061095
-3,871098579 13,96914612
-3,695940924 14,37420287
-8,956211812 -10,62379046
-11,0733029 -9,937510838
-5,053757334 12,22635042
7,967262228 1,704831858
7,821454379 3,098814925
-4,957721441 13,66437229
-9,142255824 -10,18341774
-4,582017118 15,61381647
5,228616951 4,454692753
-2,131385131 12,09128781
-4,106510951 12,71915192
-2,639683715 14,46895565
-7,82202566 -10,274158
-3,603222454 13,52447521
7,255442743 1,443111976
-3,895053402 13,59828108
-3,262879247 12,54387395
-9,961096276 -11,51672232
-10,3222269 -10,85325479
-2,864196559 13,82872871
-3,63025553 13,36895936
-11,8155996 -11,23837656
-2,373588886 14,0792395
7,458040003 4,099903564
-9,194508241 -12,06293636
-2,184224289 12,99856917
6,410261118 3,819342413
-3,258809156 14,38718439
-3,725792956 13,64146052
7,424188118 2,409202594
-10,98486308 -9,598260904
7,353615553 1,032081947
-4,610590153 12,00658197
-2,57809228 14,2403825
5,966459555 1,943875699
-5,80192097 12,51334288
5,757668728 2,564073814
-9,999475596 -11,72710779
6,238080701 3,136575398
6,780724969 3,355574307
-3,758552735 13,56840979
-10,44372656 -10,53154862
8,56859911 3,787984216
6,505270536 2,741101248
-9,21550724 -10,57644521
-11,42262517 -9,499610887
-10,42641226 -8,377918795
5,867654622 3,794505852
6,124675353 5,049293248
-2,271107866 13,25030559
-10,01160841 -8,251938348
-11,35650686 -9,654795455
-10,02197873 -10,18066659
-2,462055145 15,08294039
-9,420771626 -10,28246782
-3,862384567 13,54027882
-8,226242855 -11,83204781
6,543623849 1,829685187
-10,27508199 -12,06587182
6,703638502 2,71825708
-1,917159439 12,45134443
-12,54301495 -10,83823341
-10,23332992 -11,06708767
6,572118338 2,54613886
-2,798944801 15,13701202
-2,677900869 13,99612743
-11,34684434 -10,69343264
5,679362683 3,149234347
-9,826454328 -10,37768214
-3,222333706 14,28058435
8,048587909 2,583453801
-10,21238333 -10,66531127
-2,10253722 13,06433294
-3,65440164 14,24719582
6,301701765 2,656028497
-11,31788164 -8,696907699
-3,590615509 13,90674657
-3,249888585 13,70101097
-3,69626823 12,09668101
8,130016964 3,094051023
-1,898021923 13,99526211
-10,40215581 -10,07707266
-10,38756421 -9,956193759
-3,436869061 13,30232866
-10,94758453 -10,2212306
-9,868945063 -10,58192268
-3,444621924 14,86187964
-3,782309571 13,23277055
-5,456753249 13,42308957
-10,59317004 -10,33443474
-3,971918685 13,02842826
-4,713195323 16,15381126
-3,054344617 13,08594282
-3,563227237 14,67006654
-10,37254759 -10,87114619
-9,796217601 -11,54048508
7,63267949 3,55156866
-3,081904945 15,36813652
-3,010454813 13,90258758
-1,641640238 14,55389445
-10,55535732 -10,72704963
-2,615030734 11,78171541
-10,9862895 -10,12224772
-9,824735133 -9,936729359
-4,52014718 12,09917548
-3,809382451 13,76476864
7,460483976 3,009528213
7,176593818 1,862451998
-3,521834163 11,60814895
-4,073005512 12,76927279
-11,02887194 -9,675568957
-3,528181876 14,29229439
-9,924860801 -10,74591999
-2,148420745 13,19910872
-9,900680827 -10,09958085
-9,395932171 -11,37078771
-7,970365 -11,03620783
-10,365702 -10,2060629
-10,13981851 -8,975016769
6,35507359 0,754188469
-10,51522606 -11,36243598
7,563065755 3,257912992
7,191264177 3,606244064
-10,70778773 -10,6257835
-4,769813816 12,30724058
-2,261439382 13,59552397
8,764166364 2,768850734
-8,729037218 -10,88931259
-2,892499137 12,17544951
-9,823040669 -8,245099351
-12,02134302 -10,88150239
-10,234974 -11,38941888
-5,068265935 14,19110174
-3,66680047 14,11658622
-9,833255995 -12,26953615
-4,596152008 13,99284475
-2,150085166 13,97496349
-9,112832632 -11,84733225
-5,634588356 13,16991571
6,176052589 2,269213474
-9,800569606 -9,824359369
-3,406009074 14,08221372
-10,58218753 -11,91605836
-2,880686657 13,443592
-3,269766248 13,78210296
5,870185217 2,174992618
-4,581995318 13,51805473
-3,360066344 13,49723359
-8,66613115 -9,697077042
8,23678364 3,297778007
6,975436588 3,8620317
-4,907522642 13,6299889
7,60029805 2,76925142
-3,250196328 12,98872835
-2,734640797 13,99402667
-4,242970672 13,33577022
-12,62365272 -10,68117361
6,598355488 3,376200564
-4,294054053 12,72855636
-10,49481924 -9,828658743
-10,09615987 -11,51855651
7,155299986 2,860909325
-9,659909317 -8,55365259
-5,604670666 12,24185223
-9,37825892 -10,12826665
5,588144557 2,250313523
6,998056249 1,511163111
-4,480618755 11,65489258
7,716606934 3,57222332
-4,905485549 13,32776973
8,627042366 4,482993148
-10,69820062 -8,237504068
-10,15187068 -9,157904792
-3,9509407 14,50715919
4,782753208 3,13823119
-10,28189895 -9,228359051
-10,53830704 -9,553921415
6,920510967 2,825257742
-8,837480018 -10,60338243
-4,762181874 13,82322109
6,742801204 2,651271737
-11,18770175 -10,2223511
7,969290043 2,114813087
-9,621853816 -11,15625606
6,451678057 2,811974207
-9,926806671 -9,866578866
-10,52008009 -9,952653979
-10,76509109 -8,2663457
-11,03601428 -9,510569954
-3,949084093 13,39160849
7,614793839 3,770553172
-4,359457729 14,89586729
-10,77707404 -10,13447581
-10,3253955 -9,536161611
-10,38208036 -10,07704093
-10,61389654 -8,867408845
-3,687991876 12,84426748
-11,79147786 -11,69399921
-11,05464182 -8,663956138
-11,31230679 -11,76536965
7,491824453 3,321415587
-2,72625649 13,01141279
-12,36979824 -9,580983895
-5,566936111 11,93729325
-2,576410383 16,11099283
-10,92459702 -9,40974589
-9,343400067 -8,920677963
6,736616 4,449617965
7,019904249 3,348066531
-2,458317627 13,54243303
8,113408598 4,346103923
-11,11557759 -11,27022789
-12,75475312 -9,636001181
7,388134947 3,036911022
7,385661913 3,377960282
6,776667783 2,603081392
-6,12672887 12,51169849
-5,936465981 14,36885087
6,809877535 1,526602711
-3,594435611 12,1077147
-3,664464129 14,27281632
-10,56851263 -11,99305829
-10,20604639 -9,861170388
-9,633087232 -11,15905706
-10,57578147 -10,85821215
-9,981485233 -10,91240523
-9,818609196 -11,19863819
7,327467547 0,859728018
-11,1415168 -11,53944886
8,769124604 2,741708631
-3,518829863 13,01448602
8,714751326 2,978156157
-9,596613892 -10,20836523
6,135882767 2,240645074
-8,721118979 -9,586616576
6,885845391 2,884088922
5,113630392 2,030243666
-9,616298245 -9,786957072
-4,402758182 12,1983394
-9,559925899 -10,61192302
-1,318044455 13,65065037
7,436176024 3,465224685
-3,426193773 13,10955223
6,843589211 3,174467709
6,433938578 3,137504632
-10,07630613 -10,79036773
6,828345659 3,785801697
7,585326271 3,844986009
-4,293556638 14,03469663
-12,70374758 -9,575013526
-10,21695614 -10,80299198
6,389985326 3,289263261
-10,2900102 -9,803519944
-2,212644459 13,63710383
-2,079868743 13,06254493
-4,77590081 11,86657252
5,780449133 3,132008912
6,411549459 3,793088438
-10,79523623 -11,14627638
8,792375298 3,773906288
-1,592853717 13,34554338
6,052062074 4,47903845
-9,862116506 -8,221942915
8,659775629 4,031297678
-2,446402369 13,7190288
-3,065573121 13,91491458
-10,98778598 -10,38124006
-9,843852351 -12,06706008
-5,887692159 12,99567417
-10,01203722 -11,14477664
-10,97290368 -10,70670601
6,872382926 3,508074153
-10,99867144 -13,23442038
-8,999026777 -11,19460004
-9,994982182 -12,12402718
-9,705669931 -9,944708532
-11,09531561 -10,24120034
-4,735453169 12,14181103
-10,09194491 -9,684196639
-10,77909756 -11,40000684
-4,465788122 12,85852827
-10,15885135 -8,958031986
-11,30409557 -11,11268784
-11,37066082 -12,85193371
-10,70511342 -9,885661744
-2,233045602 14,74019104
-11,13033472 -9,953350347
8,041584982 1,647535332
6,090155173 4,08518931
6,584621874 2,642039429
-11,12882161 -9,363461204
6,78396385 4,621224692
-9,929074592 -10,47406962
-9,616000654 -8,165235713
-11,15550294 -8,895668569
-3,530010523 11,96553355
8,159897211 2,467852078
-4,1247626 14,680759
-3,113595257 13,42225333
-3,784698029 13,63875658
-8,149504199 -11,74384703
7,516371379 1,624272957
7,909834083 3,202759248
-11,38366079 -10,3300092
6,697158734 2,62336758
-10,1699847 -9,54941418
7,766940851 1,986208326
-2,235328008 14,02926495
6,014072194 3,568000718
-3,241854869 13,81841387
6,675433605 4,550336599
-10,19312659 -10,78929524
-4,834688933 14,00390161
-10,73046572 -9,298541406
-4,233270821 14,06398924
5,508642564 2,947665578
7,832015254 2,644667795
-9,527581476 -10,89080482
5,840272126 2,56622467
5,188749701 3,431296906
-3,441077874 12,69419825
-8,043615359 -11,17238903
-5,044225787 15,27622337
6,02331188 2,291974969
4,94133039 3,104818272
-10,92138523 -10,95339579
-3,425300027 13,10614128
6,680007912 1,995216731
-2,28590239 13,00315897
-10,55074173 -10,89658397
-4,4822037 14,41635357
-4,933909461 11,71944875
5,806485851 1,272410179
8,17176224 3,221005057
-10,35336601 -11,91492035
-12,70637066 -10,81604256
7,64187032 4,447000681
-8,968425034 -11,83269336
-3,514412751 15,09888247
-4,086476273 13,27059618
-9,027380452 -11,06933612
7,533562675 1,683450109
-9,647496179 -9,935962318
7,11983648 3,461537262
7,033015245 2,809511537
-10,31065713 -10,55784771
-9,222893668 -12,51141824
-10,41139757 -10,30413911
-2,09389193 13,91610072
-3,731792286 12,76801132
-3,125203976 11,85990913
-11,25940862 -9,843513349
-6,294083957 13,23542497
-9,659989546 -11,1241128
5,79803441 2,676615629
-1,966109908 14,16227205
-9,884499748 -10,71415107
-3,081843463 13,21116244
7,338971373 4,189976702
6,803920076 2,411467229
7,417098659 4,415576848
-3,767398974 12,3630645
7,429085844 1,424182403
-10,67029022 -12,53851215
6,577001065 2,83602558
-9,361649172 -10,11256104
-10,07923494 -9,067031565
-4,417872118 11,6907963
-4,012760583 14,49300014
8,47621231 3,561872846
-4,310040883 13,9132332
-9,908890701 -10,55123387
-4,009539499 13,24870562
-3,686428127 12,66014499
6,672370735 3,24708343
-8,46279335 -10,80193036
-10,78061052 -9,563599715
-11,24089181 -10,88555736
-5,447234627 12,71555913
-3,853532129 14,96154641
-10,66003949 -9,820021357
-11,44693689 -9,192255397
-2,767748749 12,7646341
-5,915611836 12,80227587
6,462886229 2,777185552
-3,139676618 14,1497747
-10,36681149 -11,90234115
6,159877748 1,051752389
-4,376585125 13,13372763
5,441944508 2,602725325
-3,735051612 14,79988105
-2,923152886 12,86880521
-3,852078483 16,10113853
-2,605685561 14,31309189
-4,155904588 12,05791424
6,960346213 3,560961275
-9,239384728 -9,377375876
-8,700653147 -9,90433776
9,124874322 4,15030312
7,41759112 4,634246959
-9,558934667 -12,06311192
7,847322222 3,72060118
6,757294027 2,431457479
6,35311796 3,171038218
-2,891475798 13,7047712
-10,45157738 -10,84389569
-3,470723961 12,80707777
-4,401536419 12,99043224
6,773972502 3,269753509
-5,211810335 11,32262324
-9,051789276 -10,03143639
6,366006846 2,794123116
-11,50720603 -10,71748764
-3,550599806 12,76945986
5,591503216 4,947030525
-4,277663352 12,46221567
7,352234222 2,4507909
-10,91787837 -11,28675228
-3,334178215 13,72911688
-1,688535562 12,83224137
7,75019015 3,29980582
-3,396509121 15,35961287
-8,359603532 -9,86955134
8,9720887 3,983464072
6,330554861 4,493482236
-3,179868249 13,1621371
7,50870209 2,704798732
-10,40035812 -13,49059013
-2,941251522 12,30058554
-3,32723663 14,42536403
8,709402159 4,341208605
-10,83713336 -10,40825563
-3,79131134 15,29368079
7,846705644 2,538992732
5,571275701 1,359483421
-9,173413212 -13,15767083
-2,169291371 12,67446784
-2,763214117 12,85080898
-4,647653871 13,6751543
-3,06684203 13,1876097
-5,320425608 14,12743914
-11,56398329 -10,0872963
7,144993791 3,38519939
-11,08630482 -10,25209212
-2,923176408 14,06816276
8,056287488 2,334077238
8,219051494 4,106195396
-4,738478105 14,3085138
-10,09275654 -10,88172214
5,667192907 2,427585963
-4,687029681 12,16974459
-10,57706127 -10,38979784
-4,437287059 13,80042335
-3,872556583 13,92314091
6,388072212 3,292362036
7,470610343 3,990335112
-3,242674006 14,16664478
6,3019837 3,814279753
-3,718224595 12,86982884
-4,745305086 13,98353267
5,1838065 4,023695513
-3,379730986 13,48873444
7,664324794 3,748811213
-4,407314665 14,44926932
-5,536828903 14,78335069
6,843052339 2,324196685
5,398325032 4,463174354
-2,036253264 13,95775286
-10,94809509 -10,59767801
-1,702292858 14,72979542
6,978637304 1,788100179
-3,513303584 13,8678774
-10,11859569 -10,21937332
-10,97681334 -10,36912942
6,480980798 2,096978762
-9,031365062 -10,30565539
-9,996255304 -9,03634753
-2,800420305 13,93421012
-3,63082676 12,82130838
-3,901244949 14,47430374
-11,67637636 -10,09701134
7,741948256 2,168855144
-9,084688873 -11,35211963
6,784254309 3,628409331
6,220446847 4,15165386
6,324455866 1,770087867
-1,881771938 14,86684924
5,70742481 3,323386409
-9,496658006 -11,2828154
6,849152886 2,063112299
-2,903322946 12,93835175
-6,235440935 12,72453394
7,109181737 3,323894822
-3,776043207 12,62417482
7,52442418 1,940090187
-9,568568007 -9,665733363
-5,334672587 12,39466172
-2,596014373 13,77585004
-3,750794543 14,97496327
6,848309427 2,154788045
-4,662211106 14,01334836
7,462602681 4,756115349
6,007899794 3,037235044
7,860216843 3,410979845
5,96595558 3,379946069
-11,37508028 -10,67385015
5,610242043 2,544540758
6,631923538 3,11494521
7,835865047 4,432425202
5,752796606 1,884442133
6,605777543 2,386152753
-10,12852426 -10,356495
7,392081205 3,429798713
-5,015335859 14,9651938
-8,630251853 -8,650241609
6,769779219 2,602309103
-4,303556115 12,74312447
-4,753401255 13,39564227
8,065718679 2,395807038
-4,548694748 14,16970963
6,433570398 4,348092304
6,547597509 3,873228258
-11,8509761 -9,169896994
-10,44257722 -9,717584122
6,982284147 3,506873641
-10,04285928 -10,31160831
-11,08362757 -9,443990458
-4,08285037 12,72540334
6,860723954 2,35693387
-10,45036659 -9,191924607
-6,460683078 13,46713433
-9,995100577 -10,85288989
7,704010226 2,778530353
-3,073652443 13,12020872
-10,07335717 -11,12244442
-11,34941306 -10,27408517
-3,672035658 11,53386028
7,80658903 0,832527106
-12,40974369 -10,49042264
-5,344987137 14,41646751
-3,111473556 11,94503704
8,540358941 1,944660334
-4,021172972 11,85284512
-4,155554584 12,59901901
-2,213295942 12,52307515
6,096324649 2,928551037
-11,16580051 -10,90507204
-11,50840421 -10,37004454
-3,676749366 13,22242184
-4,973491177 14,12135792
-9,347383821 -10,33346903
-9,785075888 -10,22907078
-3,565711674 13,37706878
6,47625677 2,347587609
-10,61681687 -10,56654779
-10,83422346 -10,07663419
8,760329436 4,198700879
-11,09121274 -8,710643724
-4,522929096 13,67182298
-10,07958304 -9,833854397
-3,705587716 12,37845889
-11,17005404 -10,86117126
-10,94946577 -9,588208887
-3,493339609 13,47119108
-9,749019613 -10,65159576
-5,358224093 12,92205417
7,600361189 3,082832728
-4,599143488 15,66657832
7,350514175 1,633282398
7,385308188 4,15700145
6,2502384 1,701249615
-2,121781274 14,53124628
-4,012487561 15,12877477
-3,539111709 14,45402002
-10,80707421 -11,75641825
7,144528729 3,897670063
7,105339452 2,345631961
-8,877495781 -10,83253863
-9,064037177 -9,374294746
7,643147247 2,750440706
-2,184583619 14,28886392
5,18123067 3,279406352
-8,042354289 -11,55467639
7,385705461 2,978902303
-11,0911816 -10,81812624
-9,63027633 -11,00379867
-9,179885251 -10,70752635
-10,45752312 -9,729028272
-5,171308129 12,7436125
-2,963854533 11,90511858
-3,474627791 15,97672933
7,841225783 3,680889888
-9,343727409 -10,31940888
-4,033203269 14,23897145
-4,947054947 11,48219701
-3,637416855 15,46035819
-3,658420928 12,1874037
-10,37536124 -9,982206862
-9,216223215 -8,878221988
-11,69284368 -9,80026225
-5,242708003 13,70478911
6,148817391 1,845708076
-9,731584899 -9,700425605
-10,10990656 -11,41178956
-8,949739679 -11,40621897
-4,691149569 13,75979818
-9,96907057 -11,16448843
-9,491381972 -9,24908389
-9,468316688 -9,096308471
-11,09853353 -10,11692844
-3,496669784 14,03015422
7,202700267 0,877655823
-5,600001808 14,02942052
-3,988652416 12,87142661
5,964669772 2,778251364
-10,80175436 -9,221181032
-3,025329855 13,69279747
-8,926259529 -9,480815276
-4,009858923 12,6781826
7,237176716 2,937475547
-10,08559276 -9,284720973
6,753958823 2,213176179
-2,343292187 12,9506829
-12,28676585 -10,34140917
-3,004867845 13,80262062
-9,814858972 -9,693626027
-4,527055591 11,71654709
-3,803351588 14,20292989
-3,875022496 12,61752155
-10,05737398 -12,26972611
-10,92056734 -9,15424787
6,501969868 2,800392294
-3,567275265 14,23043295
-10,5335911 -9,483009904
-9,529521065 -9,350595364
-4,425582899 14,37386253
6,866874048 2,720252604
-10,04632235 -11,31837665
-9,450668286 -11,50650082
8,671858538 1,212118016
-4,592791446 12,96124815
-9,788414692 -10,17128759
8,410745803 4,76695117
8,020028162 5,719414565
-5,141465803 12,58360415
7,116511983 3,98328517
7,374683755 3,423043056
-10,23492231 -11,03374906
-3,204005987 14,60220992
5,995112829 4,588223081
-10,97657575 -11,01788329
7,570034424 3,116727487
6,905913405 1,977450946
5,969860462 2,924746916
-3,125066213 12,37842428
-11,13684892 -9,998872919
7,789293096 2,765928387
-12,00794597 -11,44021181
6,379765013 3,199159026
-8,784958685 -9,197790171
7,798758755 2,342501339
-11,01179156 -10,97920366
6,144442626 1,893519594
-2,151575806 14,41826851
-10,9093331 -9,621475576
-9,290000231 -10,65705952
-4,00795307 14,48551636
-5,024680389 14,43929114
7,65267401 3,694392071
-5,314459866 13,58999217
-4,136003211 14,61017781
-12,69110015 -8,278094737
-2,84746876 13,86791767
-3,170695177 13,21188275
-9,63385104 -10,46181298
-11,94644571 -8,297574159
-10,98662987 -11,05313329
-9,368134542 -9,793266466
-10,41991651 -10,37755509
-4,193098659 12,82900821
5,848360297 3,206259304
-11,31113745 -10,95304466
-3,248761167 14,03521514
-9,521590085 -12,19360569
-3,641498932 14,06472722
-5,130675133 13,29666379
8,028197588 3,563875415
-3,936742495 15,23313767
4,430258177 2,663147067
-9,647147379 -11,82064094
-3,15102253 12,46801363
7,26363685 3,681317031
8,359412899 1,617626777
8,353272782 3,670303628
-4,622154215 14,22173907
7,918204074 3,011415503
-10,32872935 -10,01318332
6,613391748 1,348187167
7,909412826 2,900339345
7,451837102 2,433719683
-9,459855914 -10,24036291
7,828974319 3,847045363
-9,387005916 -10,73526468
5,909677515 3,717249675
-4,224435206 14,57855142
-10,98758384 -10,12678494
-11,05682069 -11,15434924
7,167085584 3,029098863
-9,603706546 -7,925802489
-8,810309773 -9,714558157
-12,51382326 -8,72069345
-3,125745333 14,02227367
-11,89032224 -8,964591454
5,714100878 3,014688637
-10,66264671 -12,40595683
7,462563062 0,466483706
-11,20019488 -8,521439372
3,940306099 3,143604071
-4,151973253 13,69184541
7,475112576 2,125472716
-4,366008495 13,99020345
-10,21227087 -11,39867713
-4,308179159 13,63235178
7,460058724 2,426154219
6,795483048 3,171847879
6,820371979 2,509565261
-4,567471003 15,160546
7,98120155 5,048197299
-3,567951179 12,54305641
8,050679925 2,496815014
-4,755188784 11,36803908
-11,62681057 -11,91803652
-4,551580186 12,90058159
4,471490901 2,301506114
-9,58844016 -9,781729433
6,936266103 2,785400268
-2,446681367 13,40336067
5,872572315 1,873929397
-11,98620419 -11,81492054
9,445008171 3,224529837
7,346626775 4,050734951
-10,49703678 -9,664272252
7,771214809 1,811491237
-5,110922724 12,54981515
-3,930914515 13,66814288
-9,647051449 -10,15350857
6,994532003 0,991250312
7,7006426 2,446540959
6,779426573 4,332603001
7,626130755 3,422345819
-2,550698735 13,66314611
-10,15403713 -11,70218196
-10,1099707 -11,30469844
6,658958507 1,75027759
4,981593005 3,006689428
-4,246539957 12,56810058
-10,89352336 -10,60128987
-4,207078686 12,63662648
6,952773269 2,744144947
7,465783808 2,231482324
7,333166814 3,272132736
-10,48929314 -8,683424428
7,531875696 2,897563509
-12,4891182 -11,51435379
8,951371557 2,127693221
-11,32504216 -9,960000206
7,009126586 3,728594202
-4,998145306 12,92896493
7,189889014 3,457497615
-3,37521783 16,01442871
-5,326342291 12,99237651
-10,92691307 -10,72452638
7,150242144 3,408973247
-10,55588962 -10,43978401
-4,328044033 13,7059805
-4,985924243 14,23442762
-1,91484034 14,64799422
6,523054017 1,353177425
-4,231497636 13,86793307
6,19653215 2,997692361
-12,34123943 -10,42144511
5,933449047 4,189755099
5,722391616 3,069162998
7,399319485 3,738691029
6,624680473 3,30209236
-3,131014568 15,79212205
-6,188036695 14,40547459
7,063256384 5,001830566
-10,453621 -9,800805644
-11,66761783 -10,30448215
7,293994672 2,804495477
-11,10059716 -10,57996453
-10,4484749 -11,17182656
7,185579777 2,977367778
6,228186515 4,850195211
-4,334975424 14,09401197
-4,703131828 13,37734164
-4,556216356 13,21346766
7,589347839 2,155438766
-10,96110761 -8,654812472
6,601478102 2,31221272
4,875705315 4,684451176
-2,605200856 12,70074687
-4,499326377 14,75752237
-4,45194678 15,773865
-3,779106284 14,10072069
8,922405445 2,963450198
5,783644918 3,447314823
-9,586611705 -11,59439651
-10,96378105 -13,0593046
7,001143887 3,402756656
-5,05847791 14,68225598
-9,466972143 -11,54934799
-11,32636815 -10,27233907
6,173832222 1,578709923
8,011765872 1,961693899
-4,589293631 13,20004335
-11,30076672 -11,72498133
-3,355543679 11,81884559
6,081495177 2,581746627
-2,542762739 14,1035269
-13,02383242 -10,95004894
6,342166359 2,64368167
-2,893728704 14,01711108
5,695319847 1,166648073
5,867884354 3,850002027
-4,213861906 14,14427912
-8,803995978 -9,938430221
-3,994730965 14,21763556
-2,809794671 14,17282044
-9,200808453 -10,30712102
7,102867024 3,809366514
-9,971099047 -11,21799446
-5,084029642 15,35288796
-2,036832583 13,12179301
-9,839180285 -11,37527207
-3,186724307 13,31838381
8,235208992 2,808040092
-10,82301041 -10,4707784
7,456017442 2,424437813
-12,41879705 -9,636941375
-4,365503047 15,37370738
7,222379583 3,153344437
-10,29422992 -11,86328262
-11,35963451 -8,374969316
6,761880525 5,027660864
-4,639414688 12,13862946
6,575846982 3,209954732
7,658646675 3,38072747
-3,240960947 12,94772919
-11,09064109 -12,09413401
-3,35086498 12,95770464
-10,53331595 -9,349848188
-4,989562098 12,05705431
-2,371331135 13,27138268
8,975093365 4,250398987
-4,286519455 14,57043842
-10,07981327 -9,587110108
-3,782505191 13,13291074
7,003332923 3,51789404
-4,482240656 13,30798204
-11,18872777 -10,33103153
-10,18527437 -9,891822339
-9,500067519 -9,896274907
-8,283567252 -9,851186312
-9,674922295 -9,391918699
6,03525414 1,362155356
-11,53602159 -11,44169454
-5,185607101 15,02276284
5,666676711 3,532144837
-9,931065057 -10,41498862
7,892946327 2,737033825
7,154843238 2,201472457
6,92620569 3,414495438
-9,76341869 -10,91144918
-4,281407734 13,74521714
6,765120958 2,895566349
-10,73606609 -10,3832874
-10,83042996 -12,87371399
-10,13513172 -10,74019212
-9,173410643 -11,09753587
6,980704743 3,190455432
6,289703054 4,131472441
-3,364108483 12,8700723
6,566765497 3,961386351
-11,16511389 -10,33426336
8,146552875 4,396089932
-3,22019628 13,15081486
-10,79819936 -9,960688592
-9,462703365 -9,922116173
7,610268347 1,456674224
5,093278303 3,967268216
6,837109321 3,0531269
-11,20677025 -9,548368213
-2,292626107 13,31210552
-10,50764323 -10,42375124
-10,38301433 -11,77109228
5,613947331 2,140496666
-3,987262417 13,1721124
-3,510056773 13,98912236
-10,51513932 -9,26007465
-4,536621649 13,28461059
7,466059244 4,407060225
-3,439712465 13,13634691
5,642686334 3,73578244
7,937633804 0,854107584
6,552781941 3,646072983
-3,519995721 12,95735056
8,522707023 2,685761444
8,379421259 2,35933096
-9,095492034 -10,51778486
6,657637667 0,356617438
-3,169042093 14,37484475
-10,20890547 -10,94647967
7,06167455 4,508774677
-4,098571767 13,11778073
-4,061359938 14,89713601
-3,225500356 14,59393653
-5,320378333 13,09331403
-10,88363697 -11,81420218
-4,572290037 13,01967215
-3,131388696 14,49398364
-11,26150097 -10,86816021
6,42860396 3,443631177
8,197472012 3,339522162
-10,25160227 -12,34009172
6,351942994 2,420631823
-2,933460618 12,66534537
-10,76798362 -10,08160944
-3,130019554 13,93522829
-10,54509717 -8,931140027
5,930446746 1,60708424
5,321789197 1,173379061
-7,616413222 -10,55082606
-12,04970352 -8,986278644
-3,036166891 13,57337508
-11,23741689 -8,588994758
-9,767554815 -9,639934181
-10,8725306 -9,624300551
-9,909804668 -9,963191631
-10,91606985 -8,222225051
-9,393465686 -10,41124025
-3,150278462 12,49863663
5,927294351 3,357681576
6,335472865 2,775229168
7,290669559 4,410755964
-4,010973817 12,83944494
8,178012966 4,017122831
-9,048375461 -11,30022669
-3,675389548 14,99895927
-11,94498482 -12,82673596
-10,38966115 -12,84244231
-3,954478835 13,73886207
5,593994099 2,810785216
5,410857729 3,217730507
-10,37926693 -9,826604186
5,837273448 2,042251705
7,575589404 4,163638963
-8,866165311 -10,39839505
-9,723949889 -10,91005915
-4,079065679 14,28039841
-4,826100148 13,99502162
-10,70331553 -10,11788398
-8,603533156 -10,41768977
-3,666718885 14,49007418
7,672530283 1,076604318
-2,312652827 14,48070002
-10,76740213 -11,53497053
-10,02590326 -10,0707467
-3,395123126 13,12809038
5,358914276 2,131257501
6,064471932 2,551653687
5,128136007 1,908444614
6,098115184 2,989786005
-3,930918148 13,80400914
-12,42419029 -8,277986479
6,546820432 2,033056217
-3,422040459 15,39760003
6,934243942 1,190678621
-10,96052205 -9,661110046
-9,229257316 -11,06826045
-10,33605113 -10,42598315
-11,65951286 -9,887947699
-10,85820162 -10,57511136
-10,18284339 -10,29477911
-2,584356314 13,05225354
-3,442439219 13,94334995
-5,433201716 14,06478938
-12,17128352 -9,536574725
-11,47059452 -13,15924305
-2,705371948 11,76268971
-3,892333946 11,63958015
-3,790317694 12,63955454
-4,785029252 14,22978564
-9,067157125 -10,15886485
-12,01011241 -11,29866394
7,433450331 2,033373396
-9,710705198 -10,87729496
-9,476335454 -9,157325812
6,910921071 1,554564679
-11,78993034 -11,58293417
8,38256639 3,885969928
7,494635591 4,188735028
-9,933058133 -9,482400168
6,284884236 2,556678537
-9,628968101 -10,0545474
-9,430286962 -11,44191549
6,456843484 3,223241741
-10,13952642 -9,482333855
-3,031156357 13,44071261
-8,234727865 -11,32807609
9,045865304 1,944995033
5,183583021 3,368407337
-2,031281435 15,75272934
-2,741226003 15,9611816
-5,108246946 12,60277725
7,856884451 4,234629567
-3,974926673 12,53424967
-3,142224545 13,15181886
-2,453487688 14,917113
-9,492325358 -10,16219008
-10,12104727 -10,32934674
-2,788598805 14,02252336
-10,49206992 -9,68148725
9,143914988 3,530261734
-9,809283318 -9,047594227
-3,615128977 13,18434322
-3,144642174 15,57892466
-3,913852022 13,64700565
7,850016665 3,995003861
6,41313817 2,688099416
-10,5471604 -9,604671293
8,02499022 4,412371271
-12,14052686 -10,91783207
-3,743002727 12,79342625
-2,739733909 14,11395614
-4,699235137 14,60741131
7,545984055 2,547340708
-2,614523108 12,81825277
-9,325658572 -8,946250005
-3,541662663 13,04268057
-10,83719823 -10,10236205
-3,129074966 14,63112903
-4,498388011 12,71117676
7,625742506 3,381341137
-1,360380849 13,4638104
-4,198292662 13,21225707
-3,480508563 13,26252422
-8,640766113 -12,23180494
6,507868882 2,17041602
7,348796984 3,211228135
6,589310156 1,554187507
-9,598443834 -10,86535063
5,535861102 2,693102197
-10,44432767 -10,30446659
7,303606136 2,911102174
7,55484772 2,402331473
6,68093486 3,804912497
6,940557875 2,696863697
-9,222140599 -11,88581242
-4,016364586 12,27364601
6,061034206 1,6294409
-10,37734854 -11,05528119
-3,421071088 13,97818241
-5,757532077 13,89548576
-2,844719952 13,23115465
-12,35566129 -10,27267092
-10,58808654 -12,15652417
-11,5519811 -11,00465612
-3,381860982 13,95147084
-5,476930964 14,87530157
-4,216102754 11,09754987
8,636211282 2,014247646
-3,392650561 12,91744401
-4,209979868 11,63188846
-9,754598428 -8,684366584
-3,977239306 15,01215533
-3,496746169 14,41105999
-11,59135979 -10,10876782
-10,28794922 -9,630090714
7,360299641 3,090819712
6,863194584 2,543787598
-10,90585594 -10,93993652
-2,435602293 14,0776592
-11,55187203 -9,367702419
-3,109430778 13,46584452
-3,406780949 12,8285196
-2,680745191 14,57523124
-4,749522481 14,02547571
7,818269371 2,725133956
-10,7879369 -11,07892965
4,212313412 2,46002435
6,483597381 3,834143707
-10,58504535 -10,72004263
-3,024985954 14,13679668
-12,16133856 -9,42809679
-9,324993411 -9,674158203
8,007135961 4,129344518
7,871180977 3,065508317
-9,608030207 -7,207254189
-10,70189318 -12,29612769
-1,236864009 12,99056042
-3,467676158 13,78248446
5,427117694 2,763473875
-10,90855292 -11,25576069
-11,55557658 -9,065826029
6,993845665 3,071127128
-4,340306835 10,9303869
-8,884353388 -10,66746668
-10,50536527 -11,91955915
7,155949713 2,055686236
-10,80027458 -9,623996393
-4,67182051 12,10912549
5,770406361 4,602427479
-4,810707417 14,05808194
-3,801431137 14,62473107
-3,63569202 12,84037753
-2,47404368 14,19461054
7,256393799 3,422939321
-10,93302839 -10,12392345
7,150453846 3,901065107
-10,12684387 -7,928054755
-3,592930996 13,33744586
-10,89945712 -11,47658021
-10,00954601 -11,59374994
-10,04284002 -9,124683739
-9,804557191 -9,500239137
5,945922302 3,045441687
-11,21577345 -10,10086205
-11,93532757 -10,0205167
-11,50867325 -9,266178619
-10,46431935 -10,27712352
7,925215739 4,195885248
6,506569845 4,41222206
-10,39531224 -12,00483197
-4,29975988 14,32948699
5,994153451 4,588920891
7,065712707 3,544167506
5,70941052 3,564269852
-9,742077262 -10,44882384
4,747956343 4,493188227
-3,659595331 13,45883606
-4,914790012 13,89712721
-9,801339085 -10,8493654
-10,65919979 -10,08855692
-3,641126119 15,14610765
-10,31782176 -9,905391499
-10,21223282 -10,63901075
6,868418697 2,878876028
-4,50626702 12,20140668
7,223838336 4,232108026
-9,166792683 -11,53756818
-4,479100144 14,20102694
-4,390513659 14,38382266
-3,155899925 13,70803832
-4,032327082 12,63023697
5,868117378 2,572654823
-2,943314253 14,02870322
-5,170113898 13,43832362
7,381364338 3,226572922
-9,035344993 -12,74655646
-11,06879848 -10,54170099
-10,23242431 -11,35630796
-8,450622946 -9,900458782
6,468664507 2,674879033
-9,280834718 -10,22700605
-4,463521943 13,7354091
-9,924019801 -11,27773334
-9,820344971 -12,01243522
5,672654686 1,562636341
-9,747434508 -11,02489283
-10,48782571 -10,64617689
-5,166401706 15,27100594
-2,6628368 15,47977665
7,252010983 2,772425508
-10,43466502 -10,70510728
-9,959701812 -10,81879829
-3,026952537 13,24010164
-4,573399955 13,94549024
-11,41471131 -13,4968682
8,07721707 4,408253756
5,888965836 4,871173613
5,989693994 2,56219676
-4,414439004 13,03430381
-4,776627555 13,83567652
-12,38284394 -10,63751488
-9,296599315 -10,51061058
6,600188582 3,260861865
-3,29055881 13,44860028
5,460802294 2,867909762
-3,950668079 13,08169813
-11,41156199 -10,18482604
7,48206889 2,861839279
6,415704252 2,79696162
8,698669606 2,63851176
-10,51314617 -9,779876446
-10,57674079 -9,238052077
-8,645998901 -9,878417654
6,836085574 3,417560136
-10,23493564 -9,52216984
-3,105252162 15,53163373
-11,35140707 -10,76042359
-3,439630082 13,39128614
-4,468140125 12,1129679
-11,05749787 -10,13891323
-7,937727255 -9,492928282
-4,957433266 14,44058337
-4,227214127 13,05569944
8,197256389 2,502452871
-10,65468487 -11,6612291
-4,21111833 14,80244555
6,730018624 2,108348092
7,395793644 0,427508441
-10,73687117 -9,976110468
7,394588319 3,435185208
-8,608411978 -9,796203878
-10,62462963 -9,273252595
-9,778532268 -9,443995223
4,521001096 2,825475364
7,293678221 4,391121308
-3,270478534 13,70626532
-9,446616436 -11,28632111
5,986439416 3,966887862
-10,95485067 -10,36145708
-9,812420515 -10,37755975
-3,184163261 13,84722551
8,609299149 4,030365086
5,64057106 2,756773889
-9,13787307 -7,976510337
-10,39850813 -10,8992885
-10,35933517 -11,72440396
8,946879366 2,428783628
-4,126237376 12,4017593
-2,322523146 12,08556704
6,284110175 2,993906943
6,876380285 1,510109306
-9,569540547 -10,04089655
-3,863950511 13,31775544
9,372433676 3,744358814
7,282792758 2,898750554
-11,59039251 -10,69874413
7,383885116 2,999201574
8,363188224 3,657657798
-4,281084885 14,93077663
-10,34174107 -11,00904993
-10,2165234 -12,63420846
-11,6780148 -11,39990071
-10,74828871 -9,904327554
5,515963438 0,663573573
-2,765485536 13,08980888
5,424778007 1,079744492
-2,177779618 12,28361369
-4,718919014 13,94502826
6,103320017 3,057424903
6,8705841 2,922183881
-4,683220669 15,0713636
7,401125406 2,226598329
-10,84597247 -10,84374038
4,989714437 3,852351864
6,095935294 4,239219458
-9,675317019 -10,23817558
6,373890581 3,288861305
-4,844859762 14,1373648
-3,170239712 10,58104056
-1,689713765 12,6020446
-4,369411974 15,34743891
5,949220034 2,444536132
7,279342925 4,613371794
-3,187239472 13,83267935
-9,888578368 -11,59584705
-9,959072071 -11,23080948
-10,07111564 -10,24204665
-11,08556162 -11,44822694
-9,128354932 -11,13876942
-4,252645856 12,40181176
-8,646076841 -10,90961679
-9,653171115 -9,742185866
-4,106484029 13,14998833
-9,87204685 -10,8213985
-11,30443391 -10,12148438
-10,33733576 -11,29656444
-10,53540131 -9,382686897
8,165812771 3,737161879
-2,850211808 12,71825024
-2,562582512 13,11335382
-2,466801888 13,49856113
-2,714243719 12,98619398
5,699653489 2,343393118
-8,431003847 -10,48440637
-4,83653946 13,76067606
-2,685115601 13,48292072
-4,549785895 12,19019624
8,322381107 4,600369089
-3,703566225 15,9846713
-11,11655435 -10,27923964
-4,038848132 11,21950803
-4,591386655 13,60757308
-10,92700958 -8,75198196
-5,391338872 13,56951414
-9,693006114 -10,40007284
-4,249159982 13,60330333
-2,950279217 12,29056488
8,151525751 2,876036566
-9,919204931 -10,11851148
-4,127408647 13,46448357
-5,564854169 12,97875539
5,564029052 3,551103768
-8,940971159 -10,2043398
-6,317717569 14,4557491
-3,897813601 13,53611739
-7,564223043 -10,625775
-1,63076306 11,56934139
-11,22821046 -8,635639555
7,674428045 0,909813247
-11,44068453 -9,390754405
-9,511404597 -11,16822999
-8,892135422 -10,73959914
-2,73125023 14,64813433
-3,753443815 12,20959296
-3,827934781 13,8501916
-3,879444717 13,2203255
-4,292413116 14,10779321
5,95126357 0,997128834
-10,11436545 -11,94354692
-11,81966265 -11,09900143
-3,708071522 14,61562071
-3,876124484 13,30045959
8,07665203 3,146170696
4,894735208 2,988212107
-2,707739626 13,74466811
-10,75331425 -8,598009292
-5,488714267 12,95914166
6,435729856 3,112109398
6,241899364 2,729229901
-8,689798656 -10,69283997
-3,042124371 12,39237742
6,86535954 3,379364498
-4,43897471 13,37691052
5,991772496 2,649446821
8,815321569 3,18398927
-3,835806556 14,52496209
-3,780219331 14,70982247
6,895129649 3,032628624
-10,92779155 -9,727634083
7,389159077 3,339394174
-5,356790168 13,96190393
-5,370242755 13,72489283
6,809497794 2,633058313
8,160080004 2,496593164
-11,51396373 -10,0343611
-3,729712966 12,75145596
-11,2922053 -9,913542356
-2,517711242 11,44803896
-10,29025028 -9,62219036
-2,123831905 14,26355668
-9,792904103 -10,7975751
-3,686974544 12,23843697
5,874667728 2,134343996
6,370951428 2,122492095
-3,810717013 13,99847002
-11,70003949 -10,75631983
-11,50643418 -9,262350209
-10,88128289 -9,840803436
-9,028682363 -7,732255416
5,660237017 3,789486944
-3,745378055 15,1978665
-10,23660822 -11,04833629
-5,283166401 13,03719512
-10,63982585 -12,09956332
8,001542918 3,543298829
-5,743096245 14,26933945
-10,27387691 -9,696757252
6,954222236 3,628496182
-10,93029843 -9,815681134
-3,100915166 14,69490305
6,559919192 3,229049278
6,250797297 4,913013663
-2,814242299 12,03653122
5,96400286 3,610890768
5,090076555 2,571233751
-1,606488221 12,91571427
7,045711261 0,740454153
5,921274433 1,32847871
6,783044091 1,411136227
-3,213744336 12,55308474
-9,36417155 -10,35890728
-9,151930964 -11,04412912
6,898054054 3,439196044
-4,299124621 13,43089591
-10,51031301 -10,51836007
7,188892943 4,034072539
-10,15514602 -8,123941248
-2,381637444 14,17013908
-9,461541961 -9,766594859
-2,813488843 15,23204256
-3,205469522 13,59743458
7,287639427 3,884024665
-10,43408162 -10,05589612
-3,852159394 13,15141816
-10,72924203 -9,536805679
6,725798395 3,4261129
-11,70730934 -9,556304038
-11,36497027 -10,34642518
-4,401183562 14,71044572
-11,16459475 -9,766775407
-9,700554489 -8,681804658
7,947152771 2,883803502
-6,383541539 14,3433317
-4,440188737 15,32236963
6,548391647 4,11365526
7,695440252 4,741553435
-4,951394854 13,8312499
-3,840898144 13,86258117
6,228861979 3,717676376
-2,794339234 13,94862355
5,806467744 4,097069068
8,20670997 2,897750517
7,638749544 2,822759036
-11,09289663 -8,421429409
-3,926863399 12,77652655
-9,455912544 -10,14869507
-3,693744271 14,68330749
7,36958105 2,098666616
-9,802494271 -10,54167765
-12,14020106 -11,02593787
7,294876283 3,275910483
6,226785259 4,777816448
6,778369185 2,853417523
-3,574214818 14,52247528
5,255946668 2,035288538
-2,767529615 13,02767261
5,856148426 2,628965302
-3,456389737 14,3371664
-9,691834489 -10,59967185
-4,854762865 13,1106149
-9,139312613 -9,175871321
-8,511832279 -9,814006734
-10,15142545 -9,374952855
-4,75433276 12,95513146
-4,431886888 14,51347154
-11,39312945 -10,23908185
7,581888245 4,288687845
7,852772124 4,789374728
-3,70678331 13,79002147
-3,572697367 13,56786574
7,031855116 2,747545556
-10,80771463 -9,686837564
7,005040963 3,010952428
6,450011561 2,994195538
-11,89059314 -9,238650304
6,164261186 3,384148464
4,052830035 2,584932469
-3,569412133 13,1682629
7,51129453 3,300343742
-5,68256765 13,49491532
8,255881316 1,852597709
-10,27394931 -9,761827967
-11,65530319 -9,596027831
-11,87095304 -9,658112555
-8,506033088 -10,66304325
6,112184326 2,307665637
-2,600632682 13,53166225
-4,410023744 15,29674008
-8,328070368 -9,927250879
8,633270345 4,300215578
-10,6204211 -10,95160142
-4,40527803 13,95335174
-11,55900307 -11,823035
-3,55493284 11,56175907
6,4015165 1,859600293
-9,98779312 -11,36732196
-10,49473532 -9,920846788
-9,87245907 -10,95875022
-4,018773652 15,02542218
7,97128129 4,301230441
-11,16587509 -9,39449218
-9,563774948 -10,54205266
7,057885794 4,255626308
-3,985050058 13,24461589
-7,383782884 -11,39349242
4,324070515 2,963130033
5,586958803 3,311234426
-3,056044499 12,95896242
-11,12581772 -10,24446945
-4,353161192 14,37103129
7,201140189 1,808740442
-4,867163041 11,3685386
6,599778986 2,231677428
-4,210311387 14,37782799
7,920123051 3,42223815
-3,021701063 13,82072177
6,96102373 2,142665895
6,723848267 3,703940236
-10,97512851 -10,55587563
-10,75221467 -9,526345923
-11,71139917 -8,616062312
6,043544154 4,315197327
-4,415632542 13,56882786
-10,99808385 -10,63840192
-4,465849528 13,19376705
8,336314704 3,272886666
-11,00549054 -10,93737664
5,862449935 1,482829598
-2,779474036 13,30744035
-10,48982655 -11,13298798
7,243569278 1,971881185
-6,414766243 14,61293604
7,935634974 3,87820897
-4,763098667 13,01665427
-10,80714616 -9,245831385
8,177777407 2,446558161
7,734973748 3,512794612
-4,190154031 14,6698749
-2,216291233 15,31730687
6,906697601 4,183323408
6,99261525 2,201259191
-3,118420485 14,89006075
7,2123871 4,344286574
-3,891714026 12,56588875
-4,603518277 12,92203655
-12,1005992 -12,55063241
6,337783449 3,542492109
7,558612644 3,628095015
-9,575789011 -10,52504105
-12,22411548 -8,875752195
-3,303824292 12,84371382
-3,397198188 12,58154941
-10,94395124 -9,57318355
-10,65021568 -10,8303252
6,379169952 2,348369279
6,472615333 2,607833208
-9,673550366 -11,41920914
-3,052836466 13,9656925
-3,692230197 13,04377175
5,996059328 2,002603611
-3,282787203 13,74531322
-9,285559732 -10,7276245
5,900910667 4,441417928
6,632800937 2,746297747
-3,777293659 12,46371826
-4,770339 14,66130775
5,997085689 2,753143246
-11,05921195 -11,654775
6,043626339 2,127932318
-4,223157334 12,67158482
-10,5035866 -11,45034312
-4,344319884 14,1100076
-4,032685125 12,41490328
-5,347699258 14,28184385
6,500727944 2,265154157
6,043497335 2,122833822
6,695303413 0,955892162
6,129373848 3,482268631
-8,99669632 -10,48928708
-3,884744583 13,94096164
6,864354007 1,183508192
5,352157227 3,144495105
-9,564707489 -10,1207404
7,276176576 2,07450584
7,423024546 1,592616719
8,62888778 2,01719652
7,652675839 3,542325845
-7,931068794 -9,135907745
7,254042383 2,725346726
6,72895188 4,413015189
6,928759321 2,050071109
7,545722456 2,22298439
-8,371098142 -9,295055237
8,577030829 3,064110463
6,542451441 2,664664612
7,426489236 4,480760753
-10,42846421 -10,28578908
-3,326858265 14,71207547
-10,23666788 -10,28338156
-4,022592497 15,12007636
-9,601023363 -10,47791137
-10,74320047 -10,7735785
-2,951270612 14,87766922
-2,868603215 14,15660099
-9,981083345 -11,3127424
-10,51636259 -10,78474547
-3,202876987 13,22594887
8,863954844 4,585713441
-3,797026425 13,31331234
6,14360101 3,037897589
7,998930042 2,883990239
-6,467028728 14,19930451
6,440421883 2,618846649
-4,375565525 13,4843924
7,018802476 3,406627027
-2,498088594 12,65525434
-9,566021323 -10,93470317
-10,04035693 -10,02860071
6,646760224 2,959045931
-10,54048325 -10,25079459
-3,177102633 13,04652554
-2,563382527 12,86453491
-10,7792054 -9,776773562
-10,43025335 -10,70840744
6,264123377 2,041627542
-9,851490365 -11,4904451
6,916994873 3,017777261
-3,54970269 12,27569041
6,639150629 4,754965882
7,64003436 4,152262038
-3,350361531 15,398225
-10,27815333 -9,283005491
-11,17629265 -11,44621835
-9,197579282 -10,50684335
-3,465043526 12,76963814
-10,35603076 -9,660514392
6,240985867 3,704759839
7,493177499 3,79922303
7,989275736 3,832069906
-12,63975638 -9,537534564
-4,765416444 13,2403289
-3,788823393 14,33919549
-9,333064281 -11,03213762
-3,319977006 14,29606325
-9,709914742 -11,87553812
-4,860071521 12,08137831
6,373286985 3,18397093
-11,54712075 -10,9114424
-5,044100833 14,39388652
-8,857244848 -9,871528625
-3,369344292 13,10044471
-3,041415077 13,14859604
7,87520853 2,410214251
-9,977615573 -10,38020193
-3,477931044 13,85588598
-11,11032258 -10,28615629
7,32729992 2,64622484
-10,21658221 -10,17082248
-10,13011248 -10,02292012
7,45102592 2,601725146
-3,902252419 12,29713096
-10,1807956 -11,40629069
-5,111981857 14,26469329
7,185082372 3,652477281
-10,92744693 -11,33464412
-1,70304851 15,27677003
-9,910002256 -10,59683616
5,417016739 2,326999496
-2,568749806 11,99824229
7,784916519 2,09262431
-10,88614589 -10,91998578
-9,47714346 -10,29696841
-9,763499335 -12,22510884
6,428363703 1,391895101
-11,95145567 -11,22511222
-9,336757644 -11,72023511
-9,521597007 -12,17950116
-3,84647712 13,39968168
-11,71488929 -11,02807533
-3,791100974 12,58816123
-3,038700648 14,03760748
-8,419172362 -9,297107835
-3,936423735 14,40508913
-9,292546168 -9,720586849
-3,622910188 11,75298983
-10,10078148 -10,76648491
-11,829482 -10,54070262
-9,963187998 -9,058645137
-10,01209517 -10,56791681
7,032498779 2,548261381
8,423995493 3,956613299
8,457249938 4,817456869
-9,4281371 -10,31593453
-9,667134635 -11,9514995
-3,284816609 13,8550913
6,744150617 2,086793435
6,600049609 1,63370684
-3,798481322 13,75564392
7,012076745 1,89914946
-10,72995927 -8,501265858
-9,68698657 -10,79434257
-11,01885533 -10,15846586
-3,833962146 11,86046826
-3,958704715 14,65519929
-5,091982483 13,71829043
-10,28455284 -11,69567528
-11,41566111 -10,38803577
-2,536127442 12,31178817
-2,459456192 11,8589372
6,75832672 2,953233211
8,143311921 1,781713659
-3,166396365 14,22260193
-4,752387542 12,41783988
6,351591747 3,322870154
5,428710752 3,474009282
-10,73406769 -11,31533835
-9,09915789 -11,39684352
7,378216475 4,361353119
-5,162364008 14,08439843
-9,06182173 -9,914108267
-3,50391364 14,30325206
7,67519957 3,677940252
-10,7861996 -11,80314882
4,984330483 3,71085398
-8,928468429 -11,67613473
-11,71851921 -11,84045118
8,15255342 1,70188637
-3,681356682 12,06387769
-3,118312253 15,68468392
7,873589876 1,414024739
-3,696805717 14,03736841
7,188814647 1,101853075
-9,727998635 -9,639944029
-11,51740722 -9,433084613
7,133159919 3,203707724
-9,479776922 -11,67768193
6,179619125 4,29032943
6,914925224 3,142255557
-5,467178874 13,46588149
-11,13712318 -11,45399475
-3,077536244 11,90871332
-4,536674102 13,92848148
7,459503365 3,431756797
-4,547049727 13,19936768
-3,933981057 13,06820114
6,660141606 2,909549909
-3,956157399 13,82297653
7,18210811 4,238620339
5,141839029 3,719466821
7,120307878 5,172285565
7,595236285 1,720496131
6,455638423 2,878231853
6,007501874 2,282759387
-10,47774626 -10,50401828
-9,462738306 -8,642787302
-9,648529538 -9,71637387
7,641887744 3,08593243
-8,655707955 -10,01492126
-10,83810751 -9,466962845
6,639970731 3,111512518
-10,1146819 -9,55428611
-3,938756191 12,76568403
-4,23483474 13,75347913
7,512118192 3,58538546
6,516774233 2,480261559
7,20912685 4,004843
6,587499201 3,397067713
-4,942836226 14,70910858
7,459682378 1,560448351
-3,868245653 13,35260747
-1,890498658 14,60147726
-3,87833628 14,7592455
-4,739669688 14,57507099
-11,4964029 -8,499620482
-10,02847606 -10,82717305
-1,573993501 12,71313091
-3,643500803 14,03586803
7,855173685 2,328176797
-10,7653845 -10,20702393
-4,337458441 12,97457025
-2,977996276 13,94688675
-4,238741746 12,86809996
7,433290153 2,692113435
-11,05993089 -9,455339951
-11,5363375 -8,956787876
7,100800954 4,548381454
-10,4214355 -11,16259702
7,135105033 1,623029087
-11,49836428 -10,53983384
-10,46955774 -11,58417056
-9,897660712 -9,009972482
-9,576981873 -10,95775193
-2,546637914 15,04274524
5,382821772 2,156930082
-9,244097385 -10,10949592
7,938707813 1,588011397
7,728025471 3,175151031
6,665851307 2,888155274
-4,112448569 13,17217149
-11,43352214 -10,95109522
7,624521 2,406833689
6,967698439 2,634143474
-10,7319198 -11,05886189
-4,253235877 14,56559007
8,095438402 1,853461013
-3,492217597 12,24468062
7,611340246 1,822068855
8,154581116 3,854401713
-2,687789296 13,54274084
-8,940973431 -10,9916766
-11,71393586 -9,266272838
-2,757503625 12,94453732
-3,555413627 11,47969432
6,112967288 4,209373431
5,442644558 3,710333693
6,721707818 3,005757273
-3,898105176 14,33223747
-10,18875076 -10,46169014
6,424483167 3,318208144
5,690487758 4,662269184
-12,12648218 -10,59500969
5,406059488 3,777644184
-11,50249697 -10,57292765
6,36230806 4,382124388
7,212983492 3,780098539
-4,651288612 13,08397089
6,72941754 2,035521382
-11,00645489 -11,67072035
-10,47140817 -9,260020571
8,209323155 1,626977128
-4,356190359 12,65743842
7,938240366 3,481897072
-9,859169162 -10,12532205
7,655220729 1,818746016
7,451247707 3,529514883
8,932360431 1,573766584
6,770697864 3,881404638
8,715293953 4,532774251
-11,28614268 -11,11622853
7,379912745 3,566605119
7,512967411 2,411554228
7,426363566 4,305980282
7,220260518 2,42091267
9,231268 2,555357103
7,532946068 1,173888034
-10,21199641 -9,932792909
-11,80349745 -10,5286326
5,779005439 4,074076221
-3,440717161 13,26907569
5,974014446 2,675599428
6,662336053 4,271738264
-10,91497572 -9,419631313
-8,614848693 -11,42827685
6,974091322 2,005815107
8,952333608 2,193097938
-3,586095434 12,18608483
-10,49557429 -13,21967827
7,556259392 2,325468678
8,490013453 3,624681688
-2,135180889 12,14132773
-10,38208901 -10,07892414
7,527921459 1,910099027
-10,47986017 -7,819263892
7,019750885 3,237131464
7,743208764 2,70821564
-1,610613977 12,75408163
-8,848406096 -11,01965961
-10,50968163 -11,81761106
-9,160059743 -9,347062829
5,052010696 2,099369515
-10,52810916 -10,63283284
-3,431482423 12,77294266
-5,638968904 13,63645527
-10,80008873 -7,780782767
-4,322718282 13,89864107
-9,448694142 -9,371351293
6,882374794 1,764460762
-4,537585634 12,27677449
-2,170609808 13,01021352
6,885870689 2,50809505
-10,91585219 -10,61934616
6,055203879 4,132511371
-9,826556815 -9,486561185
-9,14599851 -10,59270911
6,819443195 3,267367194
-3,562697388 14,57208359
-10,34367362 -9,117713142
-8,871644368 -9,381524367
-2,567224933 13,36289962
5,128673376 1,731310695
5,957601235 2,207319289
-10,18358136 -10,37266946
-3,523043255 16,12311231
-3,552778967 13,42471608
5,854955461 3,180295953
-9,867372948 -10,67613847
7,172392285 3,986740789
-4,387565395 15,43546055
8,160349913 3,100114396
-8,912506041 -10,80428288
-11,86437813 -10,8594694
-4,443821156 13,75368289
5,303195047 2,43530639
-9,457217275 -11,73639145
-10,16984283 -10,22233722
-10,31833084 -11,86459824
-2,67801011 13,61941235
-10,88501715 -10,79148011
-3,420178145 11,75838904
7,277271516 2,626894122
6,217334022 2,474448691
-4,764127759 12,84368422
6,832163573 2,399146889
-3,720193988 15,21648023
-10,68468176 -11,99133416
6,731218339 1,965405151
-8,968367894 -9,433973201
-5,179167177 13,10078387
-5,135697578 11,90786779
5,083265548 3,579465972
-8,968326697 -9,0274191
6,903229765 4,178725316
-9,074875626 -8,088665479
-4,728719895 14,20748065
-3,835397694 13,48420696
7,368425562 2,651946055
-3,483827808 12,39594014
-11,17578931 -10,93179813
6,907413804 4,663860042
-10,34865719 -9,545049268
7,270928245 1,070105234
7,739167258 2,920735007
-3,539344616 14,56852749
7,445854544 1,412450537
-11,81669843 -9,039224813
7,185126176 2,590227597
-12,16601383 -10,74881892
-12,31832969 -10,2861348
-4,389359136 13,91723273
6,866431395 2,430422413
6,352953076 3,417441112
-3,58193018 13,76964978
7,557046473 2,011406522
-2,997716156 14,74836242
7,619063923 3,897324664
-11,64031914 -9,548762595
6,125495209 3,723784307
-11,05367411 -10,46169403
-10,6381891 -11,34997624
6,680855324 2,679994357
-3,921804333 13,09454812
-4,373308637 13,33445789
-3,402400829 15,05946576
-3,771769076 15,00137333
-3,067408987 14,4767344
8,913975688 2,454007822
-2,298147666 13,29565289
7,038395284 0,831020431
6,378036221 1,785874562
7,346141572 2,755283305
-10,99192638 -10,09689355
-3,455745895 13,12978062
5,608743888 1,637296569
5,165925756 1,604307023
-3,925082146 13,92548005
-3,496404121 13,843127
7,441684316 3,507019323
9,263457006 1,480310303
-4,87437228 15,27369964
7,043644882 4,370213671
-4,340567765 14,27682042
-4,375314238 12,1147681
-2,486131539 12,9298578
-11,22003114 -11,45294934
-3,990275326 13,8887947
-12,08849109 -9,953417982
5,52390873 1,643938709
-3,796923407 15,31598706
-10,34493492 -10,5373232
-2,972764488 12,61204174
6,817671717 3,298441844
6,003381878 3,432160804
-3,735478058 13,55118533
6,960025319 2,950454205
6,541908709 0,933946653
-5,123652576 14,26768276
6,091525522 3,494383612
-11,56168732 -11,4457515
-2,574325946 12,29382138
7,309618279 1,955699929
7,842151317 2,507664193
-3,685161244 11,52322851
-3,425312591 13,22602778
-12,21220296 -10,00867353
6,430840546 1,903196883
-4,229106891 13,41548084
-10,33931442 -10,42742916
7,850201418 3,534959542
-10,39882921 -10,62063034
7,035773522 3,702436944
-3,194813355 15,14982582
-4,084143743 13,94559514
-11,73049762 -9,517009647
-4,826189963 13,94973629
-3,813260144 14,19624868
6,435155847 3,453409374
-8,951361436 -10,194263
-11,41158238 -10,57384047
-4,410369319 12,43988119
-2,557287468 12,70449352
5,35225839 2,197029747
4,763690433 2,79763055
-11,38963235 -8,601123777
4,872791236 2,375136795
7,00073743 1,95756707
-3,984760608 13,54831503
-11,76304505 -10,80307423
-10,80361474 -11,28641071
6,15977969 2,896229951
-2,813372596 12,94452554
-11,33913611 -10,11380262
-11,30498039 -11,28990811
-3,69932202 11,54596263
6,275188429 3,750380125
7,051570739 3,211994922
6,977835126 3,432384872
-5,268516809 14,28148516
-10,24386441 -9,271300248
-9,813705354 -10,40686553
-11,66921386 -8,551995097
-4,208089695 13,89872969
8,60319641 3,320402417
-4,200182325 13,41181939
-1,444466895 13,91474703
-3,826475532 14,47657151
-11,36556187 -9,846756974
6,367462299 3,083302222
-4,964092842 13,18692796
-10,16803774 -10,02171258
-10,33644686 -9,815143302
6,034393628 3,215138282
-3,107895658 13,71616539
-2,934390853 11,31029388
6,070577426 3,915055084
-5,143115663 12,79049915
-11,62102877 -12,17318287
-4,142924176 13,31784883
-10,51979336 -10,0883223
-2,810659801 13,80855336
-2,130364902 12,3750838
7,691198507 3,550176587
-9,064294998 -10,81783691
-3,70714651 14,05112195
6,846690202 1,660538162
6,572687605 2,914343308
-11,41806121 -8,899660103
6,362843968 0,569450158
-10,02849342 -9,362324759
-10,29323603 -10,62372872
8,721006379 2,959440853
4,769896549 4,154346746
8,330354398 3,654957426
-4,085431486 15,59817718
6,127863337 2,321471799
-4,386445796 13,71603665
7,104706087 2,983657569
6,121232456 2,073073604
-9,138450881 -9,916889827
5,445347945 3,281347737
-10,49735866 -11,23297531
-2,198272405 13,45567893
7,15711052 3,271063199
-5,371279669 13,70606305
-2,118828721 13,27239315
-10,56213953 -12,21017456
-3,452888869 14,99678541
-10,50770212 -9,127051444
7,135029673 5,945013529
5,361693902 3,421927192
6,594312317 2,808455306
-3,796549705 12,97800442
8,880185756 1,736859506
-3,138129087 12,66427164
6,608404019 4,523167885
-3,931940253 13,04933861
-2,828118041 14,79298429
5,829202919 3,58246575
-9,923641938 -10,05661358
7,217017225 2,719089351
-9,235242543 -10,10986135
8,537936312 3,945204212
-10,06327018 -9,126853384
-2,950934316 14,15105803
-4,388615012 13,54752024
-3,595141763 13,96336984
-9,458004261 -10,06884774
-3,192905924 14,65699483
-10,04701939 -9,9026993
-9,929836263 -12,5405854
6,010901734 4,707117724
-12,49765211 -10,84963135
7,503297633 3,15956496
-9,231730361 -9,628545815
-8,648093211 -11,22154007
-9,610088272 -10,30070613
-9,363145785 -7,995491084
-4,669528735 12,86766285
8,139543463 3,153862157
-10,31629306 -9,090174021
-9,572829422 -9,994586573
-10,30425784 -11,29497097
-11,08196003 -9,283861498
-11,28522342 -10,85873806
-10,69280921 -10,82036221
-10,97333918 -10,29285101
-4,004121833 13,14660838
-3,198286789 11,76066643
-4,753424571 14,46220038
-9,938131174 -10,00851153
-3,972819692 12,67090874
-1,203711896 13,42536929
-2,894190514 14,87706705
-9,991629713 -9,367686233
-4,128749164 12,68221952
-3,990280533 12,56198996
-4,746283828 13,29679604
6,403699508 2,829694232
-3,681967076 13,42253954
5,270635216 2,488490785
8,574597045 2,637726371
-4,005032492 13,87348459
-4,071830719 14,30108972
-8,534665748 -10,30671403
5,742535562 3,119217033
-10,92708713 -10,45747536
6,189822188 1,663637862
6,466695432 4,403386529
-4,251402659 13,088871
-10,97613013 -10,58047343
-1,862605749 13,46076838
7,283875283 1,812063136
-2,62097362 14,27336222
-9,223370879 -9,894843082
-12,06666245 -10,22554335
-11,34530889 -10,25783304
-2,799917318 15,73195219
-10,55436506 -11,21367948
-10,74303937 -11,68578179
-3,640591628 14,07291457
-2,496885285 12,81375973
-11,32788952 -12,40606227
6,332084348 2,671715652
6,631199779 3,562941957
-9,673853075 -10,30078315
-4,494163066 13,73788778
4,80743471 3,836210171
-11,07841149 -11,29890523
-2,941736275 15,41822217
-9,898741156 -10,89808517
-4,055607703 11,95823838
-10,85419746 -10,02519293
6,671269558 2,176001005
-10,41114681 -11,2079339
-3,834295213 14,00793084
-12,25619349 -11,08151966
-10,02416085 -11,09666353
-2,963386909 14,27572052
5,116024671 2,069436678
7,398293993 2,979371184
-3,650279089 14,18355987
-9,887809157 -9,580488922
-4,314101588 12,84980582
7,143652771 5,65278819
-4,246982897 15,09541596
6,830301007 3,539611811
-3,769867346 14,35991997
6,482172672 1,704619154
7,442067207 1,722092104
7,140880997 4,263032563
8,857585271 2,011861809
-9,003932496 -10,10966809
-9,58848181 -10,97082422
-2,970307714 11,77289722
-9,290671795 -9,818479345
6,404271475 3,164143558
-3,297366452 13,48578771
6,716434275 2,65991633
-10,56250199 -10,31787645
-9,473637914 -9,806101837
7,639191537 1,810960491
5,70331136 3,772959713
6,820421054 3,699407678
6,503697427 3,141181146
8,060639653 4,021125491
-5,00765967 12,82852399
-2,590671797 13,89107138
-10,91633557 -11,99463385
-4,432869173 14,56133388
-3,386696041 13,49216638
-4,955099932 14,1779828
-4,6242098 13,13687365
-5,24238268 14,66518324
-10,09240631 -10,64423257
-9,297925394 -9,401249535
6,892639964 2,243994537
8,081676111 5,279795248
-4,844852975 14,57458205
6,787016517 3,731674681
-2,839769415 13,33652706
-9,008273289 -10,54448336
-10,43424304 -9,753392664
8,513978675 3,813730502
6,352463821 2,882533481
-3,587354879 13,15440135
-9,524840404 -9,34654214
-10,10883995 -10,80864047
-4,312521342 13,61427409
6,230215785 3,321171843
6,424016791 1,252396568
-2,732796912 14,45270931
5,493033064 2,458352379
-3,353977778 13,28017154
7,099705487 3,955872741
-2,221686482 15,52752208
7,911267531 2,593247506
-10,56805664 -9,693550753
-10,77307717 -8,593937844
-8,684374392 -9,008470941
6,966996721 0,873276868
-4,817478854 12,45362627
-2,8445675 12,85328511
7,961643108 2,462183688
-3,818690435 13,80698327
-3,667675658 13,0591539
7,192604997 2,202990549
-10,10275767 -10,62351446
-10,66460549 -9,830909855
-1,449137868 11,654164
-11,65014592 -12,49813212
-10,68255745 -12,32762125
5,320334092 2,56728342
8,140459167 2,33244108
-4,07157467 13,74057952
-4,294297582 12,94561095
6,34549511 2,249965534
-10,28553806 -11,51057213
-4,308715521 13,92056531
-4,767937201 12,75363163
5,760120726 0,643610663
-4,023387786 12,01828624
-9,883435012 -9,47632488
7,911368025 1,938592068
8,83078343 3,349368703
6,318331345 3,447626811
5,943135126 2,715674052
-9,345714556 -10,02136661
-9,740094027 -8,908137511
7,367871101 3,510552098
-3,016502829 14,13179946
-5,831238535 13,43230915
-9,123909399 -11,83913417
7,218479402 3,172494302
-4,41307398 12,29748893
8,655541132 4,857043221
-10,29902362 -11,78583825
-4,028453268 16,24159836
-10,64893009 -8,645304717
7,582025398 1,820921408
8,153927657 1,978588995
-1,190436631 13,58064763
-9,7697576 -8,518734291
-2,810671389 14,03451461
-3,470238502 12,16484739
-2,731951895 12,03586882
-3,666120336 12,74841941
5,843293814 4,195566146
-3,838229864 14,14210129
-9,411478473 -10,19668458
7,778595898 4,497686444
-3,78321604 13,21824941
9,178598488 2,800709316
-4,210230049 13,71551919
7,045136397 2,151488804
-10,28804492 -8,712586084
8,063695598 3,434922272
-8,620004804 -10,72195942
6,679824952 1,68072379
6,617269053 3,130218297
-9,312283586 -9,802169614
-9,09240619 -11,90076833
7,497448157 3,387940774
-11,90166395 -10,26993669
6,630370468 3,69162523
7,441884982 3,328487673
-10,88975485 -11,4992726
-4,730772578 13,47371784
-3,790202192 13,80159035
-9,249075626 -9,048271968
-10,66350474 -10,69469854
-11,81295056 -12,44411197
-10,01176413 -11,41568378
-2,09832199 14,53579926
-3,252593835 14,89508774
6,376218928 3,998133377
-2,0766548 14,40306895
7,956388765 2,493259147
4,884230245 2,873684833
-9,32180871 -10,60695863
-3,454963422 15,22364414
6,190675905 2,019851425
-3,688362796 11,91946338
8,43675268 1,791974975
-11,3130303 -10,18423982
-11,56926113 -10,58540193
-3,455994666 11,8112608
6,985206675 1,04008137
6,834363994 3,28763405
-4,835935447 10,60007871
-3,613377529 13,88639019
-8,134345892 -11,00687973
-3,176939341 15,71188482
-10,37648195 -9,136176947
-3,055582011 13,75464532
-4,55427089 13,99289755
6,598507692 2,895570365
-10,64611403 -10,19541229
-11,00082102 -9,352338366
-3,246137414 12,79568538
-11,93615416 -10,54954672
5,00871639 3,103342462
-12,71139699 -9,475390014
-10,49555322 -10,23717697
6,177814762 2,200051408
-1,877610533 13,69600701
-10,34000134 -10,03098072
6,322510507 3,418141229
-4,229832936 11,92672613
-10,76128971 -10,20927801
-10,80305793 -9,478383615
7,465407496 4,448867634
6,263046436 3,541781093
-2,658270502 14,7084595
5,582200754 2,394980522
5,621212455 3,652673149
6,546353093 3,220035032
7,522699115 2,079940172
-3,896430181 12,54689989
6,310445216 4,281058558
5,050462167 4,278056851
7,031072004 1,666246901
-11,08650824 -10,92400269
-3,783434234 14,07391915
-3,307908662 15,68643154
-10,37984452 -9,192384139
8,288459083 3,272939
-8,695555794 -9,9369962
7,638765242 2,147352177
-3,92392923 14,19276927
-10,23986725 -9,561339974
-4,316019479 14,15436101
-3,936868259 13,53700824
7,307494738 2,472525962
-2,928104323 12,39172234
-3,412348227 14,59157943
-11,35575003 -10,52362553
-11,71724627 -9,117587885
-9,839933239 -9,591223195
-10,59424309 -12,52140786
5,544551062 3,178288568
-4,49093361 13,27391056
-4,2357283 14,61037979
-11,37453015 -10,19389665
-5,37892825 14,68616855
7,881619756 3,442442413
-4,556317173 13,40669275
8,443934283 3,315367875
8,019754638 3,576760475
-3,758682978 13,28684206
-11,37327628 -9,892349995
-2,655613618 12,48152327
-2,574883063 14,22973304
7,995905905 1,536779601
6,179965308 4,041739335
7,679576196 1,666481568
-3,803954385 12,09065409
8,241462049 3,517445587
7,692310357 3,248478189
-5,297910605 14,79910601
-2,567164948 12,91164629
-3,121073675 14,85058172
6,353314866 3,415658721
7,81783245 2,131558253
-10,31207811 -11,79871133
-10,28572173 -10,05157081
5,304930818 1,999708231
-4,364435124 13,22973544
-9,868478152 -9,313434319
-3,870826795 12,48618687
-9,329274548 -10,53729546
-10,49869181 -10,43016989
5,667555559 3,649462331
-11,19528319 -11,12596404
-3,40216041 12,87630944
7,631349426 4,487785885
-9,732178373 -10,52579224
7,312323223 2,389403159
-2,508040309 12,62682189
-3,5077667 14,50412018
-3,487105635 14,34861244
-11,05846944 -9,667834052
-4,828910098 13,21620449
-10,81597252 -11,47365682
-2,837618887 15,43084583
-10,02854373 -12,31569617
7,775319277 2,911666019
5,27715956 1,935725935
-10,30661214 -9,840337355
7,315487203 3,151331922
6,242802105 1,67517026
-4,377199098 13,21895951
-4,376233809 13,88293272
-11,19770404 -10,22027744
-11,29936636 -12,27750298
5,816798942 3,779912713
-2,788676701 13,37437181
7,598478423 4,017872851
7,281900565 2,948662522
-4,854195512 14,93236157
5,047563279 2,89112048
-3,24444992 15,05416811
-11,27821924 -11,67267308
7,834335328 2,309989299
-12,11508396 -10,65025458
-9,438294066 -10,3188387
-9,773654073 -12,49173579
-11,63840929 -10,30005792
6,224514794 3,68123385
6,737343358 5,006616722
7,892009819 2,723199239
-3,571747318 13,21231273
-2,940625851 13,59474716
-2,151518177 14,83634365
-3,431816104 13,71192887
-9,355533853 -10,34026314
7,972455664 2,801600682
8,378349599 0,471945869
5,91724056 1,787520772
-9,227334003 -10,86806969
-4,993346029 14,01812842
-10,65424377 -12,1140855
9,016361819 1,828866091
-3,843437826 13,97380099
-4,002728534 13,15460478
7,039416117 3,513812297
6,146803882 3,783034442
7,309468302 1,394951755
8,042509308 2,488629874
-9,133295313 -8,77984041
-4,667498295 13,84578847
7,306528232 5,471311077
-10,10047687 -11,16198602
-1,119453088 12,01845886
-3,961134855 13,37015591
8,388675962 1,485622394
-9,719227821 -9,362232335
7,530431252 3,927939186
-4,886518456 13,90383894
8,199402261 2,563524848
6,587960372 2,231292904
-12,52772156 -10,55075079
-1,998342194 13,9264109
-4,856109199 13,20502074
-9,533034575 -10,87971068
6,187158809 3,789946338
-2,091224048 13,9404482
-12,06166248 -10,86620619
-11,83835161 -12,95089453
-3,364573312 14,16862513
-3,149629735 14,2789369
-5,182162168 11,76062038
7,935130713 3,475382614
7,124579096 3,010642228
-4,32128822 12,15162621
-10,96055505 -7,495833799
-3,98725922 14,23542969
6,832269134 4,470909456
6,235827923 2,764364175
5,463288999 2,309730592
-4,415214438 13,03754336
-3,233992257 14,96299781
-10,71131755 -11,3379287
7,413326967 1,977460492
-3,173141604 14,63013277
-11,21318681 -10,70812936
-9,846402505 -10,96573646
-8,74570657 -9,863476379
7,396556806 3,364049281
5,11974051 2,927473915
8,32047685 1,650934127
6,508659396 3,511495326
-5,885651334 12,91360721
-10,25106922 -12,06663112
-1,67542173 13,38183956
-3,57702967 12,76604626
5,756617399 1,917710114
-11,17182755 -9,844798779
-5,657411102 13,7347229
6,44338861 2,763287942
-10,8319749 -11,12169198
7,350283104 2,856532773
-4,641779021 12,69454884
-3,006807818 12,59926387
-11,70103251 -12,11837913
-2,584499251 13,58894767
7,456691845 4,029525981
-3,845947613 14,63872502
7,807992467 1,727231211
-10,29680993 -11,72572744
-4,787983259 15,37552176
-3,506246044 13,44698328
7,977479721 3,231249837
-4,339434261 13,64343901
7,655356012 3,808856637
6,589235492 1,611707414
7,643387578 1,593798815
-11,90302918 -9,907165478
-3,940743662 12,72313195
8,883264049 2,185139556
-9,590377142 -9,968998922
-9,788546473 -9,462025319
-3,782812642 12,51889983
8,182901321 2,700900126
-1,707589305 12,41822083
-1,799071302 13,55669274
-7,392170694 -11,31451946
7,625235078 4,900971962
-2,31681855 13,71798397
-9,977780555 -10,59147937
6,05919752 3,598146452
-9,707108573 -11,29875278
-4,440718435 14,13310548
-9,915227921 -9,604291645
-11,61000221 -10,46342331
-3,649568786 13,67173095
-10,84507172 -10,28775738
9,580611345 1,8477875
-10,91926281 -11,87895138
-4,099581134 15,19045072
-10,53350848 -9,940758992
-5,289452749 14,7840133
9,055661756 4,554196918
-10,37096372 -9,817074021
-10,54429384 -11,24895647
-10,16411579 -9,922017125
7,295963217 2,732278266
-12,07181788 -11,18089355
7,217570794 1,71799395
-9,469361454 -9,902483638
-10,44278485 -10,01111695
-3,583902283 14,91343148