X Y
4,14396382 5,394678449
1,769804674 5,531153186
4,033324605 4,112680253
2,798208079 5,094139169
2,293551411 6,745301179
2,584444127 5,923201723
1,703150166 5,258503966
3,69119616 6,133243692
4,021823608 6,119850412
1,507933189 4,022600182
2,654921028 5,17423426
3,380191211 4,129854587
3,25931391 4,27456875
3,951914609 4,984471105
3,20539718 5,977635314
4,386029001 5,758722753
3,821397857 6,215814512
1,642465843 5,784685374
2,479610541 6,255369098
2,789267754 4,046928793
2,147500226 3,974001785
1,773408727 4,832037597
3,268680265 4,997234251
2,248910469 6,457438334
4,23976707 3,831811008
4,324815677 6,291312835
4,337001338 4,378352679
2,006771999 4,013978275
4,15338189 5,937250309
2,858688858 6,114282111
3,825621008 4,636429007
2,790496749 4,502120139
2,605932131 6,702641832
3,150240558 6,496194237
2,514978162 3,90325843
2,929654748 6,071510353
3,755196323 3,941511564
3,458356574 6,774360563
2,324529251 3,83806097
2,962524135 4,338009695
3,317429104 5,399629438
4,432604878 4,626758244
4,378084256 5,136045509
1,759761238 3,8887092
3,639679906 5,388229804
4,492682169 4,671521225
3,852923751 5,198520677
3,829883039 5,995513732
4,408545754 5,995622328
1,78155147 4,983191959
3,693022938 4,817004489
3,263358799 5,066811497
1,790508623 4,457423511
2,615749672 4,479508754
4,276411061 5,177313471
4,006090692 5,25411592
2,115015667 6,47209517
2,80791939 4,918527267
3,987783574 5,927881796
4,249060857 5,772461594
1,513182369 5,990660106
3,851483285 6,173909265
3,484270703 6,146302541
3,419478459 5,73566034
3,7871163 5,669764612
1,563402393 5,787474155
3,678775822 6,529191526
1,746478078 3,836464398
2,258629332 6,270295343
2,253728081 5,817501026
3,027871638 5,961443092
3,956887596 6,668888397
2,193640943 3,849297918
3,583298705 6,336572629
3,348961504 5,803499433
4,18009581 5,185936549
2,80005222 6,242920618
4,185187824 4,160717404
2,187865892 4,577341519
2,296574768 4,581187652
3,769032355 6,155559557
1,736226529 4,929817892
4,0551538 5,486016722
3,908003254 4,355386534
3,965295249 3,961946786
2,428464246 6,501417541
3,883005769 6,508730544
3,524447561 6,724971944
2,845700424 5,735457077
3,266421594 4,936644342
2,160863873 6,472400676
4,372868066 6,650063729
2,163946143 5,010408806
2,577771882 5,369620973
2,164426033 6,567279354
2,231038363 4,459910124
2,843498841 5,608493659
1,998341413 4,653058829
3,253563857 6,155347343
2,194209422 5,978508677
3,015027829 6,701967795
1,53004315 5,336863736
2,410339679 5,2884001
2,405172013 4,757003052
3,148077484 4,566759942
3,683446255 6,550141331
2,128352218 6,014365554
3,314771949 6,542403615
3,460801871 6,679304277
2,20238257 4,267794789
2,360772329 6,615643077
2,685876323 6,074418361
1,934621163 4,369251092
3,521979766 5,543283249
3,168099178 4,670001314
2,286687948 4,862908273
2,116624011 5,015340668
3,76841284 6,286812767
3,833855832 6,764602877
3,568647111 6,611758253
3,204852467 4,426238454
1,705389311 5,657186583
1,711322333 4,994330598
1,814609733 5,489099018
4,419068109 5,637099837
2,584288896 6,748278375
3,592815339 6,403881854
1,505898585 5,402581812
2,999039558 4,037636143
3,163452582 5,423204663
3,123678768 5,817347248
4,009887609 4,779845491
1,673495832 4,984251023
3,591231048 6,238636203
2,583150458 5,912506829
2,462244971 5,438261234
1,75621174 6,079404842
4,451625284 3,895583239
3,486730754 6,097126171
3,848817911 5,093985783
1,939499255 4,333460191
2,872185874 5,398942543
2,118131516 5,931545547
2,937246755 6,448418278
4,467247232 4,197545642
2,850871309 4,300880263
4,463862168 6,552029569
3,623768042 6,393429617
2,294488351 4,968480066
4,126631055 4,343738661
3,436042358 5,56657096
1,978036686 4,369983766
3,573184016 4,543889118
3,962926585 5,381927401
1,65631892 5,797667614
3,865786736 4,211308565
2,975501035 5,816335634
2,279919888 6,220030008
3,489740061 4,050559041
3,984948017 5,054524051
1,787559504 5,699768168
2,832551364 4,910149716
3,587248364 4,796052973
1,907334538 5,239964071
2,187883724 5,993502346
3,384179321 6,326778523
1,718749674 4,277049978
2,924229537 4,061962189
4,260766628 5,740308479
2,263474841 5,576957086
3,495559372 5,931091534
3,870338604 6,009469013
3,91655536 5,350815941
2,410995718 4,307654784
1,607721754 6,244306774
2,13310805 4,443224609
2,17257463 6,229582101
1,991816259 4,235846002
1,725201238 6,54780346
3,209460153 5,216610809
2,480040229 4,916395083
3,856549635 3,92685852
2,921823358 5,308055203
4,444117123 5,715516653
4,160607903 4,985254209
1,736222811 5,966099061
3,209413435 5,245439297
3,67473499 3,859224456
1,619577558 3,927814031
3,930140831 5,936121111
1,787660928 4,052655416
1,840268926 5,767341166
3,385441526 5,458155581
2,998229828 4,836791287
3,638897348 6,02421606
2,18685688 5,788496887
3,897500625 4,355367691
2,157666663 5,85991013
2,626282754 3,862825556
2,474829614 6,131322377
2,332018416 4,381400518
1,678032656 5,706812564
4,077933172 5,334226328
2,033913243 5,966699963
3,781814083 5,961610144
3,373852471 5,060065375
1,778829796 4,07866232
2,297782242 5,705422618
3,259304719 5,836524257
3,400878521 4,373737292
3,307606602 6,109247602
3,335796996 4,538794419
2,888622031 4,932517176
2,039429603 5,637624441
2,132415827 4,069185131
3,374822755 6,244846741
3,636428914 4,556821543
2,959393908 5,011034308
2,24630895 5,330360619
2,128060107 4,331715138
3,204230748 6,031879795
4,16052415 5,385114837
3,549138003 4,963422236
1,71840896 6,171714874
2,358938132 6,122565201
1,756534286 4,707337197
2,696204358 6,774335522
3,79766362 4,305879757
4,07004104 5,80891305
3,013206579 5,97682085
2,637476035 5,11332549
2,541403645 4,82020226
3,265368916 6,7300023
3,949165006 5,295073263
2,943923776 4,798376209
3,422331133 5,80348018
3,12633267 4,124029629
3,086810678 4,509823113
3,844146275 4,269007567
4,407841459 5,67889994
1,863804693 4,067728089
3,115471322 4,612354521
2,363735036 6,449198709
2,683395332 4,029140587
4,289543218 6,289396868
3,837199694 4,357857839
3,618063356 6,674318659
4,101227878 6,242319455
1,535949871 4,504134773
4,269619704 4,540182172
1,505080321 4,64584158
2,527724118 6,300346401
3,082796404 4,297411349
3,635829574 5,954786266
4,150805334 6,553495456
4,412349728 4,272211086
3,030459525 6,089511064
1,819490291 5,618870061
1,519882574 4,343812963
2,278702844 6,688047702
4,432081075 4,628595979
2,839965919 4,88850936
4,405764112 5,625379732
1,658203933 5,343771741
4,334917193 3,821683809
1,64163263 6,142872762
4,087352446 5,251873363
3,88269291 6,201630563
1,717403231 5,882539428
2,565985065 5,341506388
1,927465479 5,070265343
4,263389375 4,588327937
2,379648917 5,69988009
2,382099067 4,43503242
1,747172941 4,06859776
2,619678888 5,79781082
4,307479139 6,719427619
2,241355027 5,776032569
3,1972309 6,749969614
4,256191385 5,934617064
2,890516349 4,744151989
3,524724046 5,728659093
4,315961669 4,287241939
2,586562304 4,023577303
2,804041617 6,223267903
2,555351187 4,411715712
3,735625789 4,144299312
1,584259017 5,526482598
2,142246742 4,857271629
2,173246484 5,561004409
2,539103697 6,51767891
4,447922021 6,145835805
4,140085425 4,034399103
3,720009414 4,597922849
3,223015241 6,767836369
2,75368639 5,450625376
3,225976491 6,527493154
2,78896431 6,19077353
1,638849921 6,625843791
7,590063907 2,920942953
7,962238052 2,784478982
8,148375222 3,411215066
6,850703605 1,423449684
7,974203864 4,17430564
8,750407428 2,661575909
6,500745572 3,32876388
9,289663795 2,390310145
6,332730148 1,900151132
8,07694999 3,166420353
7,158644668 3,747248717
7,087262461 1,363830003
7,552319512 2,305697624
9,281533898 2,503095939
9,190889931 1,339365782
6,532776428 2,614136324
9,045029602 1,268915811
8,547260772 3,263572813
6,562774419 3,101209862
7,077824756 1,361034013
8,567118861 3,079926069
8,483782191 3,921825612
7,785757236 1,694000254
9,202471598 3,616743225
7,802584207 2,479875738
8,288254859 4,136069845
7,844151564 2,556343362
7,729739993 1,222630175
8,911677257 2,423187144
8,534084234 2,693573291
9,243075021 1,647077528
8,311661485 3,540821301
8,011891213 4,006142391
8,010211786 3,344171309
9,09593047 3,162097635
8,224683251 1,583133715
6,358389918 2,830545096
7,200670704 2,138838796
7,893168926 2,93591776
7,91375255 2,681116358
7,124139605 1,778714833
8,344323694 2,989599792
6,325834686 1,666902884
7,304405163 3,34245184
9,226421184 3,91879303
7,443235509 3,68774603
8,906632442 1,799559057
8,639084654 3,117539895
9,192224925 1,733112725
7,442395743 1,949084376
7,982202001 2,505516353
7,5950417 3,291196494
7,734093992 1,573903854
8,481326948 4,040741626
6,959464612 2,469288627
8,465918326 2,016070974
8,096333234 3,124274093
8,997941887 4,036158377
7,928364806 1,814878603
9,283139261 1,692819591
7,045661085 1,970698859
8,458273872 2,590463858
6,396815941 1,771748126
6,904051958 3,628335934
8,649222228 3,735384405
6,763398356 1,448417226
8,116253115 3,450347943
8,713158733 4,194975054
8,012396787 2,029688637
6,635829913 2,543356356
8,534530878 4,005572844
9,130784551 1,673080574
6,790893803 3,418313228
6,552281635 2,551441619
6,718512401 3,09188462
9,113241082 2,986653778
6,424436151 4,014769598
8,999669468 2,812971264
6,537387517 1,509265343
8,813766214 1,412600292
6,674303411 2,985974171
6,409871769 2,360271975
9,087804297 1,353467035
7,144835743 1,622443404
8,298713646 1,953138515
8,270364116 2,050642851
8,12501142 3,519173044
7,53291537 1,51018432
8,768871959 3,517767468
6,940299861 2,578458758
8,223496107 3,417962618
8,477665678 1,379186708
7,094458191 3,992195414
8,499481475 3,975816339
7,473150157 3,24188754
8,333230623 3,246406552
7,767096303 1,284005423
9,055267117 3,383606521
8,93259719 1,751198711
6,304861636 1,921577628
8,93854913 3,265608618
6,465007119 2,563699844
7,150865791 3,595583022
8,736200799 1,800218615
8,273149914 1,949510512
6,892690214 1,381777418
7,369421205 2,200111255
7,827301219 3,063566003
8,124996748 3,337998207
6,364108691 2,852929025
8,7153767 3,687753703
8,684199858 3,670639036
8,149902022 3,064442593
7,495131312 1,899481816
6,415812808 2,457748895
7,33358289 2,314521439
8,755771487 4,097762305
6,855830913 1,241857908
6,369186521 2,562553219
8,743101237 2,008963553
9,298683466 3,983326393
8,65828918 3,970148917
7,583901382 3,538608585
8,290764336 2,417415457
6,406385961 1,521286571
6,369597247 2,067792477
8,307901636 3,359562996
6,923109728 3,226516694
7,556836849 3,299544314
8,4576403 3,941915568
7,677156965 2,308951604
8,948874818 2,714330835
7,190133304 3,97506237
8,792920681 3,077827789
8,619254442 1,674048617
6,352845467 3,61562331
6,665141677 3,573169823
7,270272365 3,23077714
8,00939851 1,879602131
7,666591724 1,789180647
9,087875363 3,60651338
7,107225393 2,049009393
8,286809794 4,101200021
7,689948086 3,009583681
6,586542884 2,279877809
8,455681149 1,827393315
6,571605214 2,890293679
7,339628323 1,877845289
6,645028741 1,458587667
7,549577906 2,302768348
6,412058911 1,248273433
6,37757639 2,185638217
9,006895524 1,992196048
8,088447964 1,52064949
7,249939184 2,412666336
8,046901113 2,320355449
9,261450612 1,536601708
8,646564337 2,252422562
7,841673344 1,702657987
7,222096522 4,164711261
8,190058752 3,5197021
6,432195047 2,98424666
7,427704192 3,373606488
8,468609712 1,520589053
7,196104228 2,145057315
7,562144492 1,261116412
6,594932993 2,013816426
7,486152823 1,798774297
7,185043734 3,366920058
6,858718493 4,135870546
6,954501637 1,29519833
8,625164735 2,470784744
7,937470596 1,72302569
7,549386712 3,014464895
6,703225605 3,486954427
9,049045096 3,661386478
7,952549657 1,756866985
8,247687692 1,46067842
6,683856651 3,422068968
8,189940929 4,050323763
6,497011925 1,620597196
6,917564881 2,455420869
6,857764839 3,638076362
6,778046745 3,41222073
8,341341117 3,608062198
8,520302442 1,732080838
8,360880671 2,064254719
6,355117281 1,255837164
9,248170963 3,085738482
7,786550112 1,726553914
7,588567857 1,740661377
8,666835808 1,576884022
7,446975161 3,516482197
7,263983261 3,604591792
8,823239068 2,19092824
6,32072075 1,227956209
7,106534104 2,49263635
7,254722129 2,232907388
9,148614475 2,089675991
7,663339934 1,772261678
7,987429758 2,372385503
8,294711877 1,94210176
6,446979145 3,609390116
6,356302975 2,51236562
6,997221779 3,75197548
8,146194491 2,646117435
9,007933563 2,98432037
8,215653041 2,758942371
7,831630414 2,063428614
7,43157054 4,051645244
6,774734261 1,723157911
8,838281561 3,1619385
7,595193635 1,286667443
7,843938021 1,713887366
7,860006437 3,654001737
6,665115889 1,913917281
6,723860802 3,762698214
8,82565605 1,808758941
7,212869341 4,175381903
8,634506462 3,9513564
8,758664598 3,027351088
7,017440729 1,308903773
6,493713753 3,326516391
8,866626101 1,319487264
7,446738292 3,765127192
7,594776478 2,352219085
6,558023069 1,895140209
8,526085822 2,709567844
6,8166729 1,558988782
6,861996823 2,705368357
7,236249398 2,430094614
6,467196112 2,664072319
8,817393972 3,342946072
7,135973017 2,013323397
6,468507703 1,935391796
6,583843231 3,393234056
7,281487222 2,297233703
6,449368765 2,242343918
6,352506051 3,773080313
8,193199863 3,222927371
6,463427566 2,063574962
7,401313331 1,669341432
8,454310393 2,281538084
8,699542254 2,624852275
8,385328637 2,295141462
8,57518481 1,898005604
8,165933641 1,929383755
8,270335028 1,926775542
7,307262417 2,590607658
8,792660159 2,874581704
8,375702653 4,007954541
8,071265901 2,274552426
8,868306762 2,268167048
8,267711144 3,87754583
6,991257262 2,894965625
8,952222772 1,697727986
7,983167278 1,946934579
7,33441609 1,373878315
8,591066924 3,820188988
8,631912318 1,673038293
6,461853089 1,478961834
7,624163321 3,158105978
7,832294887 2,627461354
9,094431095 3,468765718
7,946968744 3,540258079
6,62331883 3,043959863
8,741091139 3,797465952
8,986239821 2,337610516
6,410739891 2,953390606
9,13155422 2,818123424
7,585576109 2,874048599
6,312209188 2,170251606
6,858090945 2,235040448
7,42989006 3,714916111
7,158418021 2,608667969
7,03020574 2,873135217
8,781659663 3,336289986
7,345508372 3,350825583
9,093036164 2,734134984
6,725155351 2,946938031
8,867101588 3,248381673
7,997817672 2,559005008
9,272224295 1,870506732
9,126100104 2,543870499
6,780360766 2,444832265
7,514001548 3,690643683
6,940808195 1,486617059
7,315747797 2,173361007
6,330121759 2,122927201
6,787970257 3,947871958
8,995751345 2,738854158
6,93186692 2,836443958
6,436664829 3,022836235
9,215201584 3,809573462
8,837232126 1,941088697
8,086686647 2,479598409
7,150840312 2,058058637
7,664656028 3,938975767
8,435169779 2,339610495
8,206863959 3,237337416
-3,73535239 0,899021823
-3,990181168 -0,133375763
-2,613480132 -0,803325337
-4,034021265 -1,954556269
-2,968209161 -1,674427918
-2,699241945 -1,320044114
-1,969947862 -2,197048267
-3,999891118 -1,468994473
-2,265110879 -2,127808316
-3,550122187 -2,553611039
-2,167094344 -1,066721023
-3,05712643 0,978895039
-2,906384554 -2,239213577
-3,274131075 -1,371829827
-3,93081767 -2,836201413
-3,294177888 -2,163246885
-1,130738591 -0,311747803
-3,154081847 -2,594848832
-2,205900687 1,093620305
-1,123715256 -2,098193395
-2,622284327 1,044203639
-1,347259261 -0,587760715
-4,079770413 -0,145348193
-2,365668682 0,011275632
-4,071433257 -1,805135901
-2,969420559 -1,864085017
-2,745979663 -2,142541434
-2,528786503 -0,645369046
-3,121117491 -1,870606014
-3,475721847 -0,929819531
-1,378946305 0,18475835
-2,11623087 -2,333617325
-3,286376431 0,571729034
-2,90174931 -1,20213815
-1,276701708 -2,132666455
-3,835368241 -2,629848505
-2,978279778 -1,238503222
-2,281713313 -2,634695156
-2,781005913 -1,926685226
-2,038327496 -1,141702651
-2,184371697 0,241057482
-2,743240569 -1,886513358
-1,199578115 -1,495214819
-1,751658505 -1,039219628
-1,813897783 -0,695968941
-3,432696561 0,157209176
-3,103615133 -0,086815765
-1,859552578 -0,084569371
-1,714547814 -1,848826908
-2,271818558 -2,563790586
-2,204967057 -2,098646182
-3,422555 -2,812314728
-3,274129923 0,617524983
-2,488681761 -1,368233052
-1,702022586 0,753524885
-2,264921255 -0,887406947
-1,845520715 0,591455259
-3,026524992 0,970655847
-3,426168308 0,467247829
-2,408654532 0,910092567
-2,015682755 -1,908175291
-3,602519915 -0,66143799
-3,477986994 -0,769366999
-2,019743832 0,488915816
-2,048068573 0,592970349
-2,290232066 -2,617841379
-2,964563161 0,481414267
-3,192628564 0,385160214
-4,055028148 -1,052183905
-3,737741353 -1,369550208
-2,326579369 -1,009739728
-2,434305647 -1,661342257
-3,138427541 -2,744123951
-2,876196062 -2,058779181
-2,504194603 -1,395975882
-1,752770067 -1,513892479
-2,402902604 -0,320589415
-1,802204686 -2,068743226
-3,777116761 0,005821152
-3,238622873 -0,286563418
-2,819288401 -0,058551206
-2,769340583 0,415843026
-1,878528496 -1,644715143
-4,050322857 -0,414844801
-3,294749199 -2,176188475
-2,074980324 -1,419191249
-1,243768074 0,106935793
-3,342888284 0,677424375
-1,839926765 0,302156893
-2,149110923 0,330092513
-3,301487521 0,065942762
-3,552720925 -1,387486142
-1,439320601 -2,371961206
-3,044001124 -0,397967063
-3,195559696 -1,600567968
-1,892853435 0,885849363
-2,065756166 -2,089972806
-2,61643505 -1,797959892
-2,462717397 -0,321147306
-3,184711226 -2,707541223
-3,105168661 -1,837535018
-2,209424685 -0,93219223
-1,147468166 0,645323008
-1,978554975 0,558055504
-2,21865902 -1,506883963
-2,789564956 0,583763648
-1,20106884 0,166661683
-1,72585077 0,035409309
-2,509103983 0,348746643
-1,81360277 -0,284799377
-2,065219189 -1,501558772
-1,258897092 -2,464580625
-1,451407486 -1,020753737
-2,718675536 -1,370424147
-3,947711036 -2,638134428
-2,228298734 -1,518722457
-2,88139392 -1,413153231
-1,966014362 -1,648586148
-3,953348972 0,031451964
-3,738096632 0,023118397
-3,402325752 -0,625233703
-2,879868229 0,550405391
-2,30279691 -0,531404046
-2,074808195 -2,808378127
-3,727236627 0,215055201
-3,222034713 -1,132787222
-1,842143842 0,492770834
-1,987093262 -2,774631488
-3,200968366 0,497111946
-1,611513215 -0,977913545
-4,01535547 0,272470942
-2,75796995 0,785938417
-3,707447691 -2,670418562
-1,891116347 -2,053235524
-2,647720592 -1,845046244
-3,09017415 0,756403391
-1,286009934 0,722635187
-2,772202189 -1,534292185
-4,014580674 -1,50373355
-1,396624908 -0,349805939
-2,198585925 0,176780109
-4,046225823 0,444841441
-2,827058267 -0,745242547
-3,400297532 -0,249880995
-1,713760312 0,702839727
-1,15468784 -0,381708723
-1,718004708 -2,205194737
-1,605738911 0,668467631
-3,203043489 0,991062659
-1,647857958 -0,139505164
-2,070763323 -2,023347735
-1,122441484 -2,77071044
-2,833825391 -0,12322683
-1,975416109 0,358538302
-1,676351448 0,128491021
-1,437089831 0,818735589
-3,35408176 -0,33695474
-1,203553057 -0,386666566
-3,415487631 -2,168494763
-3,665487937 -2,400011242
-2,047969817 -2,850320631
-3,745177374 -2,318433669
-1,205449721 -2,241406093
-3,689553059 -1,594834775
-1,447112723 0,864966408
-1,747248005 0,87326209
-3,189457208 -2,379502342
-3,449068075 0,11633648
-2,195596166 0,602358489
-1,768975889 -0,801686997
-3,368367103 -2,106176572
-2,072857795 1,017914204
-3,263462384 -2,008653266
-3,165408088 0,15501485
-3,191452467 0,813540798
-2,11915019 -1,03710697
-1,987369766 -0,016744913
-2,110481557 -1,585501351
-2,954565413 0,37623326
-3,007047072 -0,909879233
-2,997031187 -2,5620277
-2,404325537 -1,507539832
-3,667862849 -1,589847734
-1,494664569 0,107322594
-3,033044788 0,147667448
-2,175359314 1,088909509
-1,275323557 0,149569893
-1,679585825 -1,50909834
-1,652614578 0,120201048
-1,767435552 -1,011597269
-1,816096358 0,198420385
-2,587861813 0,19322845
-2,206610461 -0,435306843
-1,280655264 -0,61026587
-1,844862547 -1,198239563
-1,250560848 -1,134735033
-1,659622594 -0,886127501
-1,275628882 -2,461273631
-2,118700635 0,844258913
-1,506629282 -2,044448616
-4,022001098 -2,677737654
-1,103424838 -1,761517178
-2,746657984 -0,388747009
-2,88864492 -0,421424552
-1,930657443 0,614245549
-2,317415304 -2,246424199
-2,390011939 -0,404379651
-3,60202953 -2,625078267
-1,763913788 0,971786422
-1,253185069 0,037613183
-1,391696928 0,773961962
-3,745071966 -0,982394989
-3,705979567 0,673741205
-3,069098572 0,77571677
-1,511234822 0,297433927
-2,22414639 0,607584216
-3,609768257 -2,488456801
-1,103850168 -0,529489006
-2,650740705 -1,974101061
-2,938166601 0,984027801
-4,045391674 -0,932651163
-1,472542746 -0,771058839
-1,872184513 0,975424911
-3,859189572 -1,203667344
-3,632780805 -0,192084191
-3,801165239 -1,467373598
-1,851373393 -1,235791209
-4,094405687 -0,887184834
-2,664986918 -1,260336519
-3,725345756 0,038097501
-1,615138793 0,977042984
-2,21169684 0,92344805
-1,714011947 -0,94183216
-2,357907786 -2,867065814
-4,03227956 -2,117781121
-2,598047007 -2,394154337
-2,152408819 -1,795148538
-3,599535247 -1,667316702
-2,884048168 -0,311641646
-4,043358804 -2,758972962
-3,774218846 0,632409581
-2,687318302 -2,626146279
-1,335947918 -1,003061379
-3,927392778 -1,419267111
-2,353824043 -1,746552534
-3,640586424 -0,940790557
-4,065342672 -0,705303403
-1,888592009 -2,173075374
-2,33139676 -1,478406614
-1,122907206 -2,388041201
-2,537632005 -2,272660464
-2,438772353 0,104423046
-1,737707569 1,063460351
-3,280924885 -1,174642662
-2,105098525 -0,006557188
-3,115326503 -2,024044408
-3,8050386 -2,400691201
-1,393323305 -0,111532202
-2,226682254 -0,898371816
-1,951710376 -0,781117617
-3,28742404 -1,585628034
-2,475523256 0,887941643
-1,458792927 -0,578335949
-2,60044943 -2,516741737
-2,701943376 0,729169657
-1,826111725 -2,765269318
-1,315012068 -0,698470099
-2,422609929 -1,778097372
-1,956623655 -1,434696421
-3,628438733 -0,99173251
-1,456813233 0,755903064
-1,359858525 -1,890961799
-2,443736716 -2,034521787
-2,706038987 -1,425535519
-3,33283623 -1,365899251
-3,762912739 -1,108379198
-3,001172162 -2,850267461
-1,312661062 -1,168369869
-2,009767654 -0,734926483
-2,211096713 0,513253315
-3,540451673 0,727606157
-3,98898821 -2,497548006
-2,583738648 -1,391854148
-3,756212311 0,651398452
-2,268003831 -2,524067758
-1,868126831 0,589447826
-3,584894232 0,165118238
-2,221852597 -0,623383292
-2,509991216 0,374768537
-2,573451741 -1,749571571
-3,095654008 0,645310782
-1,78547767 -0,5310512
-3,3747271 0,388152627
-1,627745331 -1,031729362
-2,820786865 -1,935998604
-3,925266038 0,609562795
-1,522339058 -1,368762736
-2,026121934 0,626134365
-3,751855143 -2,68451291
-3,575244419 -1,825077922
-6,668048952 7,828863265
-7,716355278 6,060225557
-7,521573665 7,318557663
-7,824722635 7,903877063
-7,411925608 7,268954085
-6,776852278 7,020077694
-6,734113663 5,942883067
-6,029700529 6,607121028
-7,114692601 7,102883984
-5,368977273 7,423978397
-6,538892669 5,071214211
-7,826675567 5,768347522
-5,195760891 7,071731187
-6,198639484 7,545272213
-6,062703594 7,392472951
-6,77856808 6,049139014
-5,42498486 5,877618334
-5,021564877 7,12116248
-6,13732046 6,508418175
-6,11080746 5,644164216
-6,727368399 5,909159224
-5,570052492 5,298928914
-6,673663283 7,919745725
-5,110034476 5,739833403
-5,021488876 5,613983642
-5,373151663 5,902017123
-6,689606708 7,211383546
-5,513455581 5,611597921
-5,535120381 7,686877237
-6,307383579 7,370062873
-5,671906677 7,544464123
-7,073840097 6,4327193
-5,901163724 5,513596113
-6,259838969 7,895460965
-6,153757486 7,611705565
-5,011128887 6,556805463
-7,083651318 6,407268704
-6,726693838 5,770330617
-6,756073056 7,387435868
-7,870708722 6,871557849
-5,107927971 6,302927165
-5,516021499 6,537345741
-5,732806722 6,051302105
-6,642674651 5,616259685
-6,424953556 6,184224508
-6,214115051 5,176917048
-7,894733642 5,772978147
-5,16639361 7,363040305
-6,19892207 6,937943725
-6,681054856 5,47190811
-6,210944524 6,557720569
-7,687964959 5,24972563
-6,429858815 5,359505913
-6,727583612 7,321176947
-5,836641459 7,279609721
-7,075867365 7,049632424
-7,081817684 6,147424383
-5,875777202 7,231562663
-7,59380908 6,92441736
-5,191831297 6,747796225
-6,63530689 6,571080484
-6,813143157 6,652132601
-7,250108991 6,777629068
-5,203037521 6,22428451
-7,017299544 7,524067148
-5,016294633 7,544792247
-6,970599826 7,618196203
-6,987372674 6,74542225
-6,486424749 7,97131252
-5,764518892 7,81334842
-5,650298363 5,519288232
-6,466936451 5,006325038
-5,859014423 6,193526489
-7,467087534 5,663634266
-6,0671657 5,202221814
-6,726349422 6,445347993
-7,147632567 5,065642587
-6,115673242 5,33528103
-7,723986749 7,258745931
-6,512987457 5,04612983
-6,131635852 5,333599348
-6,045524027 6,286326623
-7,765695665 6,330980722
-6,166197879 5,869017194
-6,716454413 5,212794816
-5,390395807 5,780539234
-7,273611928 6,393625524
-7,633241703 5,15025835
-7,022657548 6,21440715
-5,364484277 6,260656248
-6,793986675 6,809717847
-5,252140387 7,76184121
-7,335143678 5,050515207
-7,642360674 5,22191661
-6,730185993 6,205252707
-5,820724659 5,818688223
-7,641526171 7,660234489
-6,735475762 5,724984665
-5,205632714 7,122280526
-7,547070479 6,654229611
-7,909860564 7,612721667
-5,196444386 7,723664212
-6,581526274 6,765380501
-7,083960167 7,391291733
-7,519850375 5,768581577
-7,671184932 6,286011945
-5,829444478 6,468499693
-5,167348694 5,052165823
-5,899177848 5,148592324
-5,850984096 5,73583018
-7,177382439 5,319243561
-7,575736407 7,861666613
-5,624121705 5,998360505
-7,862852972 7,186709949
-5,712695186 7,308922361
-7,397963935 5,749746075
-6,652159888 5,180162059
-6,884700233 6,710053602
-6,596107203 6,91314583
-5,424124882 5,841448616
-7,163357043 6,214563159
-5,828403599 7,634796642
-6,839500545 6,677978805
-7,824967563 5,872201044
-7,367328156 7,463781329
-6,072751084 6,891458893
-5,433488085 6,674653571
-6,890567856 7,793946724
-6,163282443 7,85679884
-6,51177636 6,146354325
-5,515630123 6,839334535
-6,250919363 7,587731125
-7,546865662 7,325891903
-5,940624299 7,190590385
-5,350110585 7,185070647
-6,443627173 6,550906057
-7,131399363 6,217369972
-7,10450633 5,49192058
-6,728110332 5,643144323
-7,652719136 7,125191656
-6,344450576 6,595646815
-5,800817781 5,138646819
-6,7873587 6,811747089
-7,375322172 7,784519614
-6,486483087 6,651379984
-6,892139452 7,84708769
-7,985370989 5,228600182
-6,630672716 6,299922499
-6,483396193 7,716931095
-5,070726015 6,555533564
-7,786367026 7,559290767
-6,161473478 6,729807994
-6,085948566 5,746438825
-7,134007067 5,937347131
-5,153370792 7,128104007
-5,601305034 6,049734891
-6,490802107 5,164591178
-7,027692254 6,66623045
-5,952565254 7,038746937
-6,376122826 7,122287556
-5,270985109 7,920076805
-6,946684424 5,536918207
-5,675549475 7,115575835
-5,200765435 6,564413928
-7,363533798 6,49586675
-6,302397062 7,797424521
-7,48508306 6,515249196
-6,639339384 7,131821558
-7,50963779 7,951328975
-6,764763297 5,786953427
-6,585484557 7,920415779
-7,769891045 7,751921314
-7,353584032 6,333716315
-7,339973601 7,623852116
-6,864892212 7,773718746
-7,538626168 6,191533856
-6,15715422 7,766918961
-5,885582159 6,392164291
-6,474375661 5,119896126
-6,617176559 5,65465843
-7,669681132 6,193501423
-5,605092893 7,656315071
-6,208031621 6,61011845
-5,94145045 5,607144011
-7,407893303 5,640514855
-7,856039308 6,435129334
-7,429366304 6,455908796
-6,464939757 5,47691939
-5,810603055 5,446517722
-7,844311702 6,271262839
-5,054709096 5,274732553
-7,449611185 6,766435692
-6,471872014 5,685411685
-7,766318884 6,311518043
-5,861515269 7,379424558
-5,299674532 5,855203004
-5,497473306 5,694111199
-7,643741815 5,261494898
-6,294988679 7,073343743
-7,06238789 7,172552087
-7,190379852 7,003348039
-7,16355611 5,372155351
-6,266036796 7,844490829
-6,061203775 5,06957279
-7,687152585 7,471417107
-7,778349144 5,681275735
-5,799018207 6,533652536
-5,715964257 6,162882006
-7,932600805 6,625774383
-7,549702312 6,662306082
-7,755174822 7,831871525
-5,1624472 6,769037659
-6,248038642 7,009475362
-6,996225282 7,553529943
-7,425389149 7,922235546
-5,23747081 5,111988515
-7,915974527 7,617178827
-6,737278167 5,761053537
-5,349434692 5,158383706
-5,016050938 5,98228657
-6,858123846 7,033797419
-5,146706128 6,538314312
-6,555028429 5,873550546
-5,960365419 5,059616794
-6,870260297 5,181527787
-5,076077631 5,063836977
-7,951027347 7,326512448
-7,48484742 6,69931433
-7,013297915 7,931509876
-6,913963327 7,617090045
-5,675017534 7,193014923
-5,258524563 7,802654547
-5,570192283 7,218429931
-6,758672791 7,408019611
-5,41611191 6,129434271
-7,796528342 6,157781633
-5,651960235 7,167508521
-7,248125156 5,167495237
-6,033097867 6,804062846
-5,212102616 7,297950623
-7,126538438 5,935593287
-6,379302294 5,471856262
-5,125426748 5,314512815
-5,319668982 7,311941149
-5,111195396 6,724106573
-5,202045045 5,700891058
-6,505730628 7,844561054
-6,213623479 5,73729103
-5,264811391 6,266495521
-6,583941728 7,054694744
-7,362250084 6,897580813
-5,585623092 7,977336108
-5,710093785 7,984459067
-7,167468856 6,533181858
-6,806589568 5,949443916
-6,626527557 5,119615024
-5,854415418 7,201442722
-5,510550917 5,381729717
-7,648982593 6,261281415
-7,327249544 5,811790523
-5,924783814 5,867205528
-6,659900978 5,393583429
-7,757293614 6,831655106
-5,63170206 7,821777885
-7,739371609 5,430813771
-7,53900236 7,751144821
-7,147673797 5,330488955
-7,570356846 7,773190381
-5,032629213 6,23280393
-5,424975102 7,370396446
-7,206885638 7,706847851
-6,272760814 7,625914936
-5,590250139 5,281817777
-7,688977305 7,933065531
-7,177784621 5,08493681
-6,988030824 6,753236353
-6,122970534 5,735480939
-7,006710877 6,58252112
-6,612223855 5,550503286
-6,171187207 7,016733043
-7,739272381 7,825128023
-6,265491539 7,100981816
-5,084164678 6,945000201
-6,417220962 7,717142124
-6,715731508 7,648845531
-5,924339473 5,688907571
-6,656615894 7,271528694
-6,476568045 7,176463714
-7,757068004 5,90440264
-5,298591335 6,147874476
-6,95649688 5,495932131
-5,029254015 7,786945945
-6,449813118 7,274272913
-6,348340512 5,444181751
-5,715570186 7,601835844
-5,339742331 6,628330083
-5,735318933 6,766155972
-6,627613521 6,37852555
-7,791236731 5,87465245
-7,075128736 6,636012914
-11,39275884 -7,612457469
-12,70490642 -7,383758675
-10,88331211 -8,60920563
-10,48675741 -7,072383325
-12,10559155 -8,159908273
-10,61934452 -7,115120808
-10,88266888 -9,45369904
-10,88527463 -8,489598543
-11,48269352 -8,429180154
-11,52056195 -7,197645065
-10,94607693 -7,255977893
-10,15076279 -8,654731207
-10,35935988 -7,56595361
-12,46324651 -8,009708441
-11,50008604 -7,105289084
-10,80443332 -9,322346761
-11,52751722 -8,380319723
-11,16241357 -8,844850114
-11,15497019 -8,590203802
-11,95044231 -8,947464012
-10,98751304 -9,578363135
-11,85638181 -7,758083496
-12,73736838 -7,364619949
-12,4136424 -9,152856025
-12,67138802 -9,65018253
-10,0537355 -7,359582044
-10,58623537 -8,087039806
-11,21394041 -9,955443775
-10,68059954 -9,215516465
-10,43381377 -9,310219995
-10,37012074 -8,486496207
-10,95826005 -7,456905745
-10,04820517 -8,676010567
-12,91220186 -9,824679237
-10,01769954 -7,221791251
-11,92558506 -8,032511414
-12,988218 -9,19977051
-11,83027873 -7,152911468
-11,38687644 -8,150737713
-10,32203376 -7,205159138
-11,13768807 -7,828312225
-10,44553362 -7,319448585
-12,45015597 -9,801089436
-12,0726275 -7,016949215
-11,28982853 -8,749400879
-11,82950772 -7,077907071
-12,20790842 -8,219727259
-11,05147842 -8,665450162
-11,76503966 -7,804662093
-11,00200528 -7,143904728
-12,25007655 -8,178157447
-12,77627661 -8,24912735
-12,2759172 -9,337321403
-11,62923224 -8,593307372
-12,61848321 -7,464576612
-10,39024614 -9,231838374
-10,5999279 -9,337741221
-12,13192358 -8,188418708
-11,47075825 -8,138879497
-10,91005603 -8,38836846
-10,1477915 -7,408965571
-11,21191705 -8,139364265
-11,96729829 -7,146216357
-10,42481036 -8,436442172
-12,89466839 -9,474183957
-12,6086273 -9,160897327
-12,22838957 -9,703241597
-10,96106745 -8,985399453
-11,51439512 -7,156657096
-10,8257725 -8,212042832
-11,59565651 -9,308196435
-11,52469527 -7,122157428
-10,97666121 -9,874539678
-11,8039852 -8,231821324
-10,13809875 -7,893440395
-10,61128888 -9,969576732
-12,11021545 -7,091972531
-10,56611348 -8,883171442
-12,59497867 -7,334407683
-12,77327879 -9,224770468
-11,14039999 -9,237178219
-12,42090481 -9,554180128
-11,9144658 -8,827521137
-12,18884677 -8,438494623
-11,80291816 -8,867823376
-10,4001592 -9,94959254
-12,61342982 -8,437936949
-11,18964236 -8,154446275
-11,59714848 -7,043118633
-11,10352997 -8,067404473
-10,94447083 -7,7209061
-10,92564181 -7,028288405
-12,12846293 -8,971429312
-12,96406554 -8,344550719
-12,35968954 -7,305763288
-11,80003194 -9,776186667
-10,54492844 -7,529430164
-11,74543912 -7,376388808
-10,59120429 -7,795040077
-12,43227331 -9,105603231
-10,42698545 -7,946764319
-10,9916723 -9,105377211
-11,03328013 -7,408439603
-11,86910884 -8,560474662
-10,3703984 -9,175501719
-10,62424522 -7,825957074
-10,81460495 -8,42532891
-11,26105331 -9,726156715
-10,44537631 -9,671156806
-12,64481535 -8,69725515
-10,94504306 -8,925137348
-10,04405325 -8,570012873
-11,41369679 -8,630271109
-12,90672517 -7,592211806
-11,60958489 -8,760250165
-11,56425102 -9,830663462
-11,52377141 -9,388349139
-10,06083374 -9,0045189
-12,7257673 -8,061933025
-10,41179878 -8,614800196
-12,63740851 -9,212832076
-10,30246971 -8,088457727
-11,75679994 -8,572747249
-10,34536314 -8,604295395
-10,92357543 -7,893231419
-12,58285999 -9,811654907
-10,51689039 -8,248949115
-11,16417152 -7,210254815
-11,03698322 -7,993164606
-11,21150165 -8,284622299
-12,75736065 -8,344081532
-10,02304199 -8,518088185
-10,51677443 -9,425439804
-12,36310214 -9,879386758
-11,91419586 -9,772956303
-11,56240529 -8,382262897
-10,03137608 -8,317795208
-12,48453299 -9,054114792
-12,97456297 -9,487238381
-11,22241282 -9,104215619
-12,37817956 -9,140342293
-10,3647725 -9,64868598
-11,55375327 -7,432233176
-10,78120933 -8,782783164
-12,14752336 -7,838942762
-12,73452648 -8,894192681
-12,61437659 -7,964868688
-10,70148769 -7,365882178
-10,75097954 -7,652836188
-10,03649668 -8,795073112
-12,6261677 -9,870374672
-10,32778254 -7,418881195
-11,20356193 -9,341937433
-10,00772044 -8,099416395
-10,0182444 -8,619200841
-11,01439704 -9,070978379
-10,19303457 -9,428781924
-11,14766683 -9,884882832
-12,75657639 -9,636064767
-10,32137082 -7,117836324
-11,32847666 -7,462379152
-11,76837797 -7,280802416
-12,77687933 -9,714749911
-12,53727202 -8,86677055
-10,31855488 -9,659874739
-12,23193215 -7,355608195
-10,91063574 -8,601395289
-11,5772673 -9,099435218
-11,18556989 -7,146317044
-12,24960044 -8,26220155
-10,63732193 -8,470172437
-11,85915025 -9,864437555
-12,80392016 -7,351711088
-11,72283364 -7,527300974
-12,39386667 -7,383168797
-12,77050916 -9,959518478
-11,48309824 -7,853465087
-10,02593096 -9,692108192
-11,47321513 -9,09308233
-11,21593147 -8,327275794
-10,04216663 -9,315366162
-12,70531068 -8,147070777
-11,05073678 -8,788951966
-12,45444491 -8,85089415
-12,63262394 -7,850803354
-12,31148254 -7,895958596
-12,30660823 -7,41600409
-12,44730463 -7,652631315
-12,19784803 -7,710586849
-11,38138308 -9,418764936
-12,35414447 -9,253721033
-11,47884928 -7,983549659
-10,21114155 -9,235800967
-10,25132177 -8,907103293
-12,87085754 -8,278906115
-11,26030602 -7,502195688
-10,27763144 -7,454972608
-12,56733314 -7,729713531
-11,07912646 -8,364304242
-10,86931361 -8,617045387
-11,65541404 -7,742389236
-10,52946218 -7,534662404
-11,08380536 -8,851243749
-11,70867749 -7,797676116
-11,02982932 -9,050650201
-11,26877534 -7,867484183
-11,07504484 -9,472752422
-11,91404729 -9,484903027
-12,49594335 -7,312779824
-12,79693196 -9,127703678
-10,00918415 -7,477599638
-11,93858966 -8,36782494
-11,61984044 -8,44775484
-11,92076214 -8,525054884
-10,01103471 -8,61255965
-10,30755907 -8,406505843
-12,78793584 -7,37293907
-10,9705665 -9,170066492
-12,96403235 -7,092634783
-12,32500775 -8,999465829
-11,88079178 -8,231110089
-12,93578299 -9,106549199
-10,32044501 -7,432575025
-12,11640429 -7,933979555
-10,94154256 -7,605482106
-10,43040034 -8,77396735
-10,71527386 -9,434200781
-10,13849015 -8,239126576
-12,6147964 -7,442944434
-12,66168327 -9,424958377
-12,20197665 -7,317572866
-12,24149562 -9,004202773
-12,29218698 -7,746073712
-11,2705509 -9,293540539
-10,39602136 -7,00045857
-12,30810454 -9,002832507
-12,76192985 -8,047561616
-12,20479331 -8,466544994
-12,60109675 -9,131728212
-10,78200388 -7,316352689
-11,52630726 -7,883510579
-12,81795313 -8,838141211
-12,40995375 -9,556809186
-10,43741151 -8,470984127
-11,30659092 -8,631789181
-12,23074426 -7,961221837
-10,5710313 -9,742690422
-10,07395242 -9,791031198
-11,3960504 -9,359943193
-11,79757536 -8,82284598
-10,36186975 -8,268836617
-12,3258403 -7,29443012
-12,03633145 -9,234711052
-12,38527955 -9,915175609
-10,78979777 -9,198261855
-12,45658429 -9,305763015
-11,33790148 -9,539269887
-10,17540828 -8,243989167
-12,24350131 -9,446999503
-10,18623957 -8,5889621
-12,63238351 -9,716682421
-10,01706373 -9,725980675
-12,78561808 -8,524172966
-10,15783678 -7,407045865
-11,47757292 -8,133807433
-11,51900898 -7,447218843
-11,28654214 -7,976781757
-11,77883352 -8,179982899
-10,52111006 -7,2359724
-11,07458232 -7,000980475
-11,56625137 -8,266136849
-12,15503928 -9,881022534
-11,02080504 -9,586843202
-10,38570294 -8,351538419
-10,74002543 -9,453641056
-11,81920722 -9,632746267
-12,78238301 -7,199827827
-11,405261 -8,921715748
-11,21216385 -7,54239472
-12,01885349 -8,137747587
-12,99082216 -9,343358009
-12,3277644 -7,922292846
-10,77587188 -9,214685509
-12,52664704 -8,991767694
-12,80367726 -9,024807856
-12,43322722 -9,485713741
-12,49719314 -8,214569005
-12,74631852 -9,588246892
-12,69584912 -7,576861216
-11,38414931 -9,24117167
-11,40321997 -7,177940194
-11,69827135 -8,922275492
-12,78432319 -7,028417223
-11,67591141 -9,839283844
-10,21306905 -8,103043777
-10,17317762 -9,704275105
-11,0573553 -9,083678046
-11,54635849 -8,635298335
-11,5962091 -8,052355469
-10,18351676 -9,772080905
10,27101045 -7,105696524
5,207047778 -9,963609918
8,104955463 12,12276901
-4,537011593 -4,329192927
4,415911101 13,01922571
10,36871192 14,34356068
-4,397468518 14,54893643
12,11422025 13,18311608
2,098782381 13,56967139