8887
3362
6572
5333
2823
1719
2419
1622
5822
4720
9666
4856
7957
1522
5402
7206
1137
8443
1361
1421
7406
1868
8654
5782
5126
9102
4492
3343
7741
3872
5808
4742
7472
9302
5964
2414
3476
1579
703
2717
3308
4216
3347
2671
1253
7473
3075
8708
3187
4181
5169
857
604
7886
3597
6533
4583
40
1067
3480
8854
5591
8020
9130
5286
3046
9505
7427
5299
1825
1962
3310
7675
9356
8637
4095
9682
6285
5919
6834
3737
2619
2923
9019
135
522
9469
9827
2742
9263
238
2043
1549
6797
501
6267
8747
1337
3438
8977
5237
4977
6083
3105
407
327
9677
3482
8088
4917
2671
7055
968
3371
136
6365
3782
3563
2405
1511
4385
5350
573
6810
4212
3638
8467
5834
1696
1075
6268
3313
2757
539
7981
3032
9848
9646
8546
3050
1418
4631
2145
5795
5062
6864
9929
1722
8608
8396
2546
1623
2682
2604
8144
7838
3587
7496
9607
2374
868
6242
909
6253
2122
5380
3534
6781
438
1732
6296
482
6685
5791
6924
7763
5527
4660
2260
846
3675
9912
5042
8754
2193
6861
5608
7841
9110
8831
4196
4112
3517
4701
8329
6356
4164
6890
7197
185
6674
9243
3679
9367
9008
2740
1549
7169
5322
9555
2768
9100
4510
2408
4419
6938
9690
2762
5374
7418
1082
8737
7183
2745
3002
3806
5334
7118
5452
9908
8299
8954
4260
6906
1607
429
3753
3958
3350
9847
384
7990
368
1109
1495
464
5953
8528
5783
7102
2842
5227
4649
4456
2998
6645
7763
6731
2362
171
5796
389
3863
2207
4498
707
2525
1026
5353
8581
3270
4654
7475
4014
6469
7695
438
9824
9599
575
7221
5083
7179
3080
4554
387
8565
6781
664
1424
6049
8940
8102
92
4782
31
1013
6699
4261
2692
5548
2864
3500
8534
9192
5264
4324
9125
7880
3140
8103
516
8966
9177
6591
3840
3962
9640
8909
7009
7811
369
3257
4881
6531
6500
9214
2102
7723
7068
5430
8482
6407
3467
3627
5276
2484
2838
8770
8867
2522
4835
3959
9289
8301
1569
8529
5724
1085
1576
9820
955
2541
2018
9776
8769
6083
1446
5236
9599
4606
627
6048
8667
9064
5618
5092
9586
8083
6438
8099
3014
6158
7642
4580
1808
8603
6682
1310
5200
8590
9499
6414
8736
3394
9709
4361
1591
3562
699
6677
1955
2488
9137
2056
2316
5856
8812
4072
4566
9926
6493
8252
8656
9925
7690
7682
6413
3054
1578
4265
5953
6249
7976
1673
2559
8862
6555
6440
328
1507
7118
3951
5039
5225
3666
3842
9287
9693
2057
6203
7202
1000
2932
2316
5678
9906
2479
6326
7921
9317
2979
246
5968
37
6081
8224
7940
324
3139
7781
6112
8855
5490
1315
3986
7307
8227
3135
7190
279
347
6637
708
5180
9126
1714
9342
803
8117
7375
3211
4297
3970
2525
2261
6814
4711
4574
9681
3810
6266
6988
350
1768
2206
9809
3566
9892
3619
7796
668
7126
2290
2114
3852
4668
8743
1067
680
7023
5674
390
8803
3035
9144
4133
4423
6916
8386
397
5577
9957
1484
6781
4407
5143
2447
4431
6881
1416
8723
2250
3750
6741
3219
8504
8420
9335
1182
8303
3785
3634
8164
5473
7842
8599
3679
6077
9117
4568
1715
5426
5103
3101
5375
8864
9052
1515
5926
8276
9938
3284
3604
82
5412
9595
3296
8538
5939
3141
1796
7524
189
2799
9024
1630
9865
448
3350
3735
9348
2960
4468
2393
1407
7157
7840
7320
1378
315
8673
2879
5918
1321
8955
2805
8177
1614
2092
6092
3424
1341
3964
2575
5956
5098
3869
7052
3786
3276
7938
734
2852
7846
5334
3747
7540
9030
9777
3797
6363
3986
5085
2653
2583
6974
9434
2214
5506
2787
9814
9291
7780
3644
8068
6540
4965
3447
9059
3265
337
2553
895
3727
3182
8874
8220
2587
5556
2470
8254
393
3676
3965
9238
5799
6214
7437
6535
1177
6399
3543
1487
9236
3319
4540
7345
6616
7400
5697
1054
5536
185
8127
8632
9951
9101
1458
9424
8295
8206
6872
4724
588
4196
5966
9980
2304
25
6633
8253
4658
1510
7225
293
2746
7728
2921
981
9432
4367
9076
6512
1881
450
5345
339
4730
7156
4234
1071
6155
7544
8812
9780
708
5302
8886
3256
6792
6081
6258
3123
7803
6114
4424
4176
6921
2691
4037
1002
3379
6587
669
1444
4385
8626
9180
5458
7321
1549
3281
1792
8175
7016
2791
2140
7243
2456
6209
4028
7578
974
2803
1061
931
4014
8051
610
3696
2431
3654
7674
7891
7449
2785
8538
9197
6973
9963
3912
5844
2323
2396
2796
5616
725
8268
891
939
2152
9139
3563
1348
2587
7130
5580
3221
2924
8614
4564
421
7618
9012
2539
7301
4482
5255
3265
9079
7845
5028
984
7234
4100
7045
7916
6843
2683
3146
7235
7277
9285
6670
3883
3527
4023
139
948
147
5736
5552
8301
6382
3800
480
6311
5457
1898
5679
350
264
4317
5529
2489
8781
8195
2538
2573
7685
8193
7417
2754
4467
7114
40
9224
9290
2704
8875
8233
6862
7093
4991
2482
2730
9809
9294
5738
435
3582
8635
749
7654
4888
1352
3010
7341
5217
8064
8158
6575
5264
2496
8018
1208
7363
8274
335
1507
1877
3587
6799
7886
5005
5195
1925
9900
3106
7360
7574
6955
537
9625
7032
335
5436
911
4963
8722
8978
97
6287
3136
2059
4066
1882
5978
5720
9062
2789
9558
388
9079
8338
9336
6406
4935
3811
2170
3872
4644
3676
725
9525
1206
9627
8425
552
3422
3500
3322
1769
4014
4006
818
9627
6628
7219
1747
6997
4722
3649
6245
7949
627
799
5340
7089
4974
2754
1276
2419
3044
738
8991
8435
9201
5846
5035
3551
5207
8473
5027
5330
2047
9666
1312
2924
9008
7696
5910
4324
8454
2933
6030
1397
2976
1159
4656
150
5913
9600
8311
6068
4520
7280
1387
1536
6435
4842
7077
1247
9998
4496
6491
103
4171
2341
6651
4413
4340
3247
1429
6027
1799
8284
3599
1684
9335
4081
5877
7636
3037
3889
1048
8706
3729
9575
7879
9170
9743
4233
6383
8793
4328
2574
7610
7755
7551
1535
5656
3813
7033
8014
6809
314
8903
8413
1686
8308
8076
502
9368
8767
4093
1151
3545
7352
1628
1737
7900
8862
9264
4323
6878
7098
6138
5107
2155
2131
6545
2806
2421
8998
394
7513
2442
271
8097
9965
9276
4296
491
5370
2065
1887
2350
9916
370
8321
629
9266
3775
9064
2168
2270
5130
5966
8010
946
2453
8781
915
8721
8486
6185
6021
1590
3222
4033
5414
7262
26
666
4452
3235
5368
3675
114
5973
3697
6838
8611
6321
9633
3077
4796
671
511
7392
8468
2785
619
223
1888
841
3544
2887
5302
7987
9239
1441
2537
5557
6877
462
7050
7574
9876
5562
9402
7213
4760
6633
8018
9252
5853
8471
8785
789
8644
4682
3945
8246
7262
9999
5913
6078
1833
3750
7573
2652
6480
9401
6543
3529
2222
4378
6527
7579
6251
2594
1702
5003
2200
4956
7436
7572
5732
1514
798
731
383
3463
5521
1686
2913
7865
9213
5429
5693
8096
6875
3088
8810
9904
4216
9399
7983
7012
8219
9517
8351
5792
9148
8134
9883
1327
4636
409
8375
9416
8378
649
966
6727
7211
4114
8038
5942
8686
7206
2829
6437
4224
8456
8956
28
5057
1668
3574
4096
2559
177
2264
1105
1664
1534
2338
674
4003
2109
8901
532
589
5676
2371
7774
5122
8117
6196
1702
8850
9851
4458
6124
5905
9332
7750
329
1458
5811
991
8909
8175
299
7474
4930
6220
3972
3251
8756
3199
3239
9284
2357
6615
4379
4935
387
1669
9898
9862
6429
2813
7046
9648
3791
619
6578
2637
9014
6151
944
628
6690
5162
7705
5656
3014
7910
2816
339
4371
3764
7210
185
1262
7986
8095
1272
9873
295
2494
8682
6115
8324
9505
2691
9860
1210
9360
6981
2504
4812
850
3322
4332
8601
8305
2532
9557
9890
6471
9700
861
5425
9708
5045
8362
9073
3423
106
9807
1621
4032
4547
9308
593
9776
6498
7846
2634
6332
2184
7747
7279
6669
4940
9216
8192
103
4291
351
7058
8406
7144
8280
5863
5145
5540
9007
5424
2397
8220
8413
3463
8477
6793
7861
4805
8436
7835
5162
1514
2563
2980
62
3858
199
7292
4704
7658
4068
4111
5806
3943
4032
1050
7043
3258
2003
1180
8707
5574
6808
5169
8138
5590
6209
3039
6642
2815
4741
6355
7453
953
936
1030
896
1107
1797
6903
6454
4287
548
2345
2909
8663
2474
6358
9176
2677
1982
9179
9394
5381
8713
725
329
9843
858
5834
4421
5170
2431
7916
719
8713
9694
26
8963
4961
7442
1135
3864
6066
7672
3541
2840
7339
7407
3242
2109
3923
6356
3070
2119
4114
3285
376
8171
925
5174
8026
285
1685
4686
7296
6114
9534
8999
1756
5988
5062
3298
7585
2826
3516
9234
2178
8378
4218
1947
8375
2972
2013
4033
4039
594
6184
8329
348
3816
6203
2928
5036
6643
9962
8239
2309
6343
6556
864
718
6811
4857
4836
6237
8299
4973
2981
4542
3866
6155
1349
9003
2390
6359
9061
6919
4249
1782
6596
4850
1010
6342
6358
3541
5022
1317
5752
7799
8539
1836
8830
5206
2888
4495
2152
8793
4323
4719
5400
3708
9260
3709
7306
2760
2427
2777
2575
9184
4286
3600
6807
5688
3568
8119
1965
6251
1459
461
3246
9295
4799
5014
4762
281
8790
683
2919
4318
2606
599
4744
9131
3508
2796
2673
4551
8791
2584
4565
6549
4852
7756
6998
6451
7882
3030
9345
449
196
5683
4248
6422
6728
6387
2634
8837
6182
2632
2383
8373
7030
5034
4782
9026
1893
5748
101
1085
5418
9821
9255
4717
2769
9919
5416
711
2869
3282
9983
1089
3068
9813
3820
275
7904
4743
2043
7845
6842
2200
9021
5156
92
4095
3982
9703
7018
9232
803
4695
8657
3743
1340
5478
7989
9053
5272
5725
9968
799
1697
9269
8040
1585
5202
7309
6061
3791
7560
4616
2075
9424
6717
3774
3399
6014
9689
4299
3335
7170
1562
4100
7679
649
3397
2833
9620
7418
4090
95
3735
496
4704
8863
911
7738
2289
152
3557
4998
1769
9373
9923
7218
1126
9914
6374
8845
8517
9782
8398
8512
6440
6617
706
353
4627
4483
4542
4579
9709
1646
9103
1566
7859
8241
5615
1738
3046
5649
8561
8497
1531
1012
6325
3849
2783
9127
324
5308
317
2953
7980
6146
6465
4387
7238
3023
3104
1239
2456
2027
8835
9660
6779
6551
7993
5781
1789
2603
7011
2306
500
6434
6485
4703
1811
2248
5806
3087
2226
890
8571
2433
7065
3278
4499
69
8190
3286
5222
2645
5267
2836
4567
186
3798
2783
2844
440
3099
3499
8147
6175
2279
3600
788
5961
9671
7554
9665
3199
2153
4745
6286
3932
4078
8747
5557
7586
4009
7002
8398
9438
2207
5137
6662
1078
4670
5732
9846
3652
457
8087
2700
6093
2259
5562
779
46
6484
2140
9358
3196
3986
7037
252
480
4567
8715
7291
8729
926
7828
1738
1912
3396
3312
7599
1514
3895
4057
3869
3856
415
6402
5469
9985
6576
298
8995
475
5631
4936
1932
9717
696
8206
1327
5232
7916
6406
6860
5280
9772
6908
1605
7013
3121
6415
9445
5616
4178
4310
2621
4761
2333
8331
3510
7352
8000
2378
1828
2628
3646
5524
8141
4452
1685
2148
9100
6494
3830
5661
5292
9056
5137
5500
9517
9386
5767
3851
2296
3756
7894
1616
9658
1555
9102
2505
8451
1706
4124
8057
1791
5821
6956
7130
3757
5609
7463
9944
1061
9832
7115
8494
8036
6842
2150
2431
2093
2605
7738
1781
6437
9377
9115
2434
2232
7197
5397
5670
7079
791
2496
2521
6932
7900
3251
7639
8298
5061
6602
281
6821
1215
8575
2214
1538
8708
3589
9464
5778
5933
3708
8879
7051
6914
9358
3523
8040
1798
6130
1314
4020
5080
7977
5685
7028
6163
2623
1490
6651
7835
1415
9689
7639
1504
989
2218
9728
4723
8161
1898
3132
4325
4088
5578
5703
5676
729
9948
3639
1720
8346
3914
9307
8656
7495
8802
2516
446
9900
4359
5499
4102
2191
8013
3754
2855
9103
2071
7362
5648
7392
1594
609
1011
4648
948
7314
4599
6976
6387
5551
7237
7441
1722
7393
1950
4259
9930
3884
6677
751
7809
4491
9085
986
5300
5039
5294
1265
6630
223
4016
5379
4190
9749
1949
1410
4107
7163
107
7071
3688
4833
4418
9754
1992
962
564
6763
3362
833
2467
8601
1806
6871
8754
525
9644
7401
6558
9835
2755
468
6445
9816
8836
8660
6506
814
3602
1924
1421
12
2502
8687
666
9837
3098
3862
5799
6025
1726
710
6713
6929
4075
951
9769
1027
7937
373
6853
345
4766
9440
7361
3441
383
8536
36
8528
4376
4779
1522
8429
6001
5586
4647
9736
4584
7495
8282
4043
2399
857
9893
2888
327
2785
3339
1301
390
7777
9773
3679
7287
1985
7649
7190
7302
7988
7548
6609
7498
1671
7258
3522
7667
462
8707
555
5893
4982
7465
8008
5649
6788
6905
8352
261
9122
9642
9686
5232
5377
5882
8895
5084
335
3482
4336
2499
4568
5222
914
7481
7490
4453
222
542
71
2438
7434
4694
9435
7719
1179
967
1710
7819
4756
7124
2050
9129
2529
5265
4602
8772
8017
9620
4717
2693
6615
2177
685
9428
1424
4834
2027
5672
2413
3814
1958
73
4173
7981
1060
4314
4819
7285
7276
8617
2322
446
9387
3036
6933
7031
1414
8965
7769
6371
3467
4823
9013
8938
4489
7641
9072
8222
1607
8038
7169
8863
2929
2290
4126
94
158
377
5546
7557
7272
5370
3440
7118
8098
6137
1366
87
6844
1727
4147
8522
4692
2902
9710
16
869
2844
5950
5579
3685
9065
1172
7511
5137
5005
9624
7473
2614
7741
6208
4080
6089
7571
2607
4625
1943
8976
4784
2562
129
575
4555
9378
608
7037
4427
4717
7393
7001
5860
9421
4195
332
9333
9336
9400
8996
3441
21
8706
1824
3260
3244
2505
791
5901
7850
2531
9467
3128
7775
9358
9018
7823
4653
3636
468
6274
7433
693
313
4579
3324
3506
8244
4538
7657
4098
4947
3207
761
9201
1143
3699
3761
9750
4860
664
2676
4470
1808
5384
3450
8147
6098
3722
4753
256
1712
5238
929
5221
180
8371
5034
3196
3172
8259
7675
4822
5189
7073
84
4660
5695
6444
7053
8131
7056
6662
3976
3277
7426
7923
2887
1998
4068
5707
5388
1108
7714
3634
4096
3185
6879
8340
124
9875
529
3956
1040
2521
2425
1040
1491
7632
1899
9060
7349
2484
5038
7480
5518
9550
2222
321
3439
1705
8502
6170
5704
2888
868
3290
3264
7519
8445
3727
5286
3376
1652
6177
2772
5564
2955
8654
1313
4222
9794
5172
9645
8376
5779
9906
2056
4330
8041
1268
9796
1041
1799
1691
6486
6428
9182
934
4249
8056
3707
9691
3915
6173
4428
8013
7076
4625
14
1769
6761
7760
7668
1870
7009
9490
2868
4013
8631
856
1120
918
2677
5143
7416
492
3028
4012
705
9892
1216
4344
9644
5420
4678
397
1833
5522
6834
4983
9511
9180
8333
4174
8660
7143
964
9519
7382
440
4162
3259
2480
5758
7442
1612
267
3479
4967
3102
8168
5866
3283
4856
4105
5013
4271
5314
6836
4835
2298
5591
329
2992
717
6999
2316
632
7394
1252
8082
4230
2030
8896
5083
7083
1503
5014
5454
8265
8652
2607
5387
521
7997
8146
3816
8979
6839
7341
8787
1790
5579
7509
4357
4765
434
2400
6310
659
6150
9823
2974
2828
4123
8622
9718
1292
1551
5436
2848
9134
6222
1728
1327
1720
2292
2730
4909
1835
668
9418
8975
9862
5590
2741
3366
4786
9944
2849
6483
4449
8730
7734
6749
4712
8852
7492
5363
84
2223
7256
8340
4725
1971
4336
2212
2214
3463
9167
2617
6246
8413
2539
7411
3947
4590
166
14
5496
1737
5434
5540
8086
8544
5702
6758
7966
9792
9211
6896
1806
648
9709
7925
9362
912
46
7244
2117
1037
4959
3968
2394
4782
2669
8762
3539
2701
4779
9233
9873
694
8495
3734
7964
4217
2654
7281
1756
327
8829
9541
9494
7578
8293
3584
1738
658
5101
9918
3234
1701
5360
5992
6626
8467
7884
6027
4468
6421
6495
6589
3632
8035
1794
1399
1532
5138
6858
211
4772
3620
9674
7376
2952
7442
1710
2979
2068
2747
6571
4378
4254
7279
174
2522
4785
3510
5791
4845
6165
3438
1647
4367
4872
2030
648
2039
7827
8386
9607
6632
279
3088
585
3028
956
2507
8022
7767
4896
6301
9890
5041
9455
468
5771
5990
9067
8324
1404
6419
606
4246
543
3390
4046
739
5010
9070
210
6176
1650
362
8488
5634
323
9979
8947
1406
8888
1477
4247
9405
7978
4157
3216
4486
6008
3857
3456
2112
3017
4265
5162
6827
9073
2213
5472
1661
8877
3219
888
9888
638
3427
4108
7287
2452
6793
2827
7011
5400
2926
9049
1178
8166
1505
2783
5482
7572
2919
8466
6826
9883
4764
438
190
8630
7123
7604
6382
3219
839
7924
9473
3265
4302
8021
3654
1985
4785
7793
3090
2035
3290
1200
5590
6967
483
107
1531
6303
941
331
9722
4351
4875
5551
7170
1860
1832
5732
6163
7647
3717
3641
5239
3387
9652
4949
937
2254
4468
1063
9130
7675
1508
881
441
6605
6276
5433
5604
6050
3502
8954
1926
7176
4669
4422
2467
3653
2107
8288
5742
7093
591
3660
410
609
5875
5680
6955
6012
6611
5595
9182
5172
4072
8567
4296
9845
1101
7200
5747
614
6692
8572
3737
6888
2434
8318
6264
8340
1874
4669
9482
7040
927
7346
1959
9461
5728
6484
1781
1947
7571
7212
1025
5429
4329
6180
8642
7347
5923
2443
3995
4286
907
1024
7893
6519
6856
4533
2715
4241
242
2814
7420
55
1758
9703
7298
7399
186
5759
7667
9759
3648
6840
7881
962
2591
8170
8946
2810
8082
2935
6709
5066
1652
6157
4983
1689
9009
5604
2543
5036
853
3318
406
9418
5441
8196
4669
4151
1202
9394
1227
920
8723
5011
6235
2711
9460
8373
1573
9408
611
9943
7365
659
9972
8190
799
7024
3904
8631
3753
6339
8112
9164
7899
7421
237
2011
5804
7620
4189
1131
2915
6538
2640
825
8234
8830
6241
1971
2423
2281
9768
5176
1824
3845
3027
2352
916
5042
5297
8868
6661
5367
3374
4067
270
1049
7852
6883
7489
1893
8682
9342
7854
4803
8706
8206
4846
1628
7863
2460
8462
8953
4393
9139
3912
3263
1345
384
9530
3099
1130
4883
430
593
8356
1586
3882
7508
8169
9955
2395
4935
8171
9201
74
4568
9985
1763
7086
7225
4796
9083
6034
7775
9953
6858
158
759
9349
3694
1150
4809
1707
5576
1280
7612
2965
3804
1901
8775
6781
9884
845
748
5578
9697
4935
2223
8125
5992
7525
3927
3973
200
1107
907
8345
5156
3200
1202
6487
6784
5649
1738
5617
2958
5052
2726
913
9110
9792
5116
8006
5346
3867
804
7511
5255
8410
2648
3576
3826
2188
7588
4494
6156
1418
3111
5015
8271
135
8287
608
8585
7506
6843
4886
265
1180
8417
3694
8982
5797
6445
4160
4153
6750
1862
4043
1370
8184
7820
9876
1329
519
9469
3053
6554
4954
2410
7456
7102
634
90
1371
7428
6156
1970
1168
268
7306
964
8957
7651
6399
8200
6086
8149
3420
5657
9098
415
3160
3482
2693
8832
5185
4895
6903
602
1458
3540
8278
4338
6049
3786
877
175
1727
1393
7463
8943
3658
5454
890
6806
847
5033
965
5095
6200
5340
2868
9684
2695
552
9411
9127
7222
1311
3086
285
9957
8643
2558
1649
4246
7040
5704
8750
3977
8600
6715
9244
6240
2110
4868
3165
8397
6632
88
6096
1193
2996
7490
994
856
1956
5975
4507
8143
9976
2003
1786
6051
3056
6328
5058
9900
2734
667
2519
4419
3068
589
5491
686
4100
351
894
2262
6151
301
5071
1084
7276
238
8941
1622
7712
1833
7780
4720
3820
8396
9258
8280
306
8289
1689
5364
2864
7140
8301
8625
5765
4815
1868
8078
8109
1842
1296
6890
6925
1547
1400
8063
1133
9375
5016
8179
4928
579
5264
3924
2694
2113
5044
7654
1099
297
9958
4787
3470
2325
8120
2213
6632
4717
4712
1046
7055
9909
1489
1178
3993
8951
7608
1556
4406
6227
6727
3739
8001
4760
9116
3963
5588
6047
3490
2508
9377
7346
6751
2539
700
4443
6293
936
355
2748
5682
1996
6173
9291
1156
7562
2102
9078
3280
1747
3988
4053
1015
2111
7417
7033
557
4805
1385
640
61
1023
4102
9552
9170
6534
771
8674
8515
2755
6493
3919
3763
815
3434
1109
8605
3806
7896
7784
7131
7456
4935
7676
7880
1469
8152
3783
5051
7229
4014
1334
2860
4326
833
9863
4055
5580
5973
7011
3010
3221
4253
1829
2024
5426
5690
205
3014
3461
4272
4828
5272
5486
835
2244
5643
4819
9333
3545
2975
8139
7669
8760
9917
6713
7302
3530
9019
3464
61
6716
6561
2965
7278
7420
7932
8337
641
4633
6596
5258
8184
1605
9083
701
7024
9051
5329
4352
5259
7741
4635
6599
2111
2680
8649
892
991
3333
8662
3211
258
6810
1164
678
5185
9991
6151
8898
9618
4516
2456
7710
7827
4969
3036
5093
4692
6050
949
6985
1478
6760
8915
2071
7016
6529
603
3052
2014
1969
5788
5443
3274
6755
3717
295
8644
7636
1514
2874
4960
7965
9453
375
92
4127
6129
3302
2326
8832
4659
5535
3119
2417
5787
1823
8280
1536
7081
4618
5458
168
9058
6411
2388
7879
625
6280
1576
802
4841
402
2342
3012
4070
2717
7372
3062
900
4195
3060
2355
6081
6221
3645
9795
1209
2618
9178
8907
3249
9039
5613
9314
8929
868
6798
6832
8711
4924
788
3114
5781
2453
8559
6884
3494
4760
2581
3571
5086
5070
5914
8907
5417
702
3702
8376
3084
7146
7704
1792
4668
7788
2649
1192
3672
9382
8926
1839
694
4881
3425
5513
5859
2966
220
7320
5274
7409
1638
1126
909
3958
7600
394
7386
2647
3888
6574
982
1697
3290
7756
1448
7248
5809
2999
3964
2316
5583
5736
9371
2518
8407
8641
5328
1704
6457
835
3093
5355
2660
2009
3987
9908
4063
6087
8710
569
3655
9083
1965
8029
6848
3112
5508
7903
6267
2323
363
9338
7604
9789
7686
2196
9157
9688
9184
5098
5972
995
2810
6563
2740
3385
5989
1153
1566
993
4268
617
2555
1520
5802
1851
3159
6254
6339
4843
1620
329
688
87
3727
7934
2024
1505
5140
8517
6315
1437
501
7530
5526
8904
1165
470
1343
3525
4693
5442
1681
6355
8508
4697
745
1556
5991
9673
5820
7664
1027
3717
4254
8524
7659
3178
6850
3942
3867
2725
8138
2940
2903
596
7856
2631
6204
352
9176
7328
9557
7400
6165
8876
6931
2049
9272
6595
5563
7333
6157
3574
4943
8743
3322
4892
6125
1424
4094
7897
5161
2343
642
5120
6640
5394
8262
7747
8395
4218
2634
4400
7810
8365
7530
7672
3893
7417
9201
7056
4978
6090
9835
3398
6165
5924
2767
3230
366
7420
9182
610
3086
7171
1665
5013
6514
8148
5321
2403
345
9599
3860
9676
2809
5347
1368
9230
9637
5668
2541
366
3006
4117
2535
5230
9205
1311
7525
2092
6956
5737
1666
4417
9195
2100
1273
2483
6400
7963
5141
6057
4751
5329
2242
75
7641
876
9792
4093
8128
9450
581
7777
3202
6673
2715
9071
735
7501
9725
9317
6926
9139
1213
9240
5242
639
6676
4377
4727
8748
3372
5952
7352
5751
2197
7496
3991
3700
7838
8789
2282
3210
4163
6698
7302
4196
2602
8101
3263
9765
2791
9561
6389
5011
5403
3831
4075
5944
2567
7225
4521
2486
855
6604
5546
2751
1992
4225
6231
5208
3658
8101
3172
2155
447
2175
7584
77
8345
6439
9096
2103
4861
9783
2513
1411
1501
2058
1867
1521
4808
8489
1993
5686
2369
1367
6433
722
3978
9100
5365
3240
5045
5554
8766
804
7990
8014
6487
4947
896
3126
1372
4956
5556
8288
4116
3303
1433
7321
7702
6161
3283
731
1974
4063
474
21
1378
4833
8139
4400
4685
1334
2541
1661
2078
9605
4529
7878
852
4515
6982
5562
2775
893
8001
7296
4037
1255
6631
4968
4451
3597
8872
2808
5709
7438
1416
4306
4000
6413
3883
7677
8861
1891
2353
5348
8268
29
922
8848
7072
1485
820
6684
5695
6667
6273
2457
6373
8296
4154
1435
9204
7693
8989
8595
1069
7291
6696
4070
5413
2044
9078
5964
4947
9215
5183
5393
1621
8620
114
9453
5864
4135
1011
5326
702
472
1199
6427
4287
4567
8004
4136
8805
3628
8155
9265
3000
6772
3755
6078
1237
4942
1338
2949
579
4256
8050
8049
2608
7441
645
7544
4154
396
5880
1022
1070
223
5626
3633
4430
7324
8355
8074
6608
8568
8730
6768
9139
2186
6766
5157
5952
3803
7852
1625
1709
4546
8270
4909
8485
7272
8535
7116
493
2451
9476
894
5203
550
1451
3332
3608
3074
7440
1471
5542
8269
7699
5097
1427
1473
8811
8212
7173
29
3841
2192
6796
3719
9509
580
7722
983
6224
4572
3325
2748
6063
3692
5041
8537
7627
8888
4373
5745
984
5492
5742
2950
6333
2015
1837
3491
5048
7554
4604
3799
5747
8403
6831
8736
6660
5877
5062
3135
6149
6417
8119
1180
3033
2046
3725
2940
4205
9973
9053
2860
2820
7986
8412
156
8797
8168
4891
2419
4136
9099
4623
8017
1388
9335
2341
1462
10
8235
7939
7417
5602
4940
2841
3524
7797
8160
1363
6532
3266
384
7652
4105
9424
583
5678
7490
762
3577
144
9334
8843
4192
2537
2904
5916
3747
3215
5479
1941
2925
5533
3180
9889
358
663
6947
7250
8620
1957
6897
159
1416
2611
2813
5250
5955
5824
7773
2813
6983
972
2391
7149
2979
2362
9010
5954
3296
196
6635
3032
9825
8039
348
2708
569
9304
4609
6558
3288
8878
3574
7289
3396
7005
2160
7366
1719
3431
7212
1891
8742
3179
9300
6976
4140
7871
1010
1555
9830
3887
7183
4274
1269
1006
7405
4894
9548
9981
7355
8040
8388
8031
1436
3585
4731
798
3751
7888
5624
2675
7072
4368
5428
9780
1149
2869
3257
4106
3541
8896
8341
3293
4044
6441
3225
1822
5817
1752
2792
2613
5583
8129
6973
309
7679
6212
1660
1676
3561
1254
6977
2490
3552
7724
5517
452
2306
8554
2979
3352
6341
3834
2890
6295
8439
3901
1138
384
1752
8632
5697
8517
87
8177
1062
7355
3773
7217
4678
343
6782
5006
583
3971
9872
4647
6111
834
3739
9383
7254
4882
2263
4076
5740
5969
8599
4994
61
7917
5334
1348
1397
9288
5009
2935
8845
8305
1048
6540
8362
9455
5472
5356
4098
6313
918
4164
7627
4210
8044
2240
9883
1925
5949
1789
9879
9388
4331
1497
9277
998
4868
4992
2872
1610
2897
1252
43
9312
9924
4607
4627
7091
8484
9199
1653
6448
4839
2245
7418
9915
6527
5471
5849
5427
8710
4668
2048
8884
5074
5927
529
5077
1890
344
8975
9929
9875
1202
3781
8623
7679
8422
3245
5475
3656
3602
4432
7027
606
9515
7199
668
6390
9461
1093
1929
2898
9246
8390
6405
7453
2480
2753
6588
6943
748
6831
1265
6091
9327
6577
31
659
4748
2621
3974
9148
6586
9369
5167
35
6308
9253
6481
4780
1078
3000
6747
2937
1979
409
7898
5706
3385
7390
9542
829
5017
5313
6230
9887
9793
9057
993
4762
8751
3696
1179
7799
2787
7666
5421
2923
9758
3752
9040
896
6848
3548
2052
8291
2399
7276
8190
1101
7507
9923
3052
5458
7966
9011
9753
8342
2282
2158
9471
7178
8590
9374
9912
6262
6854
2980
7273
8226
3300
2954
9010
1743
1735
7051
3675
2145
6058
9150
1434
6420
6602
1281
3449
1533
7550
3925
1127
8907
682
300
6124
5079
5269
3262
2529
6885
2466
5446
4920
3817
2060
8464
8318
5403
4967
5007
9321
4527
3565
1548
7447
2199
7234
8672
3281
799
993
3865
6055
6613
8821
2023
2731
8277
9142
5412
6888
771
3623
6038
4832
521
9256
8092
8760
1359
4754
1386
9942
55
8389
2819
1873
6042
2057
3621
1561
9838
6249
7238
6601
7636
9066
1409
607
614
2845
3210
469
9632
9025
4564
3028
1508
2105
4993
7601
5646
8120
6346
7843
5099
5518
9065
5037
2792
7438
1310
2925
417
6543
8693
6213
5638
5574
8038
9728
2666
4306
1455
2135
2815
919
9902
9475
9467
9684
613
3542
3651
8859
2409
6589
5516
2140
1887
2323
7825
7865
3642
2901
6846
4095
8344
4737
6877
2216
5518
2801
4126
8782
2447
1371
6711
6613
5924
6650
7083
499
2172
6904
9302
3120
4101
65
8454
9521
5632
5124
8925
732
9539
5335
8075
6789
3712
2664
8701
5425
4605
2755
2971
8852
9935
355
1591
5999
746
1810
895
28
8820
3461
3199
6485
1263
6504
9646
9917
8508
4685
946
7970
8732
3474
8460
6237
6637
5274
5975
6433
8322
6474
3646
2887
4912
1370
5673
6369
8538
2028
9853
8805
6168
3271
9268
9713
1379
8373
6015
659
1434
7341
5872
2841
4865
6653
5937
9509
2035
1343
3202
5359
6591
3394
446
7397
7221
195
6704
8029
2977
4892
2694
6222
8747
1208
4097
3623
3494
7991
8369
8198
5935
9050
1083
9233
6437
4520
101
1452
2384
9374
6779
6435
4246
7598
6953
8789
7860
267
3125
3892
2201
5547
5847
3431
5563
284
6840
7926
5490
9645
7294
5420
6007
9965
4916
9508
8976
8254
2414
3264
8715
4759
7301
178
2087
3187
7726
5297
9523
6910
1947
8099
3426
4183
2163
5738
7506
6489
1974
3540
3985
868
886
5590
4279
7945
9469
9986
3786
8436
3445
5456
4739
8986
6790
4128
8434
3025
2003
2186
3361
6887
7659
1862
6517
1417
9927
5751
9872
6704
4905
2868
4382
8227
702
3314
717
1010
5276
450
3818
9355
9836
2758
7736
3296
4549
8241
5249
4978
7706
5175
1074
1994
3744
4815
3564
338
9587
567
4985
5400
3750
9240
3845
3085
1674
7862
9440
465
9153
983
3859
8976
2581
8902
8482
2965
1043
6267
5878
6719
774
3347
5641
4134
2741
8973
4207
5864
8651
2493
7769
3732
9588
1052
3763
8141
2420
2873
4259
6918
379
4655
4083
9926
6674
8574
1302
8865
2098
7027
4763
8480
3539
5354
5039
4193
2620
126
3831
7022
9446
3055
167
7812
4504
4349
7471
3307
9707
362
2408
8126
6681
5383
9796
4937
4159
3879
541
5469
4060
272
8396
2893
1618
3563
1321
6120
9722
5267
5240
4887
7852
969
3589
9986
7787
2122
4586
8298
1391
135
5084
4530
3922
1820
1167
6215
8893
8064
2976
6787
4247
2047
8400
4697
3220
409
5029
2506
5997
3562
420
4501
4302
225
8456
5470
3258
5968
5217
4809
108
8789
9782
5691
3176
7911
4883
2508
7392
748
4416
4390
1262
2492
2943
8341
1394
4754
873
5349
9142
1249
4762
9602
2110
7570
7040
5660
6323
5754
3945
15
7027
2330
6114
4113
8125
5683
9392
5959
5098
3109
5082
4863
1966
3378
4772
7740
1751
1226
5418
8639
8850
4583
9109
3279
1475
2433
9583
3834
7052
2101
1996
8520
6431
6066
5513
5245
4326
906
7216
3260
4949
3957
9031
622
3227
3678
1308
7371
1316
6264
7361
3392
840
2437
3352
3282
3254
6699
9193
6556
5896
5300
420
5062
4966
7605
2444
9272
7093
2878
4692
5362
3186
6267
7169
6193
8207
1065
1375
8409
1319
7916
1095
7424
7586
2084
15
7815
2339
8572
8373
1457
2968
3802
5499
6735
88
6409
2110
845
6645
6705
9313
9255
3685
6274
5369
94
3605
8841
9694
3799
5090
297
1246
7892
9537
9466
668
1208
4524
9396
6762
3299
5843
5600
1790
2163
6295
6816
4815
918
3945
5743
3729
703
9968
1987
1460
7540
4722
2188
900
1773
7658
2914
4863
8362
5930
108
7735
2998
1499
6785
5038
2377
3660
4779
7639
9453
7515
9327
9502
6409
998
3093
2652
1201
7344
4442
4300
5957
4640
3095
9550
6833
8183
3723
8161
4918
9895
3923
297
3140
1084
2786
4731
9640
2611
2184
4897
8298
9655
8278
4053
7370
6984
1007
1435
4480
294
9889
4045
9225
8973
1248
8428
1003
7772
9788
3519
5163
686
9567
9293
9730
7185
1893
9138
3661
3641
4022
5882
2142
3861
2276
9082
8059
8181
6700
6787
5968
7621
9493
7657
1578
5057
6651
6348
2432
3023
5727
868
2655
6731
8513
6014
1117
4856
2749
4487
7021
5538
9320
5145
301
5440
5874
3655
5887
6397
8226
2178
3289
8914
613
4504
9629
7599
125
2437
8171
4550
8523
4599
4316
1598
9684
4402
3933
3888
1127
2382
3852
9308
5475
1643
4804
4688
7756
3579
9209
8914
2891
6786
3387
7968
1940
1153
599
450
9604
1961
8852
2814
62
4873
7243
665
892
3577
9912
1181
4442
4209
1476
1660
3876
6098
1304
1085
7867
2921
9417
4605
6801
3482
2503
1785
4085
5776
4126
1613
1529
4814
8726
2457
6763
5124
4269
3608
9777
9704
1300
9846
7760
6733
7006
4458
9601
5175
7579
5540
8441
2373
4106
5936
1265
8629
9994
1915
7382
6430
1716
171
9191
5214
7890
5117
6384
2973
9449
1343
4215
2319
7716
1933
136
9183
1088
4550
226
2852
9734
8181
5235
6161
167
1497
4839
7929
2604
4428
3621
2929
4683
4951
9550
1131
4630
9127
1502
450
6026
3991
3716
6220
1069
4265
3564
6935
8937
8803
6792
6381
3353
6571
7246
9295
2111
2600
4953
9915
9178
8014
6601
7147
3969
9602
6440
4011
9158
9208
9258
7165
7611
4717
8450
9077
6689
3166
2042
991
8313
3037
33
3937
7426
2953
8205
9752
9389
303
4112
7297
5704
3302
8577
8912
556
9023
8564
4311
4780
1706
9917
3109
5419
8311
6565
6353
6358
8363
6282
3304
3151
6652
6649
1192
3874
8527
4913
4441
211
8426
9863
8533
2052
1336
1986
2301
7951
810
4095
5244
3807
5043
2663
6466
1663
1945
4866
378
8897
8451
5800
1032
9077
9240
9248
7273
8167
6776
6955
3051
8667
882
9469
6583
123
1293
5848
1349
7052
5317
7985
6468
8488
9632
7186
8729
4101
2010
8557
742
7851
6738
8406
3190
4312
6185
746
9283
4434
9382
3610
7503
5469
6491
203
7360
5975
13
1986
1527
7074
9981
230
1717
7593
5238
7172
8286
3812
1134
2237
4180
818
7136
970
6890
4870
2007
1528
1145
7230
584
8339
8858
2849
7060
7298
4642
5335
2727
7925
477
2723
3104
4000
7969
347
6188
5382
6751
2217
8479
154
2071
9785
104
5195
5373
1730
4196
9640
4838
4302
5813
8997
9272
9963
6808
949
4213
8425
7275
6378
8325
544
1091
2147
4735
3128
3201
3428
3110
677
6178
1476
7731
7705
4729
654
5008
8342
5616
6108
2072
4239
7631
4510
742
3280
9931
9525
9151
148
3199
5421
573
2743
9155
3220
4776
249
8239
4855
1744
3938
1964
2506
77
408
6389
3795
6782
9772
2406
828
3290
8226
9779
5615
1175
4117
7700
6303
3746
7934
1518
7953
9543
4980
9784
6183
868
8603
6937
9992
8280
5998
6779
1546
7134
9632
5437
2815
6074
18
1066
5973
5596
9296
5376
1153
5051
6706
3726
7210
6557
9063
6460
9794
1877
9014
6030
6190
6267
3137
6080
4621
7651
5484
5092
8350
444
9087
2077
5239
5527
1721
2124
3614
6677
1832
5805
7227
2525
6672
7399
7195
4661
7203
3533
6765
8170
7743
3412
6216
603
9624
1772
6755
630
6170
4983
3692
7742
8149
5396
1385
3195
2046
7401
1271
2163
8162
5900
1327
6825
3355
3663
4550
6771
6716
9003
5580
2645
3856
7876
8047
4566
7166
9229
3893
4403
7825
5729
2009
5476
9168
4403
3406
4832
7161
8165
7303
6847
674
7804
9433
1805
4417
423
1227
6735
492
1851
2944
2388
5730
6133
6376
3724
5614
167
3201
2898
1051
3170
5521
6006
9664
3785
3032
3805
7030
1865
7271
8211
1905
7507
5597
7726
329
2120
8345
600
3218
5295
8494
75
9695
8257
4968
39
5654
4359
6017
1231
4595
1460
7105
1976
8978
7431
690
4276
5387
5850
8039
6711
6426
8038
3240
4964
3433
5229
678
1708
4155
9160
4349
4183
4603
4181
5830
3447
4790
7357
4228
3646
1193
669
95
463
9477
2766
63
8450
5864
7539
979
6033
7254
4230
8222
1160
1722
2781
453
7089
3728
5845
5246
7312
4760
3929
8223
7665
3165
9394
8258
3746
2672
3683
7173
2595
3677
1672
5306
4071
8195
1254
2667
2933
8630
5152
7294
9091
8849
7469
6470
9513
3554
832
4839
2979
8053
8232
9703
2284
1322
6932
1751
4364
1373
6176
1574
6561
9792
6333
4586
7176
3430
3474
9688
9639
1348
5119
2641
2777
1886
651
3352
2380
9901
9579
5281
9041
4650
6484
5387
6620
62
8289
9846
3865
4395
7686
3092
6441
8365
8514
5890
2279
778
3482
1486
4735
150
6768
9206
860
3336
3196
704
4226
1966
3596
4907
2805
3599
7138
6861
9039
2613
1910
1198
7053
8178
4955
3954
7636
5679
8534
371
6476
6338
8717
2679
3511
5642
7725
996
1719
3446
6877
907
6083
5564
4201
7818
7153
2129
5070
1390
21
8995
8086
2900
5678
9308
4343
9526
4403
2287
6455
8706
4897
7293
5010
3246
7416
6564
802
4078
9146
1369
7399
2792
9532
8557
4190
6630
4530
1915
2034
8720
6377
2063
744
7418
9322
7226
6235
6558
7464
9652
995
5596
3309
4789
2993
447
819
790
846
5103
5953
5874
4261
6730
8500
1862
7728
3099
7813
4819
8558
125
535
4680
1956
3585
75
9714
1754
4384
2792
6397
6173
7772
9583
5938
8068
2248
7709
1035
7757
4235
7425
3167
9809
3237
5898
6584
9641
795
1967
6853
8463
4644
893
7961
5820
3759
335
4328
9709
58
7694
4633
5719
5336
7633
3943
8997
3790
8191
1881
2887
7337
5882
8840
4890
3680
309
644
5246
984
8075
7146
4232
2524
5144
4423
7377
3469
8037
7914
6897
5486
7669
974
3081
8026
7885
419
1847
8385
7570
189
260
6653
3430
4142
9683
3400
7661
8235
6308
9679
4455
4180
5425
6285
1165
9955
1001
7141
7916
3233
8689
2686
1488
4436
6640
557
7838
4334
4567
3563
6496
570
1936
5775
9527
5089
8704
5062
2416
9694
1302
1957
870
2658
3119
7545
1557
2051
1087
262
2952
5805
3121
6199
6382
9090
2057
3883
1190
4465
3665
3262
9838
1096
9371
246
6100
6183
8233
3306
5064
1589
2098
2545
9188
6719
7566
3687
6146
3542
1029
2138
7235
2856
9864
1192
3768
511
7903
2564
2754
2855
140
479
6301
4351
7222
2461
7431
9281
2859
8107
5759
2664
9529
3666
3039
3426
2733
1704
7127
7095
7442
5137
6814
4069
1692
1664
9889
4709
7642
9455
6125
9880
7509
8001
3686
8247
1027
5248
9685
7087
3082
7805
3416
5906
8496
9733
7924
2933
9578
3784
721
2311
9352
8647
7317
2835
8752
5705
6494
616
9468
6821
9125
4310
7231
4143
7055
7653
8489
7932
744
3385
8370
4947
242
9229
648
2273
8364
907
4913
6667
2620
8317
2026
4591
126
7652
863
8231
8487
6335
2001
589
8119
687
2428
5406
4003
5505
308
4307
7314
3477
7287
1222
9987
6263
1042
2426
9279
8324
2714
3866
2943
7440
5761
6849
592
13
5878
5549
4406
6847
3881
1409
6306
1732
1942
4426
6012
5126
3926
4911
499
1334
8678
4025
8269
3584
9342
6090
9516
3001
8102
2802
6613
4704
2473
7421
7184
1588
8782
7524
6114
3330
6440
1040
5098
3126
7231
2044
6568
5472
5237
8503
5973
7757
4197
7945
9296
9945
7864
16
5560
4946
119
4254
7382
9742
3462
5905
1406
9938
7366
2712
968
8219
9878
7610
6770
1252
9847
4602
562
1820
3177
9061
4516
232
2254
7130
4979
4808
3072
5628
3049
8633
2961
9869
8615
7058
8721
548
7148
5212
8465
2774
4111
3196
1750
6394
7488
8371
3946
3824
8360
3583
148
8730
3626
5090
4080
2523
4206
4254
5887
6275
94
8914
4918
7980
6286
1078
4852
4495
1345
9074
648
6969
332
2242
4676
7392
1053
5635
8646
5208
8554
5639
9265
3301
949
9991
6869
5882
5443
7406
4248
4287
9863
5601
6681
2225
1401
7070
5608
5566
656
7211
6371
5959
702
2365
2838
8779
8785
7123
5680
3078
1963
9305
8175
3059
969
172
3861
4020
3480
4825
8778
7720
1368
4191
5773
3144
9618
3497
2025
7782
7894
1566
4536
4684
6477
31
48
4420
9038
5157
7444
8858
2734
9698
5627
6805
4081
4999
1010
6707
8593
4769
3903
9811
1967
5964
9114
9169
4137
8505
2532
3738
4349
7550
4104
6151
9851
1776
6271
3846
4860
1392
2693
5281
2818
8759
6691
7829
8542
6670
6808
9594
2735
7784
4892
5949
27
9768
9539
2172
7503
8348
6596
5199
1637
1657
5937
99
704
4931
1826
9794
9510
240
9609
3031
9090
2558
1328
4428
9952
140
7406
9342
3795
1361
9785
805
1083
7781
2722
4937
5200
4108
5661
7210
7134
1093
414
2688
4499
280
7458
9393
2197
3888
9174
9238
6389
3552
3348
3049
4116
3804
7530
7410
1579
1230
9717
5779
2189
6039
1310
4745
440
8947
6144
523
7177
5222
9309
1387
5471
5530
7944
3125
8694
9588
1768
4636
4425
7403
1735
7563
1467
8117
1446
4025
7779
9030
5338
8847
5608
9328
9800
5287
2698
808
8286
981
5041
4363
3697
9503
634
4255
2852
2622
8370
3187
4722
8754
2200
1726
5599
9092
2255
8495
8342
6539
1926
216
6537
3803
4719
3920
4748
2658
3649
5466
3368
5513
8920
1958
5341
3472
2624
5706
9497
9506
1395
2615
1674
4214
9172
4176
7930
2022
5085
9047
3991
7607
2241
7848
6724
5319
2815
3684
4496
9047
9568
4213
7307
8474
8646
5197
659
4883
5888
4944
8297
7524
5144
823
437
9571
6052
4350
4060
1982
9012
5575
8933
1521
9214
2388
4080
7182
439
1325
8849
9673
7599
6082
4012
1913
4376
8350
45
136
8680
5539
5990
2208
6010
9299
2501
9654
255
5626
6821
3558
737
6695
4255
8663
5306
7439
7179
420
2881
1388
8272
1951
6836
7583
7766
2569
6829
1114
8166
5890
4026
2854
1333
6270
4809
8493
5310
901
846
438
6088
5176
7991
9715
9743
9324
2320
5019
6914
8209
4090
5135
7440
3880
5366
5341
1727
543
5552
1137
7689
6444
3455
6154
8643
4177
2005
1831
3273
6179
5634
6828
8172
8464
7848
4153
1365
7947
6314
674
6082
2742
4828
4739
477
3822
3613
7948
3947
2704
8217
2120
3212
9540
6828
7729
7095
8515
4712
3614
6635
7404
737
7683
2387
6302
7665
9268
9603
3568
4038
5025
4806
549
8015
3200
798
1623
245
3399
5357
5531
4915
8236
6120
3751
867
8867
4386
5777
4388
613
2435
1910
3119
1304
5634
8485
9240
7897
4681
2529
4513
1716
7048
3156
6051
4754
5101
1230
7858
6246
4762
4319
9258
3539
3690
3460
8938
8847
765
7656
6137
9555
5221
3557
2943
3078
649
9854
3208
6838
7849
8922
9777
8154
613
7662
6279
6439
7498
5112
3428
5147
7187
482
7269
8958
7569
2420
530
649
77
527
2213
7735
9648
4698
2165
4501
3017
8549
9342
7011
4545
9018
1366
5205
2968
2651
6984
7882
3131
1463
551
3802
8943
3820
104
4236
3496
648
2018
4129
2086
4482
6323
4415
2766
1957
6774
5960
3761
6006
7690
3630
2885
2028
3727
1634
307
3673
8537
2738
1727
606
658
3542
852
516
4234
2577
350
2304
8624
8924
5106
7877
131
4859
5864
4442
6732
4162
8983
9521
6594
544
3095
3491
5404
3299
8914
3442
8404
1872
884
397
1093
5580
8319
2665
7953
5522
9336
1756
2403
2791
3292
4403
6558
486
6492
8523
1467
6980
7219
7429
1978
479
5565
4728
6591
8987
6220
3688
5707
1021
1371
6160
7130
8674
3865
9274
2703
5558
8245
7787
3629
8756
4879
7961
6901
7565
5591
5501
6972
3379
5176
9665
6795
2156
7915
5356
4267
5229
2929
4491
2488
3500
3496
9531
6515
8196
7560
1013
3694
1180
173
4749
1225
2664
8553
7694
6208
5204
990
3156
2726
4375
5436
3552
1875
6095
8498
3581
1967
3464
5987
1124
8118
4426
9406
9884
9233
3637
4663
8190
5683
7215
7476
7615
6157
4599
4931
1117
631
9921
7551
5631
4581
1793
9644
2103
4676
369
8435
1578
5978
272
592
4954
3460
8374
2710
6285
9022
953
3971
2175
2974
9042
2012
2268
5832
1029
9615
5114
4714
4679
4055
5321
4238
3034
5981
624
5482
3862
9109
1027
9342
4112
3987
1646
4902
1056
2331
2804
4125
9609
7767
4710
2091
8369
5103
5799
6957
4518
1160
6023
4858
5067
1263
1955
8698
8057
902
8493
2465
8977
6103
6191
7161
2823
2551
6347
8174
7572
9859
7511
2780
2834
2908
5326
2654
7795
4765
9370
5833
2000
6432
8764
7318
345
5316
344
9373
8268
5721
1941
1946
2014
9321
1290
5061
5256
8056
3605
4242
8279
2959
6770
4341
6665
4334
1196
9561
1316
6862
5186
3303
7553
81
1807
8065
9572
4709
2036
3955
3944
6369
7980
6738
7055
4288
791
4872
1340
3674
2996
7054
8544
5137
3085
4371
941
6479
4697
500
2137
6985
1123
8640
9734
3412
1516
7462
9307
4711
2277
7208
9833
595
3637
788
8814
5620
5381
8898
2564
5370
792
7739
8902
7540
324
3032
93
870
3072
2537
9725
2976
978
2727
2304
1745
2048
3297
2780
1648
894
5136
3315
839
5851
7011
2349
4192
1307
7305
3182
6598
913
1490
475
204
2473
2092
6932
9756
2476
5917
8288
2289
8409
6175
3156
716
9856
8846
4844
6369
4672
2891
8714
2933
625
1436
8353
3017
4919
6342
6770
2058
6404
7270
6235
4155
3515
4515
2664
8880
3351
6122
5867
2065
1388
3071
148
9332
290
7065
2620
1361
5310
3328
6002
1677
9458
6837
3385
7147
1423
1419
2864
8244
3798
6446
5673
8304
7762
3198
8714
8889
3516
4095
5787
4759
5585
1880
8538
3969
3882
1426
2935
8493
8272
9604
3719
3256
7280
701
3728
8257
2569
9199
941
3043
2232
1804
3370
5654
6444
7330
2944
7895
1526
6351
2354
3447
1761
4981
92
4939
9942
2673
29
6800
5906
2858
2913
4995
2305
480
4232
6418
3042
8397
1146
6958
5202
4548
2120
3851
4531
4179
6062
7643
1990
8053
211
552
1439
2561
136
691
3663
9347
638
3436
8636
6816
2402
6740
2330
9074
9570
5658
4418
5984
9255
4971
955
3916
1900
3676
958
8822
805
258
8602
4610
2275
1309
6786
1327
7376
1250
6773
9544
9566
5145
8729
9681
4632
351
6862
2877
765
3150
7093
5919
5354
2402
8038
5418
9603
4415
6893
283
1951
9547
4848
2131
7543
2929
6306
2973
7491
2154
6848
3001
9930
5756
2020
9427
8613
5640
4357
4254
1053
1396
5512
6483
9972
9384
8339
5502
8167
5090
3261
2262
8918
8918
5326
3447
9501
6765
9292
734
3250
3984
5339
5332
5191
8440
4749
1555
8859
9306
5156
5637
2969
8888
4215
2296
2263
9399
1265
5024
2646
1933
6430
8735
3853
3069
3973
6145
2222
4642
4888
4774
6380
6610
9874
2796
8350
7910
4145
8487
4843
3107
9703
6343
8267
1801
4128
2994
1613
6304
4356
9036
1441
5868
9551
5392
9993
3624
1432
7428
1803
808
192
9581
3932
585
3142
5305
4320
3213
1266
5659
8774
2995
7355
6701
2809
1341
7969
7901
280
1118
7781
2107
8662
8583
3475
1761
6930
9932
580
8842
7937
1324
5790
5892
2363
424
3791
60
8659
3860
4095
7649
4406
2597
7020
6268
8172
3944
6505
603
2258
2754
7375
321
2452
7970
7436
9931
8694
164
9540
3232
3300
1421
1048
9569
4941
163
4287
3540
6849
8441
3501
9403
4183
7990
3029
2412
2668
4674
6941
2867
8779
865
1011
3598
7461
6985
2162
3355
967
956
6950
9655
3204
3457
1374
6206
1735
3601
3202
4437
7615
5282
4215
1496
1251
8351
3894
7376
6562
957
7250
9153
4910
2240
5249
6479
480
7597
9293
4150
1069
4110
433
4219
3761
8781
702
5720
7157
9228
3025
3725
4461
4977
6961
7780
3467
9344
3338
7320
7140
6242
2585
9747
394
7159
8467
2911
5868
1935
371
242
5218
3718
2664
270
729
6065
1071
50
9722
3356
9598
6651
5868
7895
6203
3387
9868
7148
5858
3460
8091
4483
5281
200
8549
3786
2029
9503
532
5803
6659
5018
1273
6070
5589
4730
7713
6104
3402
1127
7145
5142
6924
4550
1096
725
5179
4688
3439
7951
3337
3903
4441
1516
7291
9442
2330
4926
9114
2221
5534
4826
6164
4202
6556
2129
9451
8708
1691
2531
9496
4734
4583
8020
4654
4876
1419
6939
9853
7600
2954
5831
4483
6676
5158
5985
4610
4323
2499
1515
7476
1736
5061
244
2983
9830
6848
167
5298
7736
2159
8771
837
7339
3155
1594
245
9644
8559
7137
8818
5093
4205
6060
7870
3821
3891
1188
3287
8580
3865
9861
9424
9902
533
2066
7862
8084
7388
79
3336
5424
4899
5908
2342
802
5751
3321
7919
2559
6835
2822
264
1104
6455
6840
1397
1773
3497
2891
6526
7374
6538
2109
731
5789
1344
9481
124
6364
4303
7834
1289
2489
6274
5456
8631
964
5145
1536
2559
3459
931
8256
5959
3666
1278
7109
1785
4530
197
9681
2905
5358
1910
7831
8482
8433
1970
4962
3876
8784
4471
5211
7418
9740
2354
7580
602
275
4191
6815
2339
6478
5433
7451
825
7247
2137
9342
6411
9300
6649
3016
8966
9551
4386
8322
234
5279
5721
8773
5690
6114
4833
581
5265
292
2065
5058
9442
5673
6881
1914
7475
2672
9973
1316
1629
4261
8491
7527
9087
4764
9473
5580
9086
9975
6896
6899
8516
5211
8520
6993
153
9627
9718
2090
8275
4579
5142
2508
5433
4166
8544
7900
3135
6079
7316
5131
6552
5232
8109
8608
9122
7387
3496
4434
2160
4917
4714
9234
320
1316
9660
7731
2315
177
6024
2245
1593
6676
8013
5435
1377
8854
4131
2725
5321
7354
3126
3416
6227
7484
1894
8479
7422
9522
6322
8517
7752
8968
1709
9569
2837
3502
6388
9326
6307
2885
5008
5584
5397
8224
7100
9453
3426
3779
9011
632
4689
3294
8774
1842
2886
1106
298
7601
2555
1242
2538
697
6690
6231
8922
4051
8995
6556
5666
844
8262
7577
1607
2788
2005
2239
2264
6276
943
8329
4705
5201
1653
29
3337
7429
3831
417
8555
2757
8505
9928
5956
2029
8001
9375
4181
23
5573
8690
3076
6384
7981
5623
3074
8560
6862
5260
5438
7847
6605
5168
3166
2837
4722
8047
4164
7161
4663
2555
2317
4481
2413
40
4868
132
3228
4178
2336
1793
1932
6524
6331
9873
5108
4478
3046
6820
7683
5079
5099
4299
7561
4505
4551
2467
1276
6509
8326
5956
2896
8710
8340
5179
7389
5455
4031
6556
3912
6909
8009
3704
2355
8278
9221
8873
3009
5797
4440
1463
9089
3688
6067
8674
5595
8317
9520
2022
695
3864
3834
6357
5769
8750
712
7692
3020
2757
7787
5848
25
9572
8761
3838
5806
4896
8666
2386
8431
7972
7897
2670
7452
9891
4291
9350
1626
8653
4244
9639
1620
6419
4516
2356
8937
1307
308
508
960
1659
8504
8409
2322
1672
4889
5917
3749
3374
3907
6892
6376
6493
3884
6769
4903
3902
57
3430
4293
6935
5587
5157
6094
2047
7718
6745
812
4996
7810
5201
650
8512
452
1079
1102
3810
2241
3173
2611
9868
3694
3938
6625
4227
2811
2721
5166
1897
9964
1534
5790
1889
7780
306
7047
3728
1125
1182
2301
6490
4694
349
6382
2342
7871
5104
7255
9051
8035
4071
3534
31
4763
8674
1727
8981
8313
4400
4119
7530
9353
8079
380
9308
9279
2143
9337
8890
7100
3029
6857
218
1855
16
550
6136
8816
8465
5989
6569
7830
7106
3315
8689
6148
798
8502
5887
5511
4546
8290
8367
177
454
6727
3527
7110
8972
5155
8121
9706
4420
6213
4481
7171
8554
4450
8401
2165
3884
9628
583
4333
398
1614
8981
7522
4246
5451
9400
9389
7698
7181
7569
964
9023
2460
8530
3636
9263
8670
7715
7703
2971
6932
6534
8338
3314
2082
4036
6643
4674
6134
1931
1739
9988
8801
1660
8214
7641
5914
464
620
9111
3713
5265
6233
6982
2841
5162
9181
2706
8586
6957
5337
4824
9484
3666
3488
4525
1378
3863
6895
2320
9597
6616
7443
2469
2266
4195
9288
8503
1949
3177
365
5943
5554
3542
7352
1910
4501
4253
1179
9984
7355
5382
326
5954
7473
8275
1929
6492
9693
5387
6509
1739
1244
3293
6300
906
4633
7155
5162
9014
4226
576
4848
560
7118
7354
3739
2508
2149
5396
1874
6673
8591
713
182
6547
3854
9842
1298
9843
2122
9940
2162
1178
6423
6485
1905
1648
8701
5320
5840
416
7594
4569
7651
2255
1403
1339
6670
162
1662
1389
1667
308
9514
2588
2307
6115
5677
4964
4708
8391
8244
2100
7082
4703
9072
6029
6983
5640
3130
9442
392
9751
6928
7331
6706
4144
3055
7154
7337
5335
5160
4293
9325
6722
7524
761
6633
9407
6143
2638
9070
9304
1458
6680
7706
4912
4701
1686
4219
5432
3173
132
2238
9684
2194
5698
5725
5226
1652
9063
8469
8312
9315
598
2663
1799
4055
725
4793
396
4613
4576
8588
3879
6182
3742
5758
8290
6356
675
9854
1650
8654
1064
9666
2228
5015
510
4796
8775
8577
4162
5174
6384
3052
7548
6657
1087
4070
4983
8510
6528
7768
5134
4702
2467
5641
4756
1367
4954
1100
2989
2551
3835
2379
6913
7613
8982
6419
5070
2026
303
432
709
9584
3823
9205
2409
8434
5202
7929
5574
6901
7735
9157
137
1170
8772
4337
1235
66
9576
2433
8935
4032
1726
9239
9130
5845
7707
8837
359
5898
1109
9168
807
3230
1497
7287
7446
6918
3937
937
1672
2164
4099
7720
843
4845
7052
1852
2838
8672
858
2937
6000
8609
9614
6066
5502
671
5236
5037
1105
3009
1840
2537
475
7907
2700
5453
9677
3478
566
6018
5588
5251
9027
5327
8346
5850
735
281
3425
186
3250
4847
519
1314
2278
7449
5242
5296
5536
3799
1257
8143
871
6443
8398
870
3927
3161
7162
5063
5594
4482
8534
3550
2839
4882
7477
6468
6395
6666
3880
97
311
4555
9866
8026
1400
6144
2517
6391
8504
9944
4757
1706
8647
1853
9671
642
1548
2962
1649
1123
5204
9535
147
8210
4014
7079
9908
2264
9249
6852
2338
8407
8388
7229
7135
8898
9368
5719
1402
459
7004
8253
1643
2240
5925
8692
7513
4300
5199
7316
7349
8325
5937
8327
2922
2743
7126
7916
1887
1142
9827
9380
3784
1997
6310
2502
2071
8524
5229
9157
4258
5889
5569
5875
9065
9016
1908
5267
3026
433
9540
4183
2364
6623
1636
3884
5788
8225
6492
417
9850
9239
6653
1331
7883
704
3136
5230
3227
4774
7930
3876
2513
401
2435
1796
3361
3923
5809
365
4419
4642
6045
2795
3606
6739
3650
5356
8837
4572
6304
4700
6896
1491
6284
5819
2626
1993
262
3751
7205
4660
2268
9472
8756
1412
5396
6889
1667
3886
6165
4490
9777
3163
8512
3472
7380
4887
1066
275
7307
6127
5154
5189
7554
6708
6558
9317
8308
812
9622
1206
4825
7443
2984
7924
3563
9479
8866
3910
1426
2143
691
2633
2897
4723
6251
9395
9048
9182
9675
115
6575
9681
9853
482
6776
9447
5202
9079
1981
5526
7706
6705
2319
7879
8040
304
9604
8327
3402
7707
467
7148
633
7120
8752
7478
8587
6604
5981
8906
1899
6720
9854
5438
9326
6800
7561
4395
5652
2329
590
8978
9134
617
9970
8345
6905
4252
4237
3381
171
8153
9970
2511
285
4424
7370
3037
254
4006
9124
8044
82
9858
5155
1660
9738
9389
4595
5980
4065
8794
1519
501
6569
8971
4625
8851
1127
3651
3412
3838
2314
3396
8595
1117
9819
9425
4164
8936
2624
9526
3353
6062
9792
1127
6368
8550
7002
4943
3291
2524
1388
9220
9945
2942
3718
9123
5363
9153
7091
5002
7572
5427
4736
1812
7688
7334
3621
794
1527
7501
878
2683
9789
2322
2990
7976
1864
6746
8496
696
3505
9859
9410
5249
3402
830
707
4055
1656
5714
6717
3885
1111
7825
1482
2701
1812
8408
3594
8230
9654
7927
5411
4538
9443
8331
5832
5746
5030
7919
1759
3291
3558
7226
8200
2117
1492
5853
2559
7140
942
1809
2620
508
4116
6553
3045
3263
6224
6197
9679
8206
4391
1278
4718
7796
5228
6260
444
6035
6114
2464
3766
4286
5659
3113
4984
235
9046
121
3586
2309
5076
390
8864
8044
9732
2249
8169
3269
4113
8805
4671
5512
4197
6244
1752
7714
3077
4476
7525
2434
7881
3482
2418
1732
8552
7017
3011
9601
4629
5756
7173
9285
7267
2139
9953
5016
2789
5712
7714
1911
8244
3060
3691
8260
7568
1661
6988
3106
9987
3822
6562
8472
6126
8588
9046
7068
17
1070
9754
1801
3468
43
9468
6865
2228
8535
1613
6730
4538
3032
7975
1082
5117
3053
9406
4091
4245
4562
9953
8922
5548
6740
3309
6406
3841
3625
5219
7442
6874
59
1780
153
4814
3365
9920
8040
3021
2130
4087
6353
7784
7779
2256
2344
420
7617
5066
9003
4653
1143
7464
3552
9739
8953
3838
7743
7336
5010
1271
6847
9551
4200
4406
8916
2960
8708
6985
2156
8830
20
2745
3287
7949
6973
1141
3216
2673
433
4354
8784
2232
4616
8536
453
8352
5740
6865
291
673
9138
9303
9891
5427
1464
3671
3532
1530
4018
5472
248
8562
6273
3431
4359
2474
8890
1500
1323
2620
3672
8372
8831
6475
4014
8091
1535
1572
8699
7517
5868
3751
6972
7941
9435
9523
4042
8594
5934
6429
9791
9637
4508
4898
6037
3417
7002
2890
2781
2828
358
9444
7402
8853
5534
4217
7741
4770
283
9673
856
8340
6136
783
5739
4460
7813
4979
9290
4238
6096
1068
3433
7707
1981
9519
8602
2611
1814
5113
1715
3135
3583
4736
33
5438
1701
1392
6600
8054
3001
6032
5011
1801
4848
1486
5944
9275
7921
7441
5968
4662
1369
5172
8932
7587
1659
8803
3894
563
3483
8421
1472
558
4101
9885
7130
8590
6984
576
6239
2437
8064
7282
6801
9364
5510
528
4226
5933
3923
9020
2491
1765
4307
2923
4296
8548
2537
5683
1739
5481
6736
1532
9786
9409
921
7368
6308
8374
1161
4759
5807
4985
2752
3518
4727
9582
9149
4703
6087
7553
3957
4028
6383
4376
6484
7806
5978
1694
1535
8322
2301
3800
3509
1493
1968
1397
8283
1653
8097
907
8015
5171
3329
2159
8832
3624
1729
1912
6541
6800
8533
9930
3095
4048
482
8310
5676
8573
2588
2649
834
1045
5086
7437
7639
961
5535
1417
8826
1278
587
8306
8032
2549
9828
5650
3418
6552
6233
3303
8112
5979
3365
4219
4974
9543
2577
6761
3152
7275
100
7156
8772
5802
1407
7074
5321
7830
5263
5016
1526
5729
6164
3670
462
1372
7547
7891
8877
3464
7401
9358
3597
6343
7378
5346
6197
7331
1763
7156
4425
9159
8268
2003
7832
1358
7342
4622
7766
1179
103
3638
6216
8107
8385
72
8406
4443
4845
5038
5910
7243
4903
7510
3716
6580
7579
8319
7474
757
1848
3875
5946
4313
9452
4425
2926
8424
325
6877
7389
7171
1115
330
344
9861
5299
2120
4156
748
4689
644
340
6419
6963
9094
9456
7134
7712
1793
7790
3839
6164
8621
7113
5677
918
4453
2574
5523
5545
9110
792
706
382
4610
9238
2199
5097
3227
3465
5565
1300
7306
6477
9175
2440
8474
7945
475
4645
2763
8509
4312
315
7679
1421
8544
7482
958
7851
4020
1568
9060
2846
2048
2126
9301
1541
9887
8214
6126
8567
2240
3944
8536
8345
6162
6902
6256
2368
6027
8394
1335
3080
5934
5513
6176
9973
6979
753
8551
7031
6601
8737
941
6609
9310
2325
2479
280
2401
3236
5157
5001
5066
6374
3042
7097
5303
1676
8074
3815
4857
513
2581
8780
8717
3130
9461
2614
2540
7758
7808
1895
9440
5280
5332
9239
8261
559
3591
836
5249
1485
9248
3765
375
1598
2682
2525
790
5068
1381
4603
3395
692
7081
1975
5587
1385
7089
9544
8071
6679
2441
1625
3561
7347
362
9520
7324
3229
9248
5494
9777
947
781
8523
7953
2222
5535
3476
5264
9406
7775
8203
7879
949
3105
5858
5667
8810
7831
1559
3574
4373
2975
3365
868
8731
5833
1864
4258
3800
3032
3286
5655
366
6560
7520
6904
487
3505
9906
8150
5445
9173
9650
1597
5173
2631
8291
5668
5297
4360
2018
3409
4712
3139
6724
3598
9327
6063
6694
638
6860
4070
6119
8959
1477
1910
4791
1624
3859
8625
8879
7705
1615
6957
3952
6089
7016
2010
1107
9985
6933
3680
3000
4760
1811
9067
3960
1746
7352
9751
3833
4975
9841
6738
3693
1451
2946
3234
2645
6102
990
4725
8902
5640
531
4613
4841
4091
3495
4399
9819
6034
4784
9969
2424
5392
7922
5610
4453
3122
6429
1790
4475
7500
4140
7679
2219
7054
3945
9830
879
8219
6941
9005
2464
3792
3089
5294
7713
6268
2222
3572
4647
1068
1800
4722
6390
5180
5621
7538
6128
24
3397
1037
5499
3064
90
2790
4728
1137
1870
5437
4646
8157
8910
9061
4895
2126
6200
8473
6074
2450
7858
7696
6854
7009
5599
9042
4519
8082
742
1590
558
5399
615
6776
8300
3629
2399
2629
8724
107
1817
6853
2610
3984
5281
1032
9855
5388
1882
281
334
1080
7444
4116
3121
6300
5227
2323
2458
6040
9911
3175
3420
9812
7053
8944
4450
4303
5794
3562
9191
7112
7390
6670
1579
9326
9209
3649
7140
625
7129
5827
2525
3452
1810
3879
1657
278
8687
1397
774
5262
9994
9463
2450
3289
3002
9280
3033
9207
2258
4159
5829
4750
1730
9223
2658
1489
5069
9903
6447
2207
8963
9693
1216
6011
8060
4963
8580
9866
9520
3253
9957
6040
2830
9903
9354
9549
8824
3263
1948
6994
2436
9224
1397
4845
5704
8400
1197
1371
8483
4757
9902
2290
5520
9323
3699
6666
3364
8887
68
5071
3851
9937
1203
524
8470
7845
2232
9511
6991
7371
5987
9740
9336
374
7194
3153
1684
5362
9098
7247
5415
2701
8907
8895
9934
9392
2653
8900
7998
8279
7288
9551
2862
8897
9579
4825
7988
7682
5580
5271
7806
3516
3637
6697
2624
6933
1775
7923
6103
8990
214
8425
1766
7286
9474
7915
5705
9959
6584
7878
1239
9376
443
1990
2430
2377
1488
8923
6826
5423
5019
4667
368
5454
2879
2646
7375
4179
8559
9385
6120
4005
8758
7203
3227
602
8233
4472
177
2839
2243
8434
2560
3574
5838
8898
6590
8909
4496
3024
8497
6478
3320
9273
6754
5442
4877
1486
4632
1569
1035
473
51
6348
1846
3472
8731
3118
1377
3090
7822
9493
37
1198
2976
581
6021
925
6018
3266
437
8404
6250
5542
489
9158
7804
2834
537
9889
5274
2286
8826
5282
3891
5470
2356
9247
3220
4219
9631
9448
7599
5163
4443
7750
5704
4968
5865
3335
2962
5563
3276
7196
2017
848
2617
1470
9763
6739
932
8215
6931
377
9265
6365
6519
3296
685
3998
9427
9538
6740
5185
723
8312
2438
8721
908
869
8125
3039
122
9597
2516
2826
6035
3092
8807
3412
7363
5894
638
2024
9749
5654
2285
803
8653
3240
4408
9200
1217
7825
8766
1031
6019
8644
8913
2567
5828
9419
7240
150
1540
7171
5453
3723
5625
8482
8731
6727
6612
5667
9611
1249
3345
7923
9962
5217
9736
481
8919
8476
4168
6283
1625
9825
2436
8925
720
1296
8711
4322
1671
818
6118
3100
2585
7467
5585
1691
132
2435
9890
9310
273
9881
468
8611
527
8752
308
4699
3377
4566
3763
502
4151
6111
1112
3036
3328
5948
2744
3335
6933
3543
8004
7078
4668
3532
9228
6022
6711
7804
517
25
5559
8260
9532
8287
6903
7401
6480
8055
4991
4174
5194
3430
5868
9555
5614
1957
1941
4204
9422
1077
6891
2769
2763
6204
4504
6938
1319
9631
622
6077
1513
7199
5839
4199
4367
8484
6235
9955
2235
574
8828
8827
929
6723
5271
5088
9174
4730
8799
5420
5716
1188
2725
38
9578
4183
3820
8974
2193
6821
8897
5450
5921
6533
2338
4756
2706
2729
6809
1352
7477
157
3167
3090
3086
9565
2657
4969
8772
2061
3618
3770
1514
519
4947
727
2433
2507
9123
6241
4401
8092
3095
5061
4840
650
7517
6506
8049
5522
911
3002
3861
1359
8875
6875
2205
5199
8245
5973
3173
4068
9000
7236
9250
176
2583
9239
6875
255
8135
3941
8583
9146
6552
6496
9558
8661
8855
4034
1930
2857
7983
9510
1652
3113
9037
5374
8381
4658
2645
4309
5729
5614
4030
3180
9119
640
8284
5733
3360
8012
6253
4108
7175
6314
2904
5817
2406
3041
2098
5108
7323
2906
9495
2327
7110
190
3399
169
9560
9024
1535
3344
2595
5063
8741
2419
6637
6455
2157
8544
8167
8196
7980
8277
9534
5589
4539
6455
2774
9088
574
7539
4932
6687
3744
5201
6596
8043
2759
3085
7575
9592
5649
6864
4265
1794
5163
2853
4848
220
3403
2651
4952
4438
760
618
5564
5534
5631
4548
2481
1602
3427
7884
2800
6146
9764
6830
6781
2722
9821
4679
8135
9856
4117
2713
2083
4247
7849
8417
418
4317
8699
4547
2998
7558
3624
3751
7325
3067
1370
9218
9835
3792
5743
9718
3453
3839
1715
6599
2278
1946
1751
7866
2159
3039
4870
4070
7255
586
9718
9403
6585
7716
2537
1997
7701
1131
369
1024
2787
3477
8537
9993
9265
8667
2486
3790
3858
502
3062
5402
4862
439
3354
2819
9035
6726
9162
9034
790
8030
2621
3093
7329
7923
9222
2826
7214
1572
9331
7975
2323
1160
1694
1416
1489
2172
6613
7466
7335
398
8286
2209
5300
5121
5146
6570
7139
4246
7130
7745
6657
3774
1865
923
4809
1163
2572
9527
9497
4924
6504
6559
283
2320
9539
3239
8479
1203
8832
3207
5926
6680
1129
5143
434
3806
5821
2346
2979
3012
2735
8004
3442
4203
5442
3346
4421
2358
8864
5831
7181
3934
3834
4241
6700
3774
8359
7259
3416
6798
4858
8098
7875
6667
6891
3296
8933
5495
1939
1122
594
586
2773
9322
8648
651
5343
265
3820
9814
7042
4396
9477
8142
1481
1720
2815
8598
8643
439
6885
2052
632
9490
488
772
9444
5557
3174
1369
9092
7984
35
4590
6150
3555
1080
6511
7682
1234
766
9717
6558
7262
3169
327
9042
6181
8702
8288
7166
8039
2132
9055
871
5143
8516
584
6642
9972
6041
7858
1262
9308
9378
4576
1816
5417
6523
3398
214
1898
4925
1807
1163
5400
1487
7282
2695
9482
6245
7528
1059
8549
2466
3457
3294
992
4707
7126
6662
8413
3527
9525
9496
2417
1548
6481
6770
2312
3923
1076
848
8528
9168
3044
2403
8067
944
4125
3746
6741
4858
4830
640
9741
3976
7705
2930
5950
9126
5618
2194
7982
3778
2976
3484
5823
838
7692
8307
6569
2158
4878
3623
749
1522
4262
5991
4620
4928
7757
7064
2058
9190
2200
5586
1333
86
5229
8819
9161
8108
6360
3747
8383
8829
108
176
3449
2789
3498
3515
4356
918
328
8394
4761
9616
6146
6420
3709
9004
907
336
9825
9821
187
7404
119
2393
587
1936
4498
4007
3280
9292
1465
2878
6490
1729
2301
3371
4043
3998
6375
9701
9025
1622
6659
7993
8811
3641
9265
9400
3842
7198
5328
6775
2868
1794
373
3239
5899
2685
9846
9394
5189
6615
2991
9623
7285
5196
4434
2750
7635
839
573
7202
8422
8727
3739
3618
9023
2657
7726
5621
1441
1990
6568
7955
1710
9899
5977
3081
8640
8878
1682
9486
265
9005
8213
5475
6354
2926
2230
4828
1444
8861
9633
2747
8316
9663
2825
6505
8590
8612
7844
8571
9306
5512
3749
7830
3385
2187
9434
8742
4373
843
1543
588
9913
978
506
3232
5040
9155
3892
7635
9750
5080
4504
8756
129
1949
4974
3884
5601
6190
1989
1453
4452
9007
828
837
8181
550
3535
394
1734
6245
9837
8050
1182
5563
9916
3894
9326
8575
9090
1953
806
5837
9211
1509
2257
3168
4881
2397
1784
3140
4845
126
3431
8484
6001
1664
6941
6082
418
1756
1433
9470
1315
5033
585
8888
7314
7559
5485
3833
1199
9977
5396
4940
9091
1476
3982
5524
6479
7231
1863
3042
270
4204
7959
1285
1163
7830
3912
6039
4572
7721
5754
779
3122
9105
4307
9945
2395
9240
7298
3303
3637
6276
5873
1859
7570
5894
2838
7061
2262
4183
6453
3845
9126
54
2161
514
6214
6225
158
7526
8279
2565
4691
9982
3630
2473
6149
5807
1832
7053
1486
8890
1263
1699
1522
2877
1574
254
1191
2547
7551
8385
2299
6244
2009
2392
8896
9302
6437
9352
9585
6341
4139
1332
3764
645
878
5502
9661
8752
5639
5054
6718
5940
3128
4147
9323
2628
1919
6874
40
7663
5394
9397
3993
3150
1398
691
6816
5048
798
802
688
6325
9424
5857
6863
7041
2060
8977
8999
8944
3498
2682
4323
1068
6164
873
5721
1090
1221
3875
2277
4358
3899
5051
2929
9878
9649
4388
7743
5520
5362
1901
3049
5055
9172
2294
2607
7252
1623
7036
9041
2006
2024
3510
831
1786
1502
3912
4273
7319
2921
862
4263
1403
9416
9577
5639
4652
8753
6123
8257
7639
8405
9246
4081
515
1480
5904
7408
8472
2093
1451
3863
4753
1001
2745
4347
6649
9643
7688
6917
151
7526
7192
6128
6517
637
2667
8644
1311
3307
2477
6239
8268
1201
3628
1983
3245
2491
5243
8104
7644
6282
7484
5049
5367
5682
6867
1491
6116
4951
2853
7094
4223
3863
6348
6506
5784
7257
2257
227
2860
6608
6033
5732
8544
2955
5669
6012
7540
4883
3692
4222
8381
9012
8149
1587
5219
6040
9986
314
1600
9380
8874
1942
8458
2456
5915
7753
3137
8481
3589
8158
2767
9030
595
4282
7691
7505
8348
8367
866
3696
293
8741
2767
951
215
9772
7204
3830
815
4215
945
8640
7340
3184
1073
5882
5991
2447
2530
2832
2941
4766
2062
3679
2466
5804
9400
8072
9380
1727
7462
7779
9497
8523
8783
5715
7647
8675
1754
6942
1197
5771
326
8438
8671
5627
4172
5253
166
7998
9630
2667
9154
8073
2740
7895
2805
9510
5408
9294
972
5874
9706
5290
586
6314
1590
6622
2281
5998
3931
7030
4144
7176
6151
4174
4139
7389
5839
1135
4032
7794
492
7201
1044
3147
8472
8841
4964
8706
3029
786
2993
7983
1289
7562
4472
4300
9412
3468
2158
9155
1379
875
5369
7805
4767
7261
8894
6227
8368
3303
8893
1362
8880
2330
27
806
7783
6623
2494
5290
8491
3491
6914
102
4236
7081
5841
4779
8293
9742
7259
7431
9700
3056
7019
5305
2628
8543
2048
7189
128
7476
4240
6402
6971
1655
8183
4572
1402
9616
4293
8735
7616
2326
7936
4391
132
1869
7618
4920
5846
9687
2654
2720
5789
845
5070
6101
631
8688
7756
2885
9035
3007
7324
2881
3614
2325
70
3741
6211
1373
8330
1567
4472
1648
3950
6276
4670
3468
8690
5530
9054
3841
3673
8164
5141
9326
307
1113
6985
8358
9714
4739
6561
4388
433
1502
7634
5398
1128
2051
4761
2974
3189
4167
3232
8250
528
3564
7516
9178
4084
8681
6474
5319
3804
7060
4279
6502
2853
7901
8286
4104
2303
3660
7513
5061
5214
3115
387
4754
5809
7132
5981
3410
1561
6887
7393
2732
6514
1126
3583
4742
4072
5990
3390
6121
1478
2862
735
6327
2116
6591
9091
4755
4610
2778
3486
8855
1395
3550
2089
9519
2057
1294
7949
908
5182
2811
13
5410
1082
4324
3225
9601
98
4507
6169
2062
4862
119
8277
7775
6212
937
7104
3872
7338
9353
656
3041
1090
8384
8724
3510
407
4569
370
2342
4509
8265
6258
137
8488
3372
3199
5139
8611
7008
1404
3748
8203
2151
4832
1946
3033
7004
6597
2457
221
7919
3918
8052
951
4426
5568
6350
1612
155
3272
5193
786
2928
4072
361
8292
1264
471
528
6974
3612
3962
563
4231
2236
2713
5527
3491
2916
3043
2916
4616
505
8234
7934
9128
7424
2265
8908
4149
352
5371
1237
1579
9112
7983
1315
3521
9152
2498
1593
3812
2261
4476
1344
9579
1213
5679
9028
3427
4985
3484
9898
6758
8323
7968
5139
1958
8548
4660
8582
1613
7191
701
9517
9670
9219
7326
8212
4201
9449
5203
8858
6397
7652
4639
73
9672
4000
9546
846
5984
7325
9159
4375
349
4462
3518
4796
2393
1346
6938
6211
3360
2114
7849
8827
3480
1790
2121
1242
5939
9450
9579
8050
9198
9423
6597
9589
7259
9736
5400
9090
2944
9691
7502
3176
4738
4479
2636
8101
2193
4833
5758
6887
2623
4000
8663
9759
5477
62
3450
9102
1652
6219
7063
967
9920
6382
861
6110
9351
7607
7771
9620
3980
8036
588
4361
315
6136
3477
4225
578
8228
3513
1079
2323
5878
4622
738
1562
5274
8222
9902
315
2847
6543
5279
729
2551
5356
2053
8384
6895
5478
1053
6122
2130
3061
2152
7526
1409
4120
2915
1520
8607
3993
5237
1824
1041
1078
6706
5267
4941
3747
1446
7324
5643
4231
6503
2031
5927
4635
8700
6459
7778
6749
3172
5630
1286
3595
6981
8616
9028
2297
203
1686
121
8193
8239
4631
814
5903
2322
95
7256
602
2604
7321
9556
8153
9905
750
4508
7398
6991
4628
769
9748
3782
7655
39
3586
9253
3490
241
2724
5621
7853
8129
7563
6557
6008
389
7616
6700
5220
9227
6490
4972
91
6139
9686
978
8238
8666
8278
2207
8184
5120
5725
5790
9911
104
9356
3903
5637
9701
9873
3380
3467
5992
8146
2436
1817
2938
7050
2564
1203
2624
4372
9769
5963
9194
4308
1065
124
2232
1025
8746
4313
6598
4138
5925
6011
8947
927
9257
6931
277
3963
6031
2732
705
6089
5364
2769
3282
7647
9803
2680
2750
6114
9924
3746
6789
7030
1977
8906
8581
98
2081
9029
7588
3277
3313
324
4796
835
6796
6958
3587
4903
8225
3151
8825
3634
2002
7449
415
9704
2180
3272
2206
8567
4069
5575
4206
8600
580
1613
937
9174
5305
7088
8691
8305
237
9350
2957
980
1068
9429
6022
2202
6650
7658
9759
2399
4824
5805
7682
9411
2601
9544
2441
3454
8302
2576
4598
2389
9340
7572
7637
2643
697
687
1758
2616
4977
4345
9804
1354
1921
8324
3723
3377
2571
1770
1292
9277
8741
1373
4584
1762
7249
6131
1564
6489
6767
9583
6443
3541
8083
3012
2474
1371
2358
9364
5604
4250
8752
8739
227
4721
7243
9331
5078
1807
37
4703
1688
5603
8638
2688
3734
2639
2859
8350
8156
4048
273
9242
5861
1472
9719
859
8160
6766
5014
6762
6164
2736
7536
4406
8665
7808
8075
8363
6147
7155
2177
9161
7739
1613
5345
8594
8757
6383
8477
9013
5603
6439
913
1631
4156
2456
2858
393
3014
4516
6947
9022
6637
6505
177
2156
9975
1185
4332
3507
1177
3828
2684
5809
8001
6820
3520
6246
5696
36
9445
1059
7741
376
5049
9976
5578
2221
7043
5317
1554
8513
751
1559
6973
8918
7301
4985
2587
6981
5628
7227
5315
8619
1222
4236
8510
5942
357
7194
2606
8683
1438
2333
5737
2270
6133
2170
9244
4501
2464
7778
6552
5607
1562
491
7001
2954
6272
6067
8047
7424
252
1947
652
3464
6531
4686
5545
8444
5075
3621
991
2226
1161
8658
7478
1237
2127
6320
6699
7569
3356
2144
3835
1069
6348
5890
1443
9916
9771
524
8317
8547
5548
1833
8918
588
3582
4883
8081
9730
1498
3404
7500
9223
6602
5189
9313
8001
1434
2925
6136
9560
5959
1718
4877
6690
2528
9170
6549
4103
2503
3438
7355
6704
499
7071
6877
2587
3207
7280
1678
5119
3838
9364
1095
7604
3740
1668
2767
6096
4447
4460
563
3469
2770
3439
7933
8951
3899
2035
9970
3854
9055
5837
8111
3350
7457
2444
2044
7247
9986
9286
6264
3872
8052
8867
4669
4674
6214
9532
5735
7885
5217
1882
6997
6645
2665
6793
1110
1179
319
9759
2845
7071
9635
7316
4142
4425
4901
3529
5906
9719
8193
485
6209
7833
3457
8911
8982
6442
8067
2805
5160
5528
8306
2958
6562
9429
4788
2358
2969
2550
3939
341
381
7687
1242
5032
2566
4673
5393
8390
5725
7466
1030
7768
5438
7353
7769
2737
2819
4548
5257
732
7907
5673
9631
703
3608
647
7165
7509
8368
5055
9241
595
8543
6852
6704
6997
4735
2760
537
7734
932
7703
724
5588
7102
9321
2101
5619
327
5904
4034
3453
6106
9180
5601
5840
819
2077
1551
5076
3804
4855
8057
7554
5262
2986
853
6108
5447
1246
1790
724
3409
9240
1867
3664
1902
9113
983
7263
8482
4895
964
7979
7810
6761
445
1011
2464
9059
6625
828
455
1376
350
3100
1454
9526
96
8732
6690
800
6266
3975
5844
7131
129
5713
6403
8302
2440
5483
7915
903
6663
8829
5963
790
7842
6044
6753
3286
2972
6333
5222
5970
4502
1232
5803
1582
2953
262
7977
3915
5179
9334
268
2783
8486
779
2002
4186
1478
2829
3579
339
5426
6171
3477
5367
5636
7123
9118
4198
6830
9675
6925
5051
8575
420
4246
9014
6205
921
9152
5012
9799
5200
6097
2670
1419
2080
1441
166
3313
7312
9662
7274
655
4300
6560
3124
7822
5750
8909
9954
4789
9512
777
7994
4855
2426
1289
7519
6880
5051
4144
6673
7706
1089
6526
6910
8854
1402
5738
4026
9403
1829
2615
469
5158
441
4932
8568
3802
7444
3830
8888
3718
6771
7551
4811
2730
9812
114
2974
4617
7213
4723
8752
7899
230
7139
1629
670
1582
8825
2381
334
1226
1959
1414
3443
5452
1778
9726
8151
7355
3267
3619
6453
112
1797
8841
4140
5036
1922
1456
7362
7316
616
6992
7896
1722
6942
3432
8360
819
4781
1793
6820
3000
3661
6921
8298
2128
201
5116
6673
215
8781
7621
2066
7887
3078
7519
2129
7929
6058
5875
9235
7796
7625
601
523
8208
6933
1491
1113
4462
8945
7582
7830
8846
3123
6225
7256
5404
8495
952
8921
5072
5145
7582
3576
6561
2022
6860
6548
9461
7771
9283
4689
3586
4761
7232
1233
29
6430
4733
1332
6030
6056
6656
144
3701
4520
8609
2604
5003
7977
2153
4267
8305
1487
4209
7946
9088
8092
5572
5871
710
4305
6599
3038
9770
8962
586
8072
2030
3253
5380
9016
4379
6743
753
3671
4884
5811
4212
8025
8995
1515
3426
9800
8528
1326
5067
1722
6601
5256
7396
2492
3493
6892
5419
6456
701
4581
7376
3474
9768
6581
3254
51
2860
1342
895
6108
9093
7820
6312
5523
8903
7643
4092
5821
4290
215
1846
9936
2035
6252
5135
5866
9744
289
2128
8185
894
8944
7805
7278
9237
4267
9985
8167
7803
2578
9594
1774
1806
7236
