-17536
-11852
-26749
-14868
6918
-688
12684
8229
3918
9127
-869
-6189
13998
-20274
-6057
6342
9245
-5346
-4440
-21305
14812
-23552
-3904
-26039
-21183
-22933
-27054
347
-30705
-21766
-26449
-3390
-7153
-824
-26572
-23988
3379
-15513
-18856
-19578
-4739
-27990
2861
-10627
14555
618
-16742
-15088
-22428
252
3479
-688
6422
2685
-3424
-17404
12355
13802
-16097
-2817
-6773
3505
-634
9829
7794
-16541
-16122
-2625
-683
-24551
-12766
-21650
2186
-16635
-22012
-16146
-18427
-15721
12254
-14315
-13421
-17191
-30003
-5996
-21598
4988
-27248
-23198
-13959
-14014
-28418
-26547
-17130
-2700
-25315
-24647
12309
-21416
-23333
6392
-13041
-19671
-434
-9244
-5599
3346
-18814
-23965
9143
10281
9538
-7078
-14649
-1352
-1666
-10303
15279
11968
-15925
6770
13505
-26885
-7047
-18006
14045
-2056
14552
-14840
-1149
-26370
4330
2861
545
-755
-13624
11384
-9331
-21856
-27550
10810
-9582
-22164
-23752
11827
-17514
6163
-1505
-19511
15849
-30576
-2210
-12795
-3326
2594
-24824
5266
-14112
-8554
-8318
2407
-30517
-11238
-17399
-21540
15598
2556
-25495
-25140
-13621
7436
-22396
-18317
-18714
1224
-20622
4916
-14989
7535
-26227
-25723
-11811
-17736
-2607
-4225
-14700
5096
-5357
1430
6710
852
-29864
-29495
616
5785
-1876
5830
-15509
8644
-25168
1481
-12426
-21504
10958
-7323
-29444
15713
-7551
12166
-19438
3871
-29891
9328
-21776
-5006
16095
-10121
8976
-20547
-14398
-24664
-3032
-15025
13752
-2819
-9002
-21319
9591
-11148
-28045
7859
-19732
3131
5182
-6737
-15454
-9008
-15008
-6832
-27464
-27930
-20346
1641
15329
-3159
-16973
-6324
-2256
4954
-27152
5606
-20579
-23239
476
-29919
-10219
-17058
-11621
-12546
-3139
8578
5072
-8893
14385
11690
-27178
-5151
-17121
-18131
-13518
-4484
-3093
8713
-3057
-12498
-14453
-27753
-30606
15993
16359
-17945
3215
16161
-4049
6919
377
1934
-25768
2407
11095
-17802
6656
-30080
-22819
-14690
-2934
2372
-16972
-16374
-27133
-15734
2900
11105
2888
-3160
-22427
-15697
-27770
5581
-4653
-20950
5385
-18539
-27084
-12008
3358
2098
-3624
-13133
14003
4062
-23969
-12333
-16063
-5785
-8243
-26426
-12722
-5098
-17565
6832
-27395
-3358
-30618
-3105
-6208
-4762
-23836
-25292
-22821
-4459
-23840
3694
-14048
-30921
14507
-12688
-6031
-30482
15055
-1644
-28612
-2833
-2660
-31016
10623
-23995
-16296
-13807
9079
15612
-12343
-30454
-26387
6832
7962
12036
10610
-27710
-24280
6677
-27385
8871
-8598
-6093
6120
14758
-19835
-19564
-8641
77
-5382
-15524
-6949
-8784
4373
-22401
-13985
-1316
7961
-28791
-30377
-16687
-6588
9325
-12028
-20634
-9840
-17554
-15027
-29564
-27241
-31082
1030
8760
-19765
1357
-6867
-26349
-2809
-14240
-21610
-15173
11797
-22070
-28777
1805
-11500
-13335
-15051
-1256
-6956
9841
9615
-23033
-13104
-18310
-10298
8124
-30719
-11103
4999
4755
-14572
-6409
-27641
6610
12611
-14854
-4948
-12658
-21646
16431
-17907
-6603
-9075
-24354
12301
-11706
5878
-16337
-18519
-22592
-1513
-4818
-842
-1831
-16731
-21948
-1161
14866
-30347
-25790
-9844
-14360
-6266
-16584
-3877
13255
434
-24288
-2578
-20294
-17131
12060
13708
-6402
2425
-7574
-13365
-20752
8283
-163
-9883
16391
-27387
11368
-4158
-6711
-13095
-11320
-1457
-29524
-4767
-12342
-29376
-22005
-17891
11214
-26702
-21597
-28161
-25809
6436
-1112
8326
16428
5969
6655
-10024
2830
-28144
-29560
-10169
12629
15313
-3571
3178
-15136
12721
-23376
2512
-17791
4899
-12751
-21522
7270
8631
-955
-22174
14592
12093
-16739
-12673
-8583
-17031
7252
-27553
-20487
-2406
-10084
998
-15820
-27274
11019
-7591
-7414
-6046
11262
15494
2378
-10650
4202
-12914
-28333
-13595
-27763
10855
9160
-30180
-15285
-10547
9628
9193
1540
8417
-28353
-29708
14152
-26895
3758
15887
3016
-23287
-16029
7183
-12382
-9018
15058
-6686
-3373
9046
13415
-17890
3314
-6231
-19549
-9707
-30262
-22677
14892
20
-4243
-24953
15376
6165
-8123
-24724
-8708
15302
-7288
-3264
12697
3491
310
6631
-15757
-4078
-30469
-16169
-14424
-2496
11048
7621
-20427
7875
-22030
-11297
12369
-13532
-13630
-16564
455
-1742
-24339
7191
-13977
2555
-20494
-20583
-8526
-19845
-18911
-2923
15048
12865
-8306
10121
3467
-4234
-20545
12130
-13986
9751
-17460
4247
-29074
-4012
-3694
-10852
-6640
-7858
-28734
3826
-10801
-6365
13735
-31062
-8670
7189
-14532
-17965
-19798
-5505
-23387
-7865
-10632
16470
4387
4890
-3490
-24956
-28411
15069
-26939
-29037
-25662
-7337
13458
-3667
-21252
-18121
-11581
10024
14920
-14888
8163
12769
-27343
10413
1614
-6493
-30487
-9175
-9635
8931
-14802
-11007
-5139
-4905
-6666
7134
-17760
11285
-28976
-542
7822
-6255
-8866
1867
-27248
6849
-22626
-21598
7518
9743
6991
4282
-14383
-8121
8614
-14013
7769
-3312
-19570
8878
9219
-13641
-1372
-17469
91
-10843
9081
10233
16154
-25629
-516
6191
-9422
-15147
-1606
-11196
-27898
-11343
-22506
2463
-27547
15918
10258
14311
-24482
-9343
9204
-553
-11541
11947
5488
-30956
2545
15010
-18579
-29541
-16467
-10565
-6422
-11820
-5335
-23655
-23652
5670
-10920
13162
-9941
-5921
-5405
1200
-5419
-19517
10358
-29826
9864
-15985
-19118
-15167
-15834
-27187
-4321
-3034
-18267
516
-30245
-25578
-29492
-11210
-8722
-28878
6087
-8890
14381
-19802
-9959
-21430
-7181
-17091
10054
-26282
7442
-6263
-9453
-18323
-999
78
-4223
-24264
-2741
-26222
-18434
-30375
10003
4030
-844
-6907
-16529
-8424
-12678
-26407
14141
-4095
-24511
-13900
12674
8831
-17907
13139
15977
3998
-6353
1103
4453
-18380
-9557
-24754
12850
-13237
-9631
1789
-27898
-12563
-19211
-1975
-3107
10977
-4866
-2043
2797
-22830
-27907
6147
-9384
-30389
10682
824
14908
-20165
8654
-25812
-28913
-21507
1411
-13412
-26562
-3215
-29040
-23760
-4594
-12917
-26861
-4693
-5780
6098
-21154
9372
12455
-12960
-23929
-16635
11674
5353
9907
-12167
614
-7072
948
-11315
4179
-30189
-18865
15714
-8727
-15923
-20861
-27198
13968
-23842
-7873
-19748
9062
-5242
5790
4765
5903
-8544
-27369
5016
15665
1838
12849
-26632
-29917
-20613
-14694
12670
3921
-3636
-24765
-28612
-8463
-7051
-4302
-25745
-29104
8567
2645
-13662
-18437
10574
4643
8133
10794
-8908
-12484
-19474
13653
14374
5282
-5470
8650
14651
2513
-29825
11991
-11268
-7509
6747
2669
-18030
144
-24421
-2836
-1493
-26262
-6777
-30118
-27522
-27171
16009
-23091
9569
-12648
-18128
1116
8134
13002
-4341
-15759
14374
-15901
-18236
14529
-607
-7179
-1099
8887
7176
-28357
-19270
-16461
15547
-4991
9306
8764
8205
-19991
-29625
-8244
2866
8413
1540
-17112
12480
-14675
-3000
-3644
-173
12735
6348
11279
12482
-30091
-9494
4816
-25596
-30178
-14081
-21921
4987
7187
-6916
-25971
-1960
-26487
-29228
8034
4270
-13621
1174
11101
-15714
10267
-29949
-19946
-1892
987
-9348
-27186
-28251
-6913
7153
2552
-23948
-1934
9488
7287
174
-1528
12259
2095
-13693
-26960
-16921
-30224
-9739
7296
-26293
-29739
7947
10171
12206
-4879
-29415
-8295
-15433
10376
-25568
-8574
16236
-26360
-19519
4476
-16413
-18198
935
3802
-1085
-29744
-7023
5640
-20411
4810
-27639
-9614
-2978
-17207
-29583
-27625
-10630
11434
-18211
-21229
-9933
-24762
-3928
-10330
294
-2469
9899
-13459
-15638
-26979
16015
11624
12427
13757
-28974
12241
-13591
-13948
-18014
-19239
-16830
-22927
-3652
-11996
-23407
-18779
3781
-16013
7314
-7754
-13103
-30201
-13114
1476
15223
4847
-13533
5181
-8465
12586
-11412
-1058
959
-4945
-27511
-5529
-8852
4989
-29728
-468
271
-4921
-9123
7555
1686
1189
-8400
-25365
-21124
2793
-29631
6474
5687
-28713
11957
9898
-27752
3733
-29776
1563
-20440
-19378
4213
7974
-22768
12636
-12878
-9923
-10944
-5867
15837
-14848
-27719
-12414
-11014
1479
-19431
-26391
-2529
-25926
-27227
-338
-8313
3949
14221
-19523
-22578
10074
-16480
8015
-23474
-9615
8458
-12684
-13988
3372
-19217
4326
4204
-10545
5350
-3379
5032
15109
-4814
4113
-5356
8929
13093
-30954
-2800
5070
-22613
12338
-18342
6931
-19463
-28844
-31222
-23655
-959
-22998
-17942
-12851
-8330
-393
12764
-1709
-22294
14104
-1424
-18000
10162
10064
-16897
-575
-17258
-5715
-8461
566
-19108
13922
-28912
14084
6487
-9375
12936
-13311
-988
16308
-20061
-29443
-17793
16020
1504
-24660
-4505
6692
15663
3814
12610
-30843
3528
-26146
-18434
-12968
-10445
14386
886
-13012
-29467
-18854
-16824
-21045
-7563
-3535
15264
-15146
11157
-3250
-20331
4348
13536
5807
-2545
-27316
10491
-6890
-1682
-5658
6090
-19441
1520
-28764
-9202
5885
10809
-11545
-18211
9284
13167
1851
16124
-20808
-11531
-25262
-12112
-6301
-16482
-4844
-26960
-26595
-9808
-14588
7973
-4006
-3572
11406
12946
-4920
5047
15593
11093
-25013
-26939
-18020
-21308
-9645
-37
10068
7501
-24011
-13177
-2252
-7770
489
10619
13689
-11624
347
14399
10255
-30494
-7841
-27414
-4672
-23771
-3477
-10391
-9842
-14170
-22998
-12687
11293
-12730
-2060
-20365
13586
-2801
3796
-14836
15111
-13883
-8468
-21977
9260
-30528
2078
4891
-1705
7690
9687
-7821
3150
10366
-5533
6445
8553
-28943
-1780
-9914
-1020
14074
14000
13662
-20506
-16539
13937
-6610
-5458
5113
-20371
2645
3616
12054
12225
-11564
-28722
-5365
-14438
-17689
-24672
-20781
-8521
-1230
6546
-13484
-16807
418
10155
7313
-1474
4539
671
-444
-30197
-19290
16096
-22508
3467
4770
13656
-940
-12013
595
-1693
4511
7938
-20942
10036
-11663
-859
-27182
5697
2050
-8333
15479
-8563
-10367
-9470
-16013
440
-4440
-1971
-20527
13967
-25306
-7791
3508
10495
-13684
12939
-18713
-20876
-3658
-24616
4842
-24835
-29414
6696
8173
-9391
-11749
-3580
-21244
7183
-20628
-11854
12531
2736
5666
-15703
-4653
9623
-18400
454
-8967
-3975
-6309
-9947
-20189
-8310
16458
-8292
-28232
-16322
-1990
-19915
3570
12867
-12438
-8842
7227
-7216
-22446
-30195
-28607
15562
1677
-15684
-24347
-10804
-16450
-11385
8983
-18297
-22376
-3949
-16265
-9665
-22305
-28662
-13406
-2972
-6092
-30436
-10994
-19655
-26938
-24565
-22708
11296
16221
-24962
-12555
-30583
-13692
14004
4213
-2613
-16350
-15784
12826
-11845
-31138
-26642
-25326
-1980
-6244
-26091
11038
-19252
-13696
-30035
14691
-12386
-25409
-22599
9744
9248
-22981
-19211
-30618
-23148
-27190
-21284
923
-17568
112
-28231
11594
2412
-24952
3025
-12822
9926
-30024
16439
-11929
-22916
-3187
-13855
15885
-25575
-6465
-5252
10846
-6645
10195
-21839
-21437
-21919
16461
-5009
6351
-20105
-16113
7254
9175
-17677
15094
15861
-12968
-3992
-17809
3666
-10995
7956
3442
-7123
-16278
-22986
5718
-25292
-10656
-3760
2160
-24131
3242
3175
-19208
-4658
-8419
-249
-6316
-13270
-21796
11013
-24081
-11944
13110
13243
-3882
6123
-12707
-21335
-13414
-13341
-29974
-26112
16057
-10426
-21354
10053
1476
-8446
-16621
-9906
9270
7229
-19434
-18566
7641
13658
-594
-29830
58
-21341
10452
-4038
8374
-18153
-5348
-915
-11783
-22889
-19534
-4381
-17655
-17094
-17632
-4853
-30748
1130
-26349
-28398
-8410
-28427
-2495
-24819
-15493
12734
6255
11639
12626
259
-14291
-18188
14725
7450
8298
313
-2694
3091
-19723
-6111
-5417
-12633
-26909
587
-8194
15479
-11049
9623
-10665
-25727
-6662
-4156
6052
14891
3484
16403
-18100
-18126
-23709
-17250
-12985
-3246
-21507
5254
-21841
-9221
-28442
-15454
-18288
-3875
-3722
-10159
-10145
-17636
5431
-26417
-9169
13943
-17576
-6989
-23271
-22049
-3366
14021
-4382
3272
-29282
12333
-6947
8143
-12615
-1640
16542
-1130
-17451
4253
12570
-950
-14527
-15553
-11297
-10114
-22972
8079
11652
4673
-28229
-12428
-2643
-2972
-24765
-4877
-26556
-20431
-21756
2079
-27839
-9285
-16337
6216
-11220
-4198
-25272
-6897
-29378
-30714
-20162
-7677
-30286
-5449
3280
-28073
-25160
-24733
-7221
-2146
-14997
8096
-24233
-21067
13111
3159
-16842
-14827
-6093
3811
10324
-18772
-22946
-5134
-24067
-22635
-9621
14622
-14581
3691
-25053
-15290
-18775
-15639
-13080
409
-10124
-12813
15749
-16864
7248
-19017
-29944
-20804
-5420
-1385
10406
7170
-26186
8589
-7614
7148
-24643
-17379
-28405
7059
-416
3819
10273
10324
14217
2234
-5765
-30001
-26789
-28488
5705
-19555
11364
-28255
-11724
3467
-16928
-24057
11004
4118
-9609
3657
-19392
-5123
-30301
11068
5410
-10815
-15270
-24992
-11810
660
16434
-14620
-7797
-14999
15060
8653
-21510
-28107
-17220
-16295
308
-14615
-4396
11154
13343
11496
3450
-14995
-23362
12915
410
-29720
3728
10856
-16377
-1748
285
-21441
-16761
-9892
-16084
-24773
-5860
-5676
-27922
-13048
-18871
-8519
-21902
6927
-25409
10225
-13256
9219
11276
-25869
-13874
16068
-28995
4231
-18039
-12075
5611
-10723
7054
7477
11117
-1300
-25301
-17978
890
15472
10600
-20962
2484
13563
-19389
3391
-20650
2453
-26731
-19577
12386
5587
-5590
2129
14658
9124
-28663
-31102
-1958
-23404
-13482
7240
884
13269
-974
-3545
-4655
19
1463
-5327
-5674
-12619
-17706
-7444
-5552
-17655
-18088
-10727
-12143
9159
-9441
10413
-7294
-21525
-11657
15730
-18747
10206
-30973
-14542
-6348
-13708
-6622
-21087
-16703
-3938
4816
-30308
5864
-22433
-17445
12408
14860
-27988
-276
-22108
-18855
-22672
-6596
-610
4131
-7955
-14530
9436
11867
12485
12809
-30085
-1982
-26270
11030
-13511
14750
-18319
-18705
-23572
-14430
-22995
4424
-25964
8473
-30667
9022
14895
-5449
-19337
15417
4468
-5932
-13538
-22321
-9766
8471
-8240
-22394
-27420
-27806
-11843
-24436
-24427
14995
-28328
164
-5228
4290
-22532
7351
-26939
5897
15161
1007
-17470
-25012
-13419
15519
6352
-1597
-3233
-19944
-16598
-28911
-16223
-6655
16361
-30583
-6511
-4915
11667
-8874
-7591
-17362
2402
-11854
-285
-18432
-5554
9392
-23276
11445
-12123
-15561
-28822
-19915
-27764
8716
-24168
-10909
10998
-2379
1693
-4965
-23901
-16302
9402
9506
1992
7972
15894
8596
-6117
-15777
-7116
-8232
-14544
-29799
-21813
-12477
-30582
-4895
-23579
-12556
-9111
-29396
15407
-20441
-23897
2798
-20392
44
-31133
-29054
3622
-12875
-28987
-16864
-16155
-20964
13761
12651
-26919
12170
3704
-11592
-3882
-14606
-19871
-28734
-14224
-3752
12103
-4923
-1586
-2882
-9026
-15136
-27445
-18637
-19145
14274
-8581
-25047
10647
-22739
-6327
-28232
-16450
-10686
-5140
-21622
-16719
-8438
-17271
-9474
-9912
-8251
-12169
11262
-29587
-2838
-738
-6321
6550
2405
4784
-27523
-9671
-8009
15650
7621
9438
-6623
-8843
-1711
-28146
4142
-9221
-13319
7881
-23524
-4315
-18755
2715
16419
-28207
-18833
-30706
-27430
14411
-1927
-2273
-294
-24711
15062
-4844
-1459
-564
-2769
-487
-15622
-15793
-13272
1707
-18053
7906
-13190
-30088
-11785
10116
-24075
-21712
-29803
-19489
14211
9539
-21452
10828
-16287
-17259
399
6170
-30336
-27291
-19199
-9743
-10232
14624
-3709
-5368
14806
-28744
5525
-16537
2575
4410
-18914
-12143
5456
7914
-29024
1435
16441
-20177
-21453
583
13616
-31078
-17768
-17264
-18147
-12
-16257
15606
11791
-8878
-24444
-9436
-21103
-2697
-16287
-24971
9965
10914
-21695
-13646
-14845
15918
16368
-28724
-22401
-26025
4691
3985
12620
-13719
11553
-28617
-18521
-19453
-29644
-20123
-6520
-2547
-29381
-20356
-14228
1053
-20785
14586
-28872
-13861
5040
-3233
-216
-20968
-21427
2055
5184
-638
-19833
8590
-29595
14790
-6445
10341
-14612
-16814
-14404
-4128
-21624
-843
-16638
-12921
4563
12802
12706
-2111
2749
-30551
6241
6084
4659
-27879
-22539
6225
14505
7252
12002
1093
-27623
-26579
-222
-21886
-16477
-13165
13013
645
-29435
-21587
10897
13495
-15728
-10441
-26089
99
-5119
-9779
-10345
-26349
7797
-10157
-6976
-3603
-16878
135
-22478
-6558
3181
15420
4498
-30618
11994
1723
-14437
-24957
-7119
-1271
-6391
4652
-13039
-14086
-21532
-28709
-13721
-22967
-6994
-5805
1953
9903
-2097
2071
-23659
-19602
9401
-5845
-28346
-13737
-13431
-2795
90
1533
-22886
-6583
-24793
-21887
-21054
-7547
-30012
13556
15288
-25909
-27320
-17265
-13464
-12223
-6721
11898
3702
-5275
9543
-26181
-2150
-8138
-24851
-4453
-25280
-1801
11274
4030
-9523
6619
-20333
-30425
3624
14624
-7611
10172
-27914
-14359
7395
12310
-26157
-12984
-21937
-17956
14536
4800
-2735
6847
-11037
-28606
11713
-26659
-23510
15401
-27923
-26173
-27018
-3698
-4094
12293
-28934
552
-6864
-30738
4894
-31176
3165
-27347
-25754
-25862
-16756
-8938
788
-1771
9372
-12864
-7761
-7807
-17445
-10701
-15013
2613
-2731
-22938
-10143
-27067
-19303
-12932
-11980
1603
-30124
-493
-6040
-23560
956
13656
-20600
-2061
9396
7363
-7486
4535
-1548
-30994
9019
1158
-21053
-13981
14840
762
-22959
10563
-11823
1590
-30201
-364
6652
13420
2335
-26556
-24376
-27627
-13722
-16562
-25749
-3131
-16982
-31165
-15381
9887
-26935
-29802
7104
15574
-17407
-10829
14525
4690
-6035
-16163
4788
-13162
-15344
-29388
-29381
4707
644
15638
-21628
-26154
-9226
-20493
-6764
11167
-22125
-23518
-20929
-17691
-16973
-4392
-21148
6185
7139
555
-4132
-30805
-14599
263
-8267
-19561
-10158
-12414
-6303
13718
-14725
8173
-20028
-14568
4638
-24869
-1515
1388
-13150
-22556
-18614
-29355
-21978
10888
-2537
-5158
-1715
4300
12442
-20942
-7810
-25389
-16463
3422
-15039
-12938
-1682
-17802
-27341
15277
9220
14824
-1083
-11628
-4169
14322
-19401
916
-16946
-12362
-17700
-15092
-29389
-11363
-6020
10554
12353
5926
-19266
-18949
8822
14861
6257
-26984
9979
2623
-25976
9467
5834
-19735
3614
-30784
-21340
-30046
6199
-20729
11458
7845
-10466
4123
-25
15147
-7469
-9996
1803
-13282
-27649
-30695
1656
11787
-12566
-25447
-13302
8442
-17519
10143
-3430
-19381
-4654
7354
-19250
-22498
7180
-6467
9289
-15083
-16807
14754
-10167
-9238
8921
-11186
-19831
-21069
13080
-15978
-28871
-26915
-14699
16450
-21823
-1136
-21779
-10701
-6282
-16597
-21910
-23402
-3054
-12467
-15568
-19714
-27284
-23879
-6389
-20229
-13030
1936
-21350
10
13818
15913
-1981
8639
-9293
-28887
-996
3411
-16071
-1453
-25866
-7159
-31115
5608
-430
-13452
-737
-23024
-12720
-30266
-13748
4766
-25858
-683
-24698
-9871
15753
12640
-23729
82
-30290
-25770
-16166
-29769
10188
-20965
6327
-20311
-10848
-25237
-20091
14201
-26827
-11490
-27830
7320
647
-12728
-2424
-20896
3393
2544
8076
-14273
-30944
-224
11414
-21000
-6042
5213
13740
-23471
-8041
8857
2131
-17918
-26994
7933
-26461
6174
-14613
-2814
-4011
3852
22
9385
12291
-1763
2115
-2290
2474
-28985
8214
-14921
-12208
8179
-22240
-5500
-3252
8311
-20373
-8139
10677
-15813
-3296
-22995
4631
-3175
-7652
-26014
14167
-8333
79
6468
11382
-3782
-6956
6830
6927
-17188
-16669
5196
-27601
-17844
9954
-13384
14962
2443
12150
-22243
-16640
1496
-5640
-6067
-24148
-2681
4990
-21063
6336
3074
8407
4469
-28267
-23864
-23418
-7296
6067
-8199
-4755
-15993
12875
-28721
-15181
-13104
-23874
-29363
-27402
-25925
-27145
-18260
-7979
-12332
15721
-17609
-30485
2187
-20154
-18704
-11841
13707
320
-30275
-19826
3202
9355
-16954
-15583
-252
-25671
12616
9100
13883
14670
-689
-30822
-21190
5583
-19228
10327
-15686
-30679
-18233
12946
-17326
-2211
14546
-9107
-15869
-20748
-27044
5319
1188
-17240
1236
12371
-2270
-28380
9883
-27665
-10890
8904
-23786
5674
-19859
-9694
-26400
-25554
-30614
-5260
15873
-27878
-5118
-13661
-4831
2273
13506
3667
-14011
-10732
-18147
-25264
-21995
-2252
-7377
-26347
-21969
4048
11932
-19158
-23316
5581
4586
-22702
-28338
-20394
-10747
-9487
-6210
1091
69
-27653
-3773
230
-20161
3397
-20860
14632
6123
-19269
-23899
10952
-20229
-17758
-29159
3188
-10380
-3176
-25577
-22942
13647
-13527
11906
2608
-3815
-18958
-22157
15573
-15981
-16233
-13369
-2356
-23195
-21156
-18746
3538
-29820
5759
-6081
2955
9248
-5237
-5133
-9430
-21394
-6245
-15823
-9691
-2596
-29758
-30331
1246
-8076
-8095
-3782
-1497
-20207
-14105
16290
-5181
-23820
-16375
-11756
-17297
-23327
-2150
-7244
9446
15928
-5381
-403
-29467
-21224
-16460
16255
8491
-8893
-5772
-31068
-16204
-24177
1854
-2319
-16240
-494
-708
-17443
-31019
-7797
12827
-12253
-7756
15289
-27509
-28717
-25880
2299
-2344
-8715
-24998
-15838
-21192
-24227
-17208
-18583
9051
7009
-11754
-5195
-22018
-9345
10802
-23887
6886
-14257
-29111
-24370
3896
-24329
-3952
-12141
6704
-20652
-919
15382
-6863
-27003
-10247
9548
11509
-8521
-15163
12593
-15138
10423
10306
-7764
8853
6082
-914
1043
-14544
9123
-26855
-13307
4972
-5184
-6611
-25389
-29803
-26652
-19296
13230
-11672
-3946
-23764
-624
-16263
12595
-26697
-31147
963
-3734
-27545
-20305
-20293
2959
-1304
-9442
5403
-30423
-30121
-24349
-30350
8837
-26519
9926
-25573
7841
-15926
-30056
6706
-3441
-10904
11885
-14839
-22063
-12102
735
-24338
-25872
-13155
-25400
10472
4316
1815
-15359
16086
-1038
4545
16258
-16829
1778
-20763
-10898
-27834
7155
3663
5348
4180
12596
4853
-23088
-11467
-19325
14350
15904
-17524
-6775
8982
-21471
-15548
12651
-6937
-1246
-22232
-5838
-25441
-24645
-1725
-23064
14796
-16001
-4075
-3380
-24104
-14698
3960
-11761
10431
-19929
-606
16158
-19765
-890
-30530
8938
-5392
-22114
5357
-22098
-23771
-21106
3402
2174
971
-3147
-19631
-5379
-4081
-2471
14751
-23196
6221
5297
-19670
-27971
3051
-21198
12682
-30389
-16102
10896
-3644
5261
1261
-3306
10670
-15596
-162
2480
-7385
10567
-8463
-16682
-21149
4419
-3145
13533
4483
-7164
12414
4061
-4959
-5797
14135
-2198
9227
-9131
5974
-23645
14361
13873
-20185
-10458
-23059
-1151
-21383
-19809
-30166
-1929
-28387
-10537
-15485
9461
-80
1978
-27044
-13734
14415
-19616
-9065
-24583
15543
1781
5731
-25945
8699
12655
-16142
1646
-24283
16291
14284
-18206
-5095
-17162
-9093
-27007
-14439
-22180
-1619
-3670
6634
15437
15289
-9343
-11500
296
-16368
7073
-8657
7834
-29960
4477
9041
-216
11045
-10751
-26150
4413
-12341
-30874
-21714
15365
13374
-10367
-23900
-8416
9288
-8893
-27559
8245
-22590
2583
-14526
-17280
3998
13962
-19786
-24520
-6976
-10718
8335
4056
11887
9451
9439
13530
7556
-4924
-7127
14664
10560
-2472
-6184
-3058
-14488
11881
-11844
-12706
12112
-6497
-2253
-5625
10191
-21616
14161
2060
-19448
15704
-6300
-17798
4761
9220
-29288
-13696
10915
-25773
-7194
-8713
13656
-11164
-17348
2018
-27763
7954
-25312
9085
-8235
-28613
-5730
-17085
-16470
-10456
12933
14795
-16806
-5226
-22006
15672
9754
11500
3650
-30139
-5909
15828
6837
-1277
406
5429
-26014
10659
-261
16055
12289
-28052
-3883
15793
-20172
13746
9932
-14872
-6096
-1458
12216
1739
9404
-18790
-29093
13681
-18577
1636
-21429
-5946
-605
1779
-22500
-5002
-26769
2520
-20708
-20344
-12584
-5806
6386
13364
-5204
4556
-23792
-22551
-5276
393
3785
-10438
3195
-4415
-2984
-19096
-7599
2107
-14826
-18823
-13060
4068
-1970
-18492
-29478
11963
13202
12051
7914
-5837
-6532
-17958
-15692
-14938
-9027
-9235
-8184
-15855
13430
10746
-30650
-25707
-22128
-11079
-23214
1584
10784
-3566
-25207
4505
7172
1536
5580
11326
-8460
-5194
-30258
2136
-27506
7940
-17798
-1033
-29489
-16840
-6833
-25129
-7655
-18467
-19864
9181
-2808
-8267
4543
-8560
-19260
-27161
6983
-21637
1887
-25450
-27806
-17562
-23223
-15063
12908
-2591
-28946
-18455
-30942
-31035
-15031
-30233
1108
-9486
4408
-30892
6182
8075
8150
-15985
-17091
13169
14834
-23286
13908
-16491
8194
-1591
-4364
-27007
-12430
11345
-28717
-6746
-19076
-29487
-3161
13963
1971
3273
3454
-717
-23599
10483
15817
14183
-19371
597
-24745
13008
-18733
10562
-3030
-11188
-13401
-4683
-13274
-2825
-12731
12040
-3192
1223
3628
-25564
-30407
-11447
-7444
-26460
-7129
12738
-30203
-8999
-27560
-1604
446
-10705
-844
-13170
-12056
-26543
5461
-10373
1590
-7152
1709
-20022
9843
-4221
-22382
-29662
2084
-782
2398
-4109
-21782
-4774
-26624
-26477
11200
-2406
-10009
-27308
10809
12976
-18252
-21300
-3382
-3542
-7142
-7322
-30886
2793
-15110
-26406
-18540
-30426
-1950
-25241
2417
-5366
-26709
10023
-17213
-6653
-19391
15015
10327
-1794
-14371
-25128
-13529
-29453
-15922
12061
9917
-22505
-13488
-12588
-1262
-13498
-21031
7522
-4812
-28278
-2268
-2983
14455
-27907
-4521
12706
-14451
-27680
-24342
-22010
8868
7781
-10652
-14280
10412
-25917
-21974
-22102
513
-7355
4409
-29945
-1134
-18983
-26622
-12652
-18243
2753
-18911
-31205
10569
-3113
12126
1727
-25840
-28912
-26091
4025
-28298
8306
-10089
-24123
14905
-25231
-18652
-8192
247
-13823
13347
-30105
-26407
958
3720
-29267
-4776
11246
-9147
-10366
-28378
-22057
-15487
-14843
7999
15725
-10651
-15361
-20011
-14728
9644
16215
15689
-12659
-11348
8330
-8118
6838
-11049
-10699
-13123
-16165
-9770
-4062
-29529
-28764
-19423
-8108
-14827
12903
-25804
-23039
-400
3542
-7973
14008
-3745
-6278
-29730
-23245
-3082
7741
-28169
9547
-6046
9350
-58
-20736
-13634
-27894
-24842
-24292
-5352
-26927
-29958
-18504
-5299
14645
-27840
-21083
-10708
-14128
-3285
-1758
-8625
-24968
-19777
15035
7798
-31077
-11376
-27871
12214
13483
-14855
10864
-17323
3407
-21941
4243
-25347
11774
-10305
-18456
10904
-9556
12915
14866
13251
-23207
-510
-24504
4230
-438
15262
-20065
-6452
-22619
-30751
-17659
-28573
-20691
-25628
-31009
2582
7378
122
-14434
-11532
-4272
-1292
13158
-29589
431
-4907
-6731
15647
-17782
10277
1772
-3925
-4519
14403
9899
6352
-3463
-16633
4963
-15736
-10632
-26731
-3424
-12871
7969
-29788
-14956
12620
-14445
-19356
-17734
-3215
-31039
-7016
-20721
4720
10012
6159
-26132
1845
-16365
-13346
-23418
-27812
-11390
-21864
-20516
-24133
5157
-15477
-16152
15475
-24598
6716
-28048
12162
14807
7016
880
457
-31032
9794
-7358
-21373
-23619
12858
5691
-29556
-23794
-7725
-10136
-5397
-5628
-16517
57
3883
-753
-12810
-5170
-4628
-27943
-26838
-25132
-15315
-20571
-16202
-2503
4562
-15502
-18077
16034
13556
-6388
-2485
-25872
-4038
11494
5118
16071
-14939
-21422
-2294
-28220
-4214
-28364
-20983
-1382
1405
-126
-28000
-18154
-28147
7092
-30604
6995
2679
-15525
-30498
13769
9035
-15373
-27103
3803
-12369
4313
14320
-31053
263
-5039
-24650
-477
15908
12295
-22016
-15761
-22570
-12684
-21389
-1736
-29032
11945
-421
1570
8886
-27834
-24512
-6816
-26892
-4528
-15515
3818
-7347
-10761
-4897
-9798
-6771
6417
3822
16531
-18791
8969
-30752
-29258
-7745
9138
-16392
4839
-2959
-31193
-7084
-9580
-19020
16181
-11905
-21967
-22786
-29646
-3617
11320
-16251
13978
12418
6012
-15915
11823
676
-22838
15068
-6950
15162
-8585
-11607
-632
7823
-2549
-721
13546
-29719
-1749
-17946
-2013
-21758
-25668
-22252
10147
-28547
-30126
-6155
-16929
-30649
-15148
-5082
-8007
13447
-4814
10705
-14111
-26402
-13886
-5565
1948
1229
-10931
13648
-10583
-20415
-30914
-9538
6666
-10161
2692
16410
-5486
-1500
16216
-19091
14934
16166
-20854
-13864
3811
-29282
-18196
-25551
12652
-8111
3955
11031
-16239
-21406
-13492
1466
-6204
3996
13277
-3144
-24097
-1484
-20795
13274
-2814
15594
-24346
-9465
-30974
-22540
-11428
-22099
-4547
-17512
-16814
161
-30690
-5907
-15520
-290
11143
-15251
-18119
-8274
6769
13290
-3869
15565
-28964
-24584
-11906
-11634
-23769
2857
3440
-25179
9027
-19160
658
-26997
-22251
-15388
3529
4331
-21822
-4917
14009
-12027
10104
-18658
4901
-25760
-22575
-26354
-6500
-20083
-20361
-23321
-18997
-29852
10123
-12501
-3972
14186
11262
8579
15719
-10021
-23502
-25741
-24175
-7587
-27178
-21805
-15306
-27555
-20998
-20178
7499
4845
-12490
-6820
-26788
13691
1453
-28569
-1257
7798
13508
-11268
8434
-16169
-9271
-28765
-4533
-11247
-6329
-26683
13011
-2935
-14527
-29638
9812
5802
-3309
10487
-9612
627
2090
-29999
-7307
-320
-4763
-29787
2214
-23916
-24656
16386
6861
-3549
11648
-12742
-10156
-9954
11445
-17707
-3081
8573
11098
-11906
-16560
-20125
4987
-10033
16349
-4893
-27784
-13464
-28839
1738
-17463
392
-28660
-25091
-21889
4013
-21748
15233
-18230
-23763
-18737
4641
-14432
-16915
1478
2093
-10753
-7105
-24797
4279
-18038
-20382
-25570
2586
-8795
9022
-4886
-709
-1895
-24134
-7700
-19070
-12017
-13287
-11139
5728
16336
2503
-15538
16170
-27671
14972
-8155
-24495
-7545
-23687
-11115
-7534
-26451
-14251
-25298
-6410
-25645
7153
-22943
-18745
15434
-17373
6742
8920
-2247
-22778
-12646
-15138
6361
15730
-9405
2980
-6055
7365
-171
-24628
-8821
-19718
-17894
714
11743
-6843
8747
15829
4320
-26793
14067
13109
-27338
4600
-11185
-12923
3201
11935
-5471
-24516
-29119
-20002
1726
15604
-15440
-5168
-6052
-15015
11070
1929
6207
-20945
-28537
-23022
-20115
-14002
-23770
1213
7792
-4096
9683
12145
14053
3098
-16181
-20023
-19785
-9063
9672
9513
14067
-18791
-8027
-3064
-24615
-23015
-3372
6431
-2587
7643
-5957
14091
-14396
-19132
9874
12359
-17322
-19318
-18593
-29596
-11418
-23557
-12137
-30214
-28428
-17296
-28748
13548
-3972
-13443
16017
-30026
8469
13774
-10430
-11977
-28927
-13451
-15818
3822
-9321
-27888
-19774
7690
-11880
4718
-17205
-29159
-27816
-29698
-25192
-2548
-1194
-23173
1053
-22708
2564
-20638
3026
-1642
-30643
5573
6572
-4484
14267
-4455
-15245
-13415
4301
-15334
-15611
-6617
-24455
16348
13929
-18765
-14171
3921
11957
-23055
6043
-8241
-12741
3638
15971
-1780
13801
-5501
-30635
5861
-28874
-29638
-8525
10094
-11356
-2577
-7009
8967
-1304
15655
9023
13625
7068
-25787
8455
-10449
2297
804
-6892
-9992
7073
10969
1126
-17860
-8677
-4090
-4834
-11065
-1720
-14035
-9439
-4057
-27411
-12243
-17137
-15057
-26639
293
12403
-23684
2811
-11607
-2712
-14302
-13124
-10988
-26148
4695
8992
10559
-27929
-24029
-7050
5575
5530
-8825
7913
-9261
-30458
-5426
5624
-23855
-26322
-28841
-22310
14979
16533
-11186
-16520
-5083
-16696
-13535
1099
-19003
-19227
-19491
-19534
14054
-12193
-29316
-26056
9595
-1228
-4645
-19353
7104
-17911
5785
7612
258
1815
3793
2173
-14775
6186
-17559
-1646
-30086
-19553
-11590
15180
-17415
-12082
317
-30454
1254
4831
-28727
5510
-6121
-1740
16197
-28976
-28212
12166
-27370
-10553
-18154
4565
11372
15127
96
-18205
14114
-12071
2560
10591
-17360
-25000
-13790
11334
-30613
2499
-15744
1956
-25972
-10752
-635
10216
16482
-12033
-15361
-16146
-16275
-1081
-27925
-25805
250
-9229
13730
915
-2463
-10002
-13957
-8278
1688
-11589
-2985
-3688
8784
-11271
-29802
-21821
-8318
-23834
4493
-12569
12789
-23838
-17034
-29063
-2835
6411
-13536
-17289
-19241
-21136
-20885
-3161
14127
-24148
-12294
11680
62
2488
-21392
-2949
-19434
-17521
15059
-26499
-5436
15093
-21518
-22394
-1171
332
15723
6270
-26698
-14462
-11602
9856
-16061
-2379
-30376
6845
-25533
-23054
-24198
6550
12486
-5119
-12404
-15536
-11579
-22935
-25871
-23646
13748
-10714
-30660
-17781
4362
-4789
7656
-22627
-7339
-21055
-8215
14791
-13937
-25439
-15487
-30264
6303
-9827
-23824
-5899
-7284
-15700
9282
-1116
-25985
-28893
-22426
8766
-8471
1920
-26843
-25111
-6997
-17371
-18214
-14605
9501
283
-26148
2100
-7175
-2345
-22128
14410
-5330
-14142
-2452
-674
-4518
-12723
1452
14562
3128
-4592
1870
6475
7016
-13709
1183
11035
941
-2382
-30652
-27210
-14376
5141
-18324
-11448
-22298
-18018
-3896
9379
5082
-6243
-14580
-13950
9856
903
-30598
6497
2065
5802
9871
-15578
-2271
-12943
-744
-16124
-16297
-24423
-15029
-3500
-2058
-23855
5748
-3937
-21554
8381
-5142
9398
-361
-3881
-28408
-26679
10207
4508
-10278
14615
-3084
15621
4874
10787
9288
-19152
-24814
-29649
-23652
802
-19636
-28962
-23754
4748
137
-14300
-20023
-11671
5267
2312
-13392
14348
3020
-22940
-5568
-19380
-1604
7270
5496
-30343
-6895
-8159
-29691
14010
3509
-3241
-17869
-13965
-9571
-8956
5220
-22295
-16381
6807
-5991
-23260
14560
735
-1780
13295
-18829
13912
-20573
16101
15974
-30522
8125
-7811
-1385
-1574
2292
6471
-30493
-19185
-10429
-25224
-16593
11581
7873
9976
-25620
-21787
-25281
12738
-639
-12366
-10259
-83
-2597
11037
2787
-12983
6545
-30685
4832
2893
-23806
16279
-28564
-3946
-1681
770
-4508
-8593
-14307
-18183
-20210
-28362
-28104
-4938
7214
-7538
-17679
16313
-10791
14052
16487
-27851
-7961
-15022
-26767
-5025
-4514
-25718
14597
7621
-30279
-15352
459
6181
-9414
-20158
-20144
-20104
-231
-6224
-14105
1878
8444
-8520
-25527
-20025
14796
-4135
-31085
-10492
-24284
-9471
12631
-12661
-6953
-14923
-21242
-23376
-16775
11873
10026
8723
-25472
-1345
7884
-19457
-7259
-19577
-20897
-26098
7981
8717
-16358
13878
-9868
-7888
-26098
-6972
4882
-12629
-17970
-16588
-10404
-11114
-31204
-26453
10256
11522
-15088
-16084
-6165
-4297
-29226
10490
-6873
-25679
-296
-27277
-9747
11696
-14045
-27963
-22722
-26370
-8116
-17471
-10498
-5364
-7169
-13240
-10121
-29398
-14080
-8168
-18946
-17933
-23156
2335
-3240
-25637
1758
-22073
5888
13656
-14424
-6790
-15320
-11036
8097
-2078
-18009
-17465
3366
-28912
14670
10274
-11124
-4789
-2348
1944
11362
20
-11419
-24160
-30722
-30387
6143
12784
-17280
-12315
-24949
-27348
-12700
6820
-16758
3467
1198
-17109
-838
-8787
4107
-19982
9058
16066
-10202
-29545
-1418
-3709
-26039
15950
-28238
-10623
-12715
-2669
-11737
-22762
-22002
11475
677
1013
-14404
5095
-12172
-2397
-16077
-17519
15026
-5119
-16556
-5644
-4933
-19584
10889
-15208
5666
-24543
-3937
7777
857
6125
5947
8711
-29829
-5375
3994
-10088
-7434
-30387
9485
-13008
-29526
-14350
12100
-19966
-3638
-654
-21987
6802
-17448
-3597
5421
-26849
589
2173
15140
-5570
11366
-21250
-21338
-14154
-1734
-24253
-21154
3604
16346
-14984
-12823
-18192
-9219
4140
-20888
-11586
5016
-15461
-22418
-17844
600
8453
-12268
-22996
-1853
9254
-25873
-6136
-5266
15171
-223
-9633
-4989
-20921
-28804
6660
-3596
6972
12341
12886
5646
-22592
-11999
-19141
-11846
3617
2491
-13301
-6196
14913
-14086
-29093
-24548
-28567
-24765
6780
12462
3577
-22479
14829
-27986
-4492
-12546
-3040
-22046
-17939
2193
16368
-11184
-12117
-1199
7831
8113
-23460
395
1393
1190
16084
1668
9574
-17577
-19864
-12347
-21065
-25673
-1966
-7570
-6915
-544
-14048
5667
11318
10924
-3314
-6898
15946
117
14139
-13910
-6263
3342
-21417
1252
6341
-11070
-12470
-15214
15462
-5964
-29176
15250
-526
4784
-20836
5161
9384
-19135
-16658
-7207
-25101
9422
3626
-14310
-1544
-8301
2967
4764
-25044
-10848
9619
8644
-25903
616
15558
7480
-30066
3399
14573
-766
-3415
-22741
-11725
-18093
-20180
5983
-15453
5303
6407
1100
-12906
-13421
-77
1684
-12175
8865
-18492
-15738
-15484
-24697
-24371
630
13859
-7004
-16168
-4729
-16974
-8584
-29677
-7976
8552
6873
-15649
-11316
-3731
14044
-16404
-27157
-7319
-14842
-25253
-17662
-12331
-15989
-21166
3159
-19795
-28783
7347
10502
-11365
-23848
-16457
-21806
-13719
-4258
1087
-3535
-3977
13876
-3197
-26646
-27000
-10873
-14417
-22970
-18875
10975
-8568
-624
12105
10641
-14433
-1106
-9002
-14779
792
-26262
-9396
5847
-13336
-9155
10385
6392
14058
8101
-4627
-2416
-2379
-5933
-20030
4571
-29590
-28685
-6454
13087
7921
-13115
-1938
-7803
-29598
14324
-25776
11832
-27024
-23682
-26507
9881
428
6781
12907
-28525
-5221
10707
-28099
-26527
429
-20084
-7065
10704
-4871
8946
7190
15017
-3038
-28782
-30028
-19494
-14289
-1639
-25363
-19299
-27537
-13109
-10200
9765
-13050
-25821
-10921
-8942
5379
-11014
10557
-6717
-2943
-21847
-13720
8609
-29947
112
-7617
-14021
-24801
-23971
-29791
-19063
-12554
-25795
2954
-26408
9989
1599
-6763
-21925
1306
-24168
-6479
9045
4376
-30134
-24912
11145
-16255
-15077
8021
-28858
-1148
-18948
-22449
-3078
-22771
-30104
-3922
-6445
2737
-23096
5513
-31110
-22482
9490
-30806
6537
-10507
900
-882
10921
-16506
-5411
3705
4317
5672
-4573
-18706
-5428
9703
-8611
-4845
-18265
12183
-11585
-30236
-18769
-17863
-11650
-22342
-21798
-8255
-17142
8917
-30423
-29378
10548
-4676
6629
-10717
-19797
16204
-4988
5315
-5368
-26923
-27857
-7924
-27241
9129
-8398
-926
-12249
-28712
-7899
10034
-28071
-450
-9986
5773
-5007
-5228
-22897
-30631
12055
-1428
-13778
-25733
12889
16090
-15529
6949
-13354
-4939
2819
-25064
6296
-20344
5518
-28804
331
3002
-30530
-29510
-16573
-24682
-25517
16251
-4612
13202
-11768
-29440
12610
8475
-11438
-17613
5164
416
-6848
-22200
-22351
-28167
-13190
-1678
-4282
-7756
-4245
-4582
-12164
6709
-21399
13230
-8005
-10820
15922
14946
419
-11111
-11383
-26789
323
9031
-12129
-5869
-9136
-15679
-4758
-14651
-11042
-10284
8755
-14710
-7407
-30619
2006
5812
8896
-14650
-29080
533
-7500
-573
3404
-3666
2589
11962
-3602
-10410
-9784
15483
6966
12150
4757
8711
-23027
5809
14805
-10306
-30431
7584
-16630
-7348
-27899
-3462
-9472
-28158
12259
-27090
-23373
229
-19619
-24929
15370
7801
11685
3837
3010
-24081
10134
10823
-6738
11062
10709
-26847
1949
-16644
3007
-29563
-9229
-13884
12583
3385
1054
-13353
-24914
-29723
-28301
-29159
-8778
13498
5738
-13863
-3514
-7057
-378
-24705
-30493
-25579
12065
-6471
1916
-23794
-20072
739
7200
-5464
4696
-15008
-5402
6545
-14
5270
-16633
-24253
6117
-686
-4296
-3450
-11888
6166
-7930
-945
-4619
1910
5636
-25904
-4180
-22283
-19047
-23133
-3776
12824
-19723
6943
-2194
14881
-30325
-13806
-11928
14759
1812
-27429
-14863
-8975
584
-18658
-27979
-15589
8580
-25067
-15087
-23172
4027
-14471
-11447
-26059
-24899
15827
8140
-29014
-27214
6312
-624
7467
-19652
-3421
2651
-13678
12755
-7368
-30170
12143
-20291
-1169
13141
-10737
-5370
8834
-1182
430
6706
11669
-4990
-2159
9575
-24940
-1689
12425
-24644
-10974
-2753
-12537
7158
15415
9466
11953
-25591
3150
-21952
8072
-30585
-25169
757
-25222
712
-5999
7294
-3630
15625
-14340
-28706
2065
12637
-30797
-27701
-13065
-25203
827
-24708
-9957
-18978
-29947
9909
-16624
-12692
-30736
-22094
-17320
15532
-15377
-13278
-709
-17923
14457
-14146
-15512
-13087
2072
-24397
13506
-27956
-9313
-20546
7680
12076
-23565
15529
-9798
-26593
865
-17709
9639
12661
-11637
2098
8343
3556
3471
46
4166
-3775
-18368
-19754
468
-29214
-21783
-27535
-11948
10695
1975
15413
-14975
-10565
-19817
-13677
6358
-9333
-22349
-15668
-25130
1378
6892
-7709
-4220
-20434
8452
5852
-16893
14886
9399
-27720
-26235
-21914
14467
627
-23442
-5976
-12765
493
701
-25747
-18050
15170
-31036
-17985
-18799
-258
1558
-6829
2517
-20258
-13634
-8774
-29378
-26539
14510
1098
8691
-28751
-24698
-20605
9912
-27140
-30678
5845
-17308
13246
-5414
6420
-9988
-3376
-22751
-7863
-24970
12423
4107
8039
-14119
8439
-22051
4878
-25893
-18146
-27882
-11085
-3305
-17605
6209
-2944
14823
-10199
-22910
10291
-23885
-23386
-240
-13441
-5744
-16347
-25096
-30327
-10111
-30254
-19974
-1384
9515
9030
-25596
7465
1707
1815
-17125
-20929
5264
5025
-4540
-27898
11660
7887
10633
-27468
-4458
-10157
3043
-29936
-16986
-17295
9876
-27069
-1766
-30691
-1455
14394
-13258
11279
11134
3943
-11308
-28458
12702
-17024
-4786
-13416
-712
-17778
6900
15794
-15884
-16663
14620
14373
6812
-22119
6454
-25067
-5066
-11409
-30352
-18230
-6198
-6854
-8979
13598
13335
-7466
9097
-7479
3747
1480
10582
12927
-5710
-16835
-17994
14389
-8978
-8890
12088
906
-25057
-19678
-21604
3527
-11454
-25134
5623
-28122
4563
10189
-16984
10285
1937
5663
8891
-2573
8002
-5905
-8820
-31207
-23406
-8342
-27098
-8761
15805
-10160
-6423
574
14856
-30488
-10633
9036
9759
-18187
-8798
-9192
-24795
8047
-30686
-5432
-14933
9646
-15195
-12159
16299
10643
-4534
4096
-1138
-17720
12935
-26372
-24837
-18603
16194
495
840
-10645
9767
-8089
-29553
4208
-18519
7511
-25614
-11234
9703
-20993
-7021
-19026
-25746
15600
-4704
-31131
-2372
-15624
1820
-8540
15403
-7272
-6166
3616
-18674
-29444
-2701
-17750
-28163
-24339
5785
-18700
-9682
3203
8167
-10635
8008
15288
-16078
15438
-16179
14396
3613
-5632
14333
14116
6573
-26476
1637
-17846
9741
-3688
-691
-5874
-22815
14490
3491
3979
11864
8940
-22255
15726
2891
-8805
-19826
-21520
15100
-7520
9749
-27246
-15335
7675
9928
806
-3061
15265
7735
4644
-950
15086
-16840
13488
12632
3245
12264
-20857
1094
12233
-18392
-3073
854
-27772
10814
-2506
-29284
7722
15192
-27331
-26620
10326
-10479
-120
-12421
-21085
12456
3237
-4807
9180
-4839
4834
-30093
2043
-9987
-24793
5245
-29550
-10821
-22642
-19073
6949
-20588
-1844
3575
10912
2982
-21017
7725
9976
13736
3135
-18439
-5995
193
-30368
-20525
11158
-24281
-13003
-4805
-14159
-8983
-15854
-18471
-10634
1625
10798
-27043
-9254
-21091
5857
14711
-26319
-16136
2435
-5869
-2886
8526
15304
-5660
172
-7574
-12198
3046
-5502
3554
-8673
-26493
-16286
-3057
13734
-8461
-21738
-4676
14487
-25397
13154
9525
-10561
-19078
-10690
1421
-27046
-21806
-5700
-18280
-4783
5005
-16542
-21164
11564
6955
14567
-9639
16443
1761
-25123
-2547
-23283
14882
13941
-8568
-26236
15702
-9907
-22090
-1908
-30286
4857
-27116
12918
-21197
-20500
-28869
-27391
-11525
-9014
-6462
-30812
-15743
-23112
-10884
-10408
-5608
-10070
-21845
-13352
-5942
14203
14248
10533
-1718
-21187
12218
-21935
-10463
-23894
-5728
-2740
-14569
12789
-9741
-13628
10471
-29656
-8504
-9022
-24138
11559
3096
12002
-26113
-1461
3387
5412
-411
-6172
5945
6418
2578
-1194
11150
-20457
-17172
-7988
2768
-15877
-11968
-27362
-22612
-4151
-24114
-2497
-1316
-20459
-11871
-27244
-9713
15275
9655
9233
-25111
-16494
-5009
-26322
15849
3272
3989
-10874
1619
15112
5696
9351
-20653
-21581
-1273
3433
-26779
-12828
11794
-13642
7605
-9948
-24143
14030
-25194
6059
-24897
4941
-1041
-8618
-7799
-21032
-6367
-2414
5641
-8118
-27555
1438
-25384
-25046
-9011
-9592
-234
1466
-1543
-26191
12869
13856
-12544
4287
15298
-24035
-24405
-15214
-15944
-9299
1759
-5821
3480
-19518
-6791
-11110
-30762
16212
-501
-4140
-4149
-2027
472
-12584
-10235
-5538
-18705
9608
3600
-1863
15859
-26369
-14541
-20052
-13918
2116
8439
-25971
-4913
15986
-22231
-28943
-26093
16120
5647
-1374
13517
-25753
1699
-1232
-14896
716
-21083
-29913
-24755
10673
-3611
-17598
-20859
-11104
-26650
-26061
-9913
-13900
12929
-13029
15724
-14695
-15619
14462
15591
-11039
10848
-20985
-17704
13560
10049
-24769
-15993
-24013
-15217
3163
-28652
-16143
-7113
7837
-9157
-1557
8904
10597
2182
-2513
3705
-10707
-10045
13314
6273
-23435
-4418
-25298
-16804
-26239
3256
-1014
9763
-25548
-17896
8049
-29188
-23374
-19258
-21356
-27308
-3529
8200
-19076
-23972
-1650
-29401
13668
10448
-21490
-6448
5718
-29006
-12845
-17974
2685
-13665
-16164
-8156
8360
-24671
12421
-13549
-5255
-14322
-24780
4823
9123
11661
-18525
13398
-17151
9990
10359
351
-17802
-16954
-19949
-12510
935
-15410
-24513
14193
-4969
6666
-16278
923
-26789
527
-26646
-18795
-10613
-2374
-17691
-5266
-21221
-28099
-23912
11726
-28644
-27991
-7308
-31041
-7408
12458
-20808
-5328
-5292
-24498
-24211
-5071
-28980
6521
-1931
-336
-19879
-24162
-13228
-8236
1838
-10302
-473
14985
-17924
-21260
-25199
7434
8018
-8399
15779
-2352
14769
-22274
-30883
7561
-21996
-20552
-3045
10411
9235
6690
-16821
1012
-2156
1523
3512
10550
13431
-26047
13973
13887
6950
3449
16423
-22977
3315
-3122
-9541
-18710
-4319
-916
-20516
10818
-4866
-29499
-25102
12837
-19908
7940
15764
-5610
-20156
-29538
-28468
-7015
14011
-14297
-12010
11875
-22076
-21603
-28339
9553
-15089
-31033
10246
-22166
-9698
-23076
-13554
-12423
13253
4156
-6007
-16879
3433
-20933
1521
-14324
5148
-16999
16132
-25112
-4289
14630
-23731
13502
-14268
-31055
15652
-2480
-2092
-19364
12653
-30338
6975
8772
-20644
431
-16049
-3921
16183
-23459
-493
-25857
-20841
10702
-13349
10809
-20712
-30251
-19410
-5872
-29975
-25583
-15081
3404
-25147
-28867
9359
13192
-5569
-18565
370
-16929
6964
8098
-2805
-2586
9665
3818
-9185
-15354
-20771
-19203
-26581
-29650
-6504
-16178
-14857
-30530
13515
-21188
2821
-30725
-19076
-9891
1926
-12619
-2489
-7339
-11094
-1877
14948
-8908
-13587
7538
-21403
-10774
-22887
-16455
-18106
-4853
15820
-14903
-14153
-23606
-21254
12220
8659
8687
-1469
-25567
-23397
2053
6405
-19525
-26057
-23740
-21943
8368
1874
-876
-11609
-17548
-29891
-31000
-5459
-19586
-19847
1567
-27136
-9679
-12312
-24055
15556
-26349
-319
-24406
3880
-9621
5210
6505
1922
-7656
-8154
9069
-21390
-29822
12694
-12117
-4311
-2587
7929
4804
6038
-11319
-1307
11490
-29610
-6062
-3724
-21120
13707
-16265
7657
-12543
9
11402
-14330
10273
-26369
1667
-1067
5438
-25716
-2937
-7236
-26929
-8482
-5494
-5816
-18910
-27872
14541
6940
-24041
8138
10244
3379
-6922
-11272
-16253
-12058
-14007
11736
15984
-28654
-3797
-14700
-12659
10017
-10618
-92
-21754
-24376
-6020
-14484
-23831
9063
13920
-23436
-26944
-1240
-21213
-27117
-5466
-8031
-9812
-27837
-2913
5100
-20076
-19405
9870
-5780
-23222
13123
-11343
-26060
-30836
-142
8700
14320
-10295
-2872
-17525
-28552
-27092
-29900
8044
-4891
404
-19341
-5529
11126
-25426
-27263
-27688
11010
7182
13664
-19886
16494
-22094
7303
13778
4724
12250
6337
3530
-21958
6660
-4425
11950
-6669
-16734
8372
2829
-8486
6224
-11899
-18698
-21328
13337
-4604
-12819
1562
-10295
-8826
-29295
-23811
5657
-6809
-24959
13472
16249
-24973
9232
2108
-25744
9638
-6651
-27003
-2100
12639
-740
-27517
-29217
-26024
-14767
7771
3541
6319
-20922
-30393
-19373
4039
-17105
-21407
2817
-29889
-19050
6207
-13388
-25322
-1365
9715
-10065
9812
-13230
-6834
-21816
-18355
5998
-20869
-7546
12054
13170
-5373
-27100
-22216
-9161
2762
-11587
-4206
5711
-3297
12290
7758
-16327
-13842
14008
13896
-10332
1156
-915
-487
-15755
9130
1129
4589
-5971
-11218
-2918
11864
-560
-26888
-23900
-11078
-28396
16367
-17941
-8556
-23787
7235
-21721
-28717
9804
-23602
-28594
-20405
-24335
-29167
-13478
-772
-14486
1948
-23288
-16897
1349
-17746
10368
6065
14743
-16670
-30817
15533
-27152
-1511
-9443
-1251
-24945
-15559
2131
-1089
-18537
14895
4534
6872
-20930
-1343
-18964
-26249
-25381
735
-10928
977
-10034
-11766
-30190
-28136
8044
16109
6195
-19222
1468
-28476
1551
4896
-9082
15744
12212
9408
-11140
-27230
-27133
-23324
-29709
-19204
-24407
2853
-6520
-14909
-10905
4847
8757
8547
-11959
6244
13190
-3216
-29338
-27656
-3056
-12965
-19324
-29180
-24890
-20722
-4566
-14850
14518
-556
-24305
5698
-12298
-27389
-15501
-13783
7086
-22132
-12416
2838
-14168
1772
-24124
-26545
-14435
-23375
14285
-20395
-14577
-11148
-10185
7158
-2625
11216
-1527
-13054
-29577
-13438
-13463
3669
12370
7886
11301
-6869
-18148
-6645
-17801
-1316
15204
-18075
-21065
-1865
-26920
-27799
-21857
13938
-2371
-16021
-1141
10088
-7347
-12252
4200
1969
12331
-20385
-9805
-19445
-21257
-17642
14824
-15233
2619
10095
-30701
-12708
13027
11450
10455
12972
7333
9590
6742
-15744
-8644
-10801
-11204
8850
9012
-21710
15200
2602
2813
15476
-19261
-23700
-22686
-5662
7260
-25993
-13157
-21153
16536
7721
3420
-17129
-5957
-27420
10346
-27253
-24089
-16148
12852
4417
-1729
-3965
3045
-10504
-19141
-19799
-4089
-21329
-8031
-28415
-2222
-28231
5603
-21830
6634
-28472
-18027
-2649
-21612
4793
-8886
5
5924
14466
4886
-14889
7492
-29038
-7765
-23937
5699
13122
14844
12963
-4520
-13957
-21174
-3469
15548
-4520
15573
11170
-17928
-24309
5030
15425
-27215
14307
-9035
13591
-13526
-19572
-7466
-12097
3771
5173
-5012
11657
-14603
-15416
13448
137
-19944
5205
14769
9538
11669
12316
-17868
-12078
-23175
-25009
-29902
-15096
-1213
4386
-4219
-17238
4308
-8908
-4629
-20242
11422
-11231
-26298
6929
-30939
10533
-26226
-26982
-4849
-29770
-19859
-17839
2317
-24317
-28467
-6038
-6587
-16687
-5701
13364
-15638
-25587
10538
12564
-9368
-9904
-3123
5256
9849
-4159
4840
-23231
-29197
-4236
-8485
3722
1788
-27334
-17929
118
-29068
-13499
-22851
-8700
-30900
12201
-2487
-15449
-21918
-6562
15035
5997
-9182
-13634
1375
3065
-12859
-23565
-9170
-31135
-2287
16246
-605
-7239
-4520
-23168
1368
-4847
3769
8081
7114
-28256
-11305
-20537
3886
-20892
12577
-28242
-19362
-3565
-26057
-18306
13612
-30190
13895
-30785
-19606
6220
-20796
10951
-6619
3916
5144
16036
-24017
2514
-26128
-20217
-7045
-29792
2537
8536
8602
-832
-15550
-16563
-2386
-25336
-685
-30332
-19456
-8695
2289
-14676
2158
14439
-25540
11022
-14641
15284
-30712
3548
-30691
-3422
15693
-6502
-31061
-12622
-5043
-5852
3492
1212
4681
-25828
9020
-4478
-20863
-24550
-8032
9158
11785
-22195
-16140
10394
-25779
12851
-15435
-7028
-21906
-1566
3605
-19337
-28532
-14878
1930
8552
16309
-20214
12472
-27742
6732
-5758
15802
-8919
-7042
-2681
-12204
2444
-26907
-26957
-4827
-30417
-17634
-7598
-22957
-21115
-16643
-9573
-9124
10801
-1703
5517
376
16163
-20336
-6386
5132
-15031
-29226
-27002
14215
-4410
-14278
-18756
4063
10919
-14241
-9448
-12150
-8543
-31167
-23987
-10404
5731
-22413
13670
-17479
3018
10260
-28834
13754
-11937
15307
3974
5188
-17529
15567
-3426
13720
-13746
-9250
10793
-2819
-29988
-11613
-21173
-16646
13707
-7591
-20839
-10557
-20872
-13828
-31210
-15403
4435
-15415
-3996
-11045
-5928
-15907
7432
6358
2370
10281
-19093
-17212
-29846
6007
-30290
9785
-5756
-30025
-2207
-14810
-9532
-19624
-19150
11453
522
6804
-15837
1776
-21882
5910
-15131
-9900
-11179
-27897
-11294
-21677
-28173
-3915
10531
11556
524
-14453
489
-24025
-9979
-13145
-28386
16128
-12955
11593
-26784
-1086
-15506
-18342
-30242
-4073
-26430
4196
8042
5822
-12735
7277
15875
-27737
-12248
-8617
-9644
-23641
2949
15264
1055
-25052
7478
11790
1368
-4496
10338
-24996
-30895
-15183
-18894
-2100
-2187
-6384
-22728
-25517
-2795
-26835
13822
-16847
14504
-9393
-3848
-11724
10452
-28413
-11537
8884
1248
9259
-2015
2868
1249
-18022
-8907
-21860
-20194
-9633
-21419
-23450
-14792
-29039
-27769
-29482
-2586
14641
-17473
8835
15528
1054
-4638
-2358
-3355
3866
13508
-28627
3912
-6725
-31026
5610
-9120
-11340
14388
-27249
-25631
-15624
-5356
-26778
2336
-30440
-1861
-2798
-27628
-13560
11921
-11793
-6705
3319
-12393
-4831
-17206
-11961
-4343
15124
-28745
8723
-21189
7510
-10272
-9898
-8315
15679
-25967
13979
4394
-538
-2386
-22655
-1147
-23947
9280
-14388
1187
-105
10793
-2026
-18682
-822
-7534
14706
-800
-30394
-544
-11553
-6966
-1183
13977
-15731
11619
-2758
-9827
-26802
12004
-27067
-22770
-6824
-29276
-10522
-510
10896
-19557
-27585
-13323
-16729
-15348
5546
13535
-30702
-13379
-27184
11612
-30266
-12143
-28084
-15050
10513
-7078
-3470
11493
-6855
-30310
-11207
-4741
-6844
-21452
15206
-11189
10290
-30962
-22853
-24293
-3137
-25512
-9279
9902
-24611
-13435
-25146
-29228
-16531
12463
-3795
9943
12616
-2076
-19277
-26642
-25700
10296
-17834
-9283
-582
-15132
-28667
-23715
-5315
-20266
-30019
-5778
5577
13474
8183
3377
-29834
-9035
11730
-2396
-5013
-1779
817
-17757
-24060
-5583
-27206
-10251
3438
-23637
-23259
14730
-9492
8265
-13519
-7215
-6689
-20044
-21384
3576
-14858
11335
4087
-9271
-7979
311
-22915
5553
-5886
6706
13173
16006
-12640
-11295
5267
-4195
-21714
-1902
6358
-18462
-30682
-19750
-11527
-23891
-6327
-8103
-17969
7611
-8586
8383
-8670
-29665
-23759
-16510
15340
318
1217
-25929
-29119
-3855
-4274
-2667
12752
-10792
-21038
-1302
-12225
-1294
1147
8510
15476
-23009
9528
-14863
13034
-19967
1010
-17337
13922
6678
7891
-13440
3079
13091
-31033
-21822
-17549
-17226
13433
-15845
12684
3148
7995
-1746
-2209
4570
10549
-13351
2255
-5903
-24174
10336
-26803
-24238
13175
-29983
-136
16283
-10368
-8976
11009
16486
-9621
-8672
-18460
-23575
-17935
4587
-30594
8182
-3879
-12141
-29661
-17941
15221
-28812
-4110
-22435
11909
-14114
10549
-2373
7393
-4069
1687
-11792
4067
15201
-21172
9688
14982
-8082
16057
1158
-4970
-14903
1410
1888
-10921
-7948
-10132
-23519
2992
-30142
7355
-8715
-29220
10699
1558
-22726
-22592
14283
13432
730
-16498
-19652
-19209
-11786
-8545
12151
-14259
14388
-7251
-20598
-1207
-10845
11107
-25962
13646
878
1250
7369
-27407
-12180
-6902
5132
-8425
-12874
12267
-19463
-23314
1439
-2299
12327
-27609
2150
10710
16530
-16301
14468
-17343
16295
-11835
-12789
7461
12602
5128
4417
5417
3456
-25951
-27434
-19990
-30011
-3545
-21706
-19225
-5185
-30097
-17884
-16677
-29173
7161
-27522
-12237
-20843
-3062
-4512
-2031
-7553
-29809
-17324
-20099
-11441
-21237
-15167
-14370
-2108
15553
-1090
-9016
12649
7989
-105
-14299
1994
5540
-13550
-10909
3315
-21576
-25879
4657
6887
-30224
-14787
-10935
-10883
15388
-7409
4961
-14045
-22666
5097
-15143
-27777
10142
-8685
-322
-26580
13213
-17109
1522
-4689
-27018
-29279
-16128
-6182
-5821
-2067
-10513
-8084
-3246
-25564
5606
-23622
-22148
-29265
-9703
13188
-6705
-9481
7224
-19397
8728
-7930
2754
-22117
-15512
-29044
-26843
-13835
14100
-16539
-25449
-28062
11229
584
-15815
-28441
-6942
880
13270
-17241
-8091
-11872
-5813
12476
12438
-17784
13233
10310
-7848
-13616
9764
-27338
12292
-24381
5090
-28981
250
-23248
-12202
-28459
-25751
-9512
-1153
-27306
16344
-5262
-20608
4394
-21206
-8046
-15092
15098
2969
-28766
-1227
6183
-2595
-2
10748
-1535
-3205
14645
-20356
-5332
-1653
-24717
682
-12730
-22262
-22235
-23900
-3892
-28525
-23999
4731
-21555
-7487
-25127
-21433
-203
-11759
5054
-27213
-13219
2749
12101
-12045
-526
8740
9607
14480
7241
-13581
-21609
-2285
-22955
-9953
11686
6245
-14192
-17980
5181
-13824
6409
3873
-29632
-1308
3097
-9117
-3896
-19016
-4818
-780
7002
4709
-12447
-10823
6948
-22284
11056
-14447
1633
-24269
-3907
-16397
-4803
-25806
-21015
8405
8564
9506
-30498
-23047
11779
-10535
10509
-1168
12296
-1930
-18227
-21503
6592
2674
-1449
-5650
-463
-20375
3677
-5089
15336
-28172
-9432
12251
-15664
-27900
3394
-14120
-15754
-6287
3538
-15583
-23036
-15870
-14314
-3423
-9416
16129
-9654
-20684
3374
-20987
-19905
4288
-5002
-28158
-26269
-30858
15666
-13440
8433
10795
-12802
-19450
-25558
-28795
-24477
-8101
12104
3268
-20089
6702
3041
-30369
6056
11168
-11165
85
-23811
5545
-12100
-27688
-26323
5661
-26121
-21358
-3212
-26881
8641
-20472
-5709
-6486
-2478
-12613
-23623
-2320
-30301
1681
-7725
-26038
4685
-26454
-27178
10996
-13768
-23103
-7308
-30168
9413
5194
10677
-12409
-10317
-10760
9474
-30724
-24210
-1006
7283
2603
13995
-24279
-6671
-27698
-7480
-18964
-27157
-9608
-9240
5691
16389
-26747
-19026
-25535
-19031
-3217
-8537
11327
-23614
14343
-24679
-26208
-11693
-18929
-15489
-1375
-27023
7452
-16002
-17169
7374
306
6569
-2989
-2041
5166
-27820
10303
-10064
-5732
-17139
5479
-15768
-13173
3174
-25472
7341
5869
-30172
-9239
-2071
-30848
-2965
9122
11425
15377
8162
12608
-22074
272
-15982
-27203
6768
-3743
-1797
-15740
-15661
15695
4214
-9151
7965
-13879
-16336
2316
-12712
-5489
-12895
-28624
14913
5069
-20697
-12444
-10719
-27496
-25614
-27936
-24715
4655
-6277
-8915
-1695
-19417
-20627
-1241
12146
-2644
-2654
-20661
2700
4151
-21748
2347
-12302
-7918
2296
-29968
-7520
-28280
-25724
-9704
-22780
-12162
-28570
-19447
-17727
-26415
-24385
-18957
-22287
391
-8953
1213
2015
-29843
10126
11041
-23673
-17107
1498
4146
-21129
-17249
-8980
1721
-8646
-2832
-16657
-2787
15630
-27817
-6087
-28636
3819
7659
-19296
-26790
-18000
-26477
-10057
-13144
205
12601
3277
-1297
-25235
14684
15923
-19631
-28697
11239
10137
-15785
5990
-6245
1201
5464
7804
4898
-30720
14353
10254
-29402
-4821
-25357
-30324
-5639
-7594
-17961
9844
9097
-12940
2827
-23007
-24273
-2843
-30189
2509
15981
15989
-9812
-11184
-30803
-26348
1917
4259
-29292
-1154
-13317
-29839
-27717
-11478
-18369
-26291
-7810
-17184
-28168
-18364
15542
2546
-10303
-22576
6204
-29954
5883
5968
1769
10302
-14498
1326
-4207
-14158
-6082
-9651
-31112
-17600
-25731
-13295
-23661
-14357
-20710
960
15188
-538
-16425
-5353
1843
-1659
-21483
-24805
-11268
-5700
-3512
-31124
10391
-28560
-12767
6807
-5377
-27741
-17879
-5115
-10722
-25837
2839
-22530
-22689
10225
-25762
3757
4353
12866
-11130
14941
6025
15712
2027
14508
-13724
-1445
4610
16135
-20128
12330
-30450
8840
2298
-12240
-30098
4576
-28810
-21318
3454
-18173
-17734
-21280
-27679
4873
13045
-24134
-6884
15176
-17982
-16366
-10594
-1843
-6474
-20551
-17806
-17345
12507
-3923
5525
-19668
-27457
-19231
-13735
-27585
-8001
-9389
-29184
-19865
7567
3723
6337
-18464
-9583
-20922
8451
-7823
5748
-11918
-722
-30828
-3260
-18190
-4226
-31172
-11867
-19376
-4488
1067
-1767
-23316
-5996
-21852
1418
1411
-26916
14587
-26781
-6312
-8109
-30669
16241
16086
-23688
-29606
-20340
13826
-30915
-22834
5537
-13075
-21035
-28887
-29359
-30286
-16045
13289
-26449
-7842
8464
4698
4259
-11679
-13211
-4245
-22069
-12448
1770
-7496
-21970
14182
-24932
-6303
11444
-924
-4572
-19536
-17619
-656
8310
-16316
-12389
-26616
-834
10761
7383
6067
-18478
-20943
-13165
-26503
-2874
-7103
-13243
-24559
3597
-9290
764
-26473
-21407
-29643
551
16080
-25585
-11765
1969
-26189
-5985
16016
-29074
3459
-3680
-10228
-15854
-8905
-3929
-23100
-24090
-22524
13512
-5876
-524
-27144
14968
-26017
-14103
-26541
-5900
14092
10214
-17973
-17343
-10775
-8578
-13580
-3316
-13656
-1468
-11970
-17643
-15658
-27726
-31033
-10936
-8381
-26678
12480
12671
-26582
-13233
-20335
-29319
-13607
-9993
-25036
-28692
-23798
5492
-18499
-21138
-11496
-968
15381
-1326
4833
11790
-30564
1597
-21138
11093
-28068
14649
-23419
1761
3952
-25366
-1544
-12412
-9899
4168
13859
-13575
-24238
-30303
-16883
5557
-11224
-14644
2832
9973
2783
-510
8282
15778
-25147
8308
-9058
6900
4147
-6505
-21808
-3445
-13805
7869
-9498
5964
11041
15497
-1457
-15105
11951
-6716
5224
-24628
-17889
-2035
-5458
-9022
-11640
-22583
-11512
14642
-2260
-23274
3147
-16500
-10317
-28406
-16856
-4130
-152
-8171
-7756
10696
-688
-3085
2698
14625
7282
-15003
-11945
-7175
8081
2254
-5693
527
6210
-16714
-25782
-5169
8839
-30132
-15172
6793
7671
4202
-5989
-3240
-22256
-10192
-14818
-6644
-17885
16057
-25625
12126
8702
-9962
-22281
-28162
15371
-30966
-3751
6253
-27793
-30727
11544
5109
-25762
1334
-16429
10952
-10113
-14002
-25006
-20288
-8030
9535
7380
-7639
-31202
-7580
-21910
-18287
-28199
-26490
11089
-27813
3646
14955
-10138
13224
-27666
716
-15636
1557
-19148
5100
6141
15314
3304
-5239
-1298
-3377
-6644
-27698
-2473
-26738
8914
5179
-5314
11198
-2286
2770
-9851
15269
15897
-11818
-25741
-8621
-29919
-177
13095
-1803
-23513
10587
14545
4335
1223
-10230
442
-30952
-28571
-25139
-2750
-1029
13074
-18008
1281
-15271
13727
-12396
14831
8799
-19011
-21790
-9903
-4612
-25994
3899
4599
-29729
-3092
-24469
2616
14328
-16438
-1888
10606
13224
10229
-12328
-4860
-27813
7970
-16408
5422
-13545
-24132
-22704
-20259
6890
-27673
11976
-23438
-7067
-2131
-22549
15241
-1474
-7981
-4481
-17253
-13394
-17805
11124
-25957
-23161
-25363
259
-30164
7657
-16137
14994
-928
6835
-1978
287
-11964
12152
-22760
1420
-6240
-18488
10729
-23599
15843
-2000
2511
-1434
-14928
-10033
2109
-873
-343
234
8813
-7410
-20897
-8204
-21627
-24602
29
-12229
2223
974
13990
6290
-30258
-6325
4158
-26136
14024
-19002
16197
-30524
-24508
-5213
-23428
14362
11098
-17276
-7289
-10120
-26886
-1072
3654
-7716
-17710
4300
-30666
-6243
-21159
-13515
-18186
2849
10454
-4189
-30810
1702
-1308
-29135
-25828
14568
-2638
-7999
-11002
-15176
-30948
4346
-29476
2213
-19005
-24324
11796
4979
-18251
-30832
5152
2919
8179
-9649
8069
244
-11798
-24721
-19451
-2757
-23150
-26128
10216
8525
-15590
-2402
-5186
-8181
-21654
7079
12868
11237
-14364
6982
-10253
10785
3233
-1459
-13190
-10057
-3376
-27123
13397
-5284
-21241
-17807
-26890
8429
-597
15576
-10961
-22603
4641
-30440
15453
-19711
-24756
-17031
-3410
-27117
-7831
-23483
11730
-23454
-23341
16172
-8990
-28245
11955
10818
-16424
-27409
-27897
1262
-2813
-3893
-7292
16149
-30275
-14758
-13789
-25836
-7904
9471
-7800
10301
-18606
-22155
-31080
-1635
-14476
-10812
13861
15443
-24900
4166
-4171
-31026
-12622
-12911
11499
7402
-5294
-30569
-12164
-27630
-22499
-9465
-16556
-26296
-12945
-13490
-1215
-7909
-8817
-7677
-1625
-5439
-20782
-17718
-11348
9983
3037
-24944
1105
-26077
-1266
-18644
-2597
-7938
-4280
-500
3975
4074
-14069
6602
-19049
15781
-16032
-25821
-17069
11118
-24500
-2015
15720
15642
-3086
11440
-16572
-16886
743
5577
-4186
-28245
-10748
-26673
-4786
-12373
194
-31136
-18879
-31100
-18437
-1573
-30428
-18007
2573
-257
-19932
1287
-25942
-6579
-20640
12678
-21174
-1878
15574
382
-28297
-11252
15678
13757
-8313
-29495
-19479
1323
14663
-25279
-20144
-14208
507
-11072
-1132
-22416
-5705
-26916
-14832
6006
-30568
11456
-17086
-15242
6787
4773
-18036
-16780
-3177
-13876
-5897
-25057
-12175
-27222
-19220
-1169
-25253
-29230
12837
-25563
-9731
-18764
-2872
-26610
-14255
-22414
10069
-28653
-6570
-22724
-14266
15200
-21678
-6908
-12868
-25016
-12049
-3349
-25330
-4986
-21561
2690
-9619
10877
-22151
-18117
14214
-24160
-5359
7326
8633
-7451
-20781
8388
13283
-13344
8582
-697
11636
-5211
-26633
-14373
8720
-432
-6928
-1391
-17712
10738
-29306
-8758
576
-30883
14386
-19487
-9548
-8114
4018
-27178
-5902
-14440
1568
9698
-11951
-12664
4444
-22949
10692
-938
15979
-16559
-28072
14123
-12462
-7172
-15222
10421
-8062
6705
13690
-14777
2785
-13485
-8393
-21429
-11889
-18976
6636
-9654
-18690
1996
-23733
-6760
5217
-3263
1930
218
-19940
-13031
-19779
-4816
-11394
5114
-30662
-3598
-27589
-27194
-18040
-21096
1160
-16697
4183
-26226
-20676
-12379
-13819
11275
-16477
-7836
3799
16240
12839
-10849
6438
5920
-8099
-15793
-5228
-13127
-3171
111
-28278
9295
11171
-23705
-29886
2271
6881
-20432
11946
-25450
-8798
-28924
-15108
-11152
3959
-15507
-731
-16139
-7728
-13570
-1294
-29347
20
-27758
-13952
-17921
11334
10143
-18505
7516
11496
-7953
-322
8405
-19065
-2534
-18014
-17375
-10074
-22470
-29445
-20315
-4026
959
-2273
7437
-11088
-11010
-28849
-21507
-5809
2720
-1605
-18906
-22373
4455
15778
-5688
-12039
-13218
-21565
-4746
-21826
-11325
-16283
-1647
-6889
14513
10993
-2674
13113
-2479
8484
-17944
16220
-20676
-5617
-646
8588
16405
-20525
-5468
-3180
8419
-18273
-9347
-1329
394
-20239
-14276
-14461
-18272
15664
-2360
-28290
-13040
-7549
-4849
14474
6068
-506
-25190
13341
989
11756
9897
-19991
-1417
-13286
-18005
-13932
-5286
11876
4002
1846
-11028
-28295
-16850
-16264
-16388
9318
3090
-28344
-26556
-23763
-7559
-28862
-30988
4899
-3333
-17971
-5421
14078
-10195
-7547
-2237
-12240
-11316
-23342
-5493
-27146
3513
-8509
1062
13654
12824
-10824
-9878
1528
-17254
-7884
-6405
-14095
-15599
-7560
-27846
-24995
6194
129
-26076
-650
-5521
-749
-3445
15411
-18033
13594
-3162
-23050
-9027
9329
-7599
-25906
-2385
-22670
-31029
-14309
-962
149
14848
-12733
8688
-2176
-28733
-9678
-21347
-13171
-7051
-2541
7964
-5083
-5087
-19830
-27909
7874
3125
-10606
-2169
-9611
-26221
-27549
-28854
9148
3891
-3675
-362
-26228
-9427
8198
-13830
-10516
-15707
12748
-936
-15191
8481
-24463
-2346
11359
-4508
10733
-19988
-23426
-28827
-3204
14434
-30456
-12654
-11058
-12336
6690
-30878
-20373
-24774
5502
-23938
2267
-1178
-7864
7448
-14651
10891
-22638
-15440
15967
-15741
14231
-9298
-7936
-25421
-12969
-4652
7748
-8134
-5277
-24494
4395
-2866
-5485
11772
9313
-7492
-19740
-1481
11962
-4285
-20752
5140
13327
-19978
-27353
3859
-30534
-6862
-23490
-10273
-21178
-5029
9647
-13450
2749
13530
13113
-12131
-25585
-25063
3831
13052
-25882
-12626
-30038
-26861
-2838
-11837
-12347
16229
-1610
12115
5253
-952
6459
-20438
-1767
4791
10630
10135
-17927
-30766
1898
-8760
-53
-4530
-14647
-18221
5375
2016
-18176
2004
12920
-4337
-1316
-222
2744
6734
2373
-2908
7740
-26956
-10905
15165
11840
-30529
-16952
-6377
-10485
-10764
16123
-2636
-17790
-7680
-18977
-27559
-1353
3067
-4404
2018
-24378
-11201
15310
-21312
-7246
-12490
-14914
-9673
11282
12924
7746
15315
-6325
15270
-466
-29996
15633
-18322
-9327
-22274
-26157
-9890
10226
-6820
16221
-9706
-19747
-10786
-26344
4628
-30463
-415
-16480
-16628
-18432
-202
-7509
-26643
-27664
-3625
-8535
-27496
7562
9364
-15573
-21673
-4422
9000
-9645
-16252
-8478
-8131
14240
10738
14410
-8168
-14239
-3802
-25619
-26739
-22015
-4470
-2776
-15595
8553
11930
1547
-25157
14242
4244
-235
-19873
-18433
-29150
-8915
2878
-8295
-30056
-1602
9793
-15875
11998
-13039
-29968
-1004
16126
795
-18705
-17547
10272
1017
16427
-25378
-3075
-507
-25096
7985
-22939
11891
-25970
-14422
-18205
-4731
-26684
-23896
9923
-3549
-21394
4353
-5501
4442
-18104
-2283
-6808
7046
-16972
-7630
2923
4471
-15088
6964
-10713
11191
-31094
-22421
-8923
15572
-16167
-13759
-14452
-17812
-4475
10856
7448
-14797
-19878
-27428
-13555
16524
-18316
16387
-2257
1409
-21281
15592
-18128
-21015
-27274
-30856
10530
-15656
-15099
-25410
-436
-6586
2694
-5900
-24249
-6365
-6065
5303
-5330
2143
-2159
-15156
-3883
-5842
259
94
5778
-22479
-2679
16470
8558
-4454
-30248
778
1861
3149
-27894
6622
11127
2809
-5444
12028
5941
-23004
-14571
-11256
8973
4554
-30351
-17056
-6755
331
5986
2528
-26892
9585
-1790
-27493
10631
3927
236
-31085
12730
-25816
-13502
12097
-8409
-28471
-19616
11087
14994
3408
-27870
7007
-4331
-31120
-30949
-6090
-2419
14745
-22042
1418
-8180
-1150
-3827
-3323
992
9595
10257
-21338
-14481
-22804
-11235
-16520
-1616
-19046
-26584
-17917
-16339
2959
-2791
-21374
-4392
-24921
3099
-18599
6704
-10433
-9388
9730
5662
-5771
-11232
-19862
-21585
-23276
-11783
4793
-26114
-22633
10879
-11482
9882
9512
-9402
-16125
-15853
8917
9803
-19005
-15758
-356
-18815
-7231
-471
3489
11300
-22203
-29071
-17332
-6331
-12367
-1032
4539
-25948
8653
13763
16049
-15195
-25129
-6969
9726
-10207
-21741
4873
-21543
11953
-4538
15438
-14053
-4067
-8848
15816
-2688
-11240
14347
9763
-26008
-14934
12013
15221
11522
-15459
-30589
-8183
-22847
11546
5177
-1334
-29880
-25803
7472
11690
4026
-7262
10048
-22232
-28286
4859
-23623
-5259
-2627
-10325
-20485
-13691
16062
11789
-19052
-4923
-28256
-5747
5213
-21758
-10378
-25242
-3728
-16251
-17704
-16138
5912
16286
-14715
-14647
1526
-5825
14803
-4919
-25365
-7166
-7509
-5821
13122
12372
-27811
-27313
-1712
-29791
-30067
-4512
5636
6782
-3859
-7408
-13318
-3118
-18527
-23523
8290
15221
15956
1047
-8936
-9136
-5607
8648
-4647
-29601
-18668
-18260
-2839
-7928
6155
-28065
-24877
-6893
-25359
1518
-28650
3277
-27610
7346
-19178
-8030
-3249
-28817
-2210
13568
-12337
-12445
-22540
-29157
-23702
10406
-20200
-11623
942
-906
-1159
-30738
1878
-16850
-12618
10375
97
-25836
10487
-4776
-17155
-20375
8756
-22944
16184
-22741
-4022
-16965
-8203
-12389
-7120
4887
-20482
-19587
-20783
7482
-13602
11006
10718
2328
8795
-5832
9874
-14215
-19974
-21914
-18173
11666
-508
-3075
11691
-5104
-7252
-4833
6408
-26919
-2443
14017
9881
3333
-18020
-29787
-26557
-13767
-7199
-5117
-29874
-29740
-20382
-25374
3926
1679
-24697
-21852
-26888
-26703
2953
1239
7940
15309
-31196
-2480
3375
7146
14034
-25000
7523
5994
15493
-28201
918
-14621
8888
-28158
-15360
-7986
-441
7832
4456
4146
-19691
-4189
-16807
-17388
12550
-18809
1720
-7625
-21003
6191
13499
-16508
-31219
-13325
-29010
-23380
-27568
6203
-4733
-3823
-3382
15948
-8793
-26982
-29741
8951
-16659
-9606
-8270
-5927
-18852
-571
3768
8160
12982
-21828
-9383
-28181
5013
-5643
-31103
12936
1990
-13454
12156
-30781
-9093
-30714
-6579
7457
-4091
-22141
-23276
12453
13893
-20084
11265
-25646
15825
-26497
-8629
5923
6012
-23727
-7878
-12438
-26946
14651
6240
10404
-22897
-19995
-6614
12733
-26385
5960
-20418
7937
-2673
11683
-10270
-20623
-19108
-15896
-7145
6745
8597
-729
14237
4518
-1706
-20243
11688
-19884
-21044
-27529
-28935
3426
-10774
-20107
-15432
-17571
-1284
-14040
16240
-23990
-4834
-18658
-18748
-11959
-258
-3164
1156
-8021
-26298
-4493
-13554
-1130
-16747
5819
-26297
-19493
-9412
-15922
-14387
10111
-12938
3424
-29061
-7400
-25551
15256
-8579
-14508
-3891
-6244
-28408
-10056
-13793
-27312
-16935
1444
3409
7283
-12918
-7338
7042
15312
6851
-21853
-6717
-22610
-31148
-5090
-22639
-19608
-1090
2152
-28391
15122
16287
2341
-1330
-18191
-29222
9083
-14947
14057
14714
-23879
-30796
-26854
7971
14543
-25127
-9994
-7129
-9795
-9815
-11134
-21152
-25362
3295
-20546
16244
4817
14112
-2689
-25405
-11900
-11153
-30363
-11789
4974
-11417
15047
-29571
-19467
-10455
-9159
-19378
-27725
3562
-20996
13559
9568
11890
-3302
-25587
-25948
-15300
-18896
951
-5161
4256
-23972
-21381
2693
-22751
13453
16480
-11918
-29098
-18594
15814
-23453
15001
-4123
-18319
7003
-1857
-8319
-6555
12479
14459
-5635
7544
-10468
-26661
1022
13381
-26072
-14192
13543
-22772
-24622
-16188
14523
-4778
-7844
-17790
5097
4681
13935
-23598
10983
-9958
8338
12755
4283
-29448
12922
-27737
-13398
-30264
16260
-4070
9050
-19961
-31217
13175
16147
-16836
-13094
-28297
645
-14648
-20578
16308
-25117
-893
-15373
-16600
-29542
6504
-26025
-29903
12042
-24801
-7278
7723
-29309
-25345
6172
-15226
-2644
-27170
-16799
-29799
-5762
-18574
-6644
5170
-22482
-18161
-14431
9904
-20124
12044
-2292
11190
-30692
-18398
15965
-10924
9230
13120
13656
-4067
-2872
4342
-29791
-20571
12806
7458
7140
-3576
-6055
13701
-17767
15274
-27297
13114
-6458
-1069
4960
-7804
5887
3821
12871
-10479
10499
-22397
-25276
-6168
-20110
-7277
-13521
686
-16124
-30081
7870
-4874
-8246
-26255
16047
6409
-6426
5840
-1411
-19933
-27725
15362
-26702
-28817
2518
-13098
8075
-22082
7385
-24393
14464
10695
5578
7141
-16439
-20510
-11681
6418
-19052
15543
2291
-2081
-28197
7248
-763
15821
-23582
-29623
-24709
-7517
8550
-2039
-25429
-11578
15493
-22951
-2491
-5833
-29088
-12134
-3213
-25210
-12676
-14215
-1821
3782
-13879
9917
5133
-17791
-5625
6931
-31215
6609
-30990
-12698
8283
13259
-24372
14010
-24022
8215
16198
11104
-7516
-15709
8587
1250
-15572
-21119
-19311
-14274
-24950
2673
-18996
-9113
-2856
-30531
-16577
-23161
10211
7189
8732
-14883
-2577
-25126
-13995
-12466
-17336
-23778
-8260
-5682
13974
12058
15370
-26387
3608
16355
-1542
15161
8064
-8055
5982
-21322
4269
-17724
-30798
-20950
5258
-29886
-13481
-12924
3843
9807
15780
5745
-26049
-18083
-21000
-18882
15875
-26055
-382
-11479
-16368
-29051
-2734
-20716
-30551
-6419
15590
-12565
13662
-19810
16102
-20683
854
-16459
-19311
-71
-18737
11070
-25287
4510
-7059
2782
-20760
-11808
-14939
8188
3825
-1190
7845
-405
9781
12558
-27782
-17146
-8341
690
-18902
6943
-20023
-26334
9842
-25293
7901
-8812
-28379
2863
-14000
-28882
-655
-21923
-12155
-25570
-19061
1359
-15497
-23506
5527
4620
6357
-17644
11314
13205
15354
-2815
13335
-9744
-1059
13980
-1664
-7474
-11700
5527
-25582
-22167
10911
-27830
-12820
3163
-4229
4913
-25396
16539
-52
-25
-4256
-21130
-11942
-23625
-6128
10067
-1005
-5571
13478
-5806
-14065
-24910
-15239
-10978
1302
-5943
4837
-14464
-1094
3697
-3251
-9089
-29732
-12215
-6561
-1743
4171
6796
-7214
2769
-28358
-6607
-12140
-10000
-20918
-4153
9465
454
15036
-20922
10824
-3619
-20314
14181
-16613
12758
15966
-25264
-14964
-6450
-17845
-6643
-24812
-16576
-7097
-18395
-25493
-9756
-22079
13477
11123
-19696
1612
11199
-15841
-11867
657
3129
-18335
-257
-409
-2978
-22252
13951
-26629
11586
-13424
-27804
-31118
-26456
13798
-10091
-10713
-4447
-26062
1548
1440
-28408
-20945
-21915
5622
3149
-8566
-24187
-3566
1603
1224
-15522
-11503
-25159
-11396
-15139
880
-14668
3352
2463
-3657
-14291
-17728
-19840
-20131
-25452
-21121
10634
1044
-15678
-24541
-4052
-4904
6962
9301
-27945
-10464
-11936
-15598
7881
-13446
14324
-14483
-13566
-22533
-30132
-27463
-20469
15414
-10553
10127
7901
4838
-26254
-30924
-5979
-28965
-8689
-12681
-9974
-30788
-28184
-21505
15528
13193
1689
15233
-1908
7546
-7582
796
6540
7443
-25586
-10004
13955
-29249
-17928
12009
10889
6472
15819
10163
-20140
-25656
-8250
-4585
-19295
5128
3613
3607
8762
5009
-20257
6132
10351
-30085
1582
-24093
1660
1846
-27219
-15115
-12916
-13965
16534
-4426
-10609
-11634
15388
12132
-8904
-19147
-18429
11548
-8015
-4858
-15268
-21205
6834
-10268
-10976
-11562
-14809
-5936
-9477
-65
-4718
-26144
9418
5034
-20522
-19971
-1435
-4690
16271
13349
-10825
-29696
-25430
-13567
-27307
-23066
12121
7511
-647
-24121
-13710
-2749
-3691
-16793
5224
-16484
-11387
9324
-11855
16274
11165
-4128
-16280
-21623
-11659
-7697
-23035
10387
13191
5143
-8153
9396
-25476
-8268
1918
5754
4436
-11151
-7090
7878
-25164
225
7582
-26093
-1651
-30528
-6632
-23991
-4768
-15742
8007
-10177
-19463
-3004
-26401
-10947
7307
-24067
-15600
-4093
-30772
-25459
2167
-7328
9853
-19946
5812
-16320
552
-1579
10983
5893
8963
-7570
7428
-2217
14243
-9868
-5714
6097
3162
4227
-23641
16095
-198
1386
-24759
-11934
-8410
-25298
-11973
-6089
8571
-16205
808
-30562
16036
-23488
989
10354
7148
10349
12420
7821
-1653
856
-7580
-28681
-27846
3807
-4118
-28333
12501
-1110
-8246
3008
-27416
4822
-18676
-5385
-17566
-19690
5554
-13954
-31094
-23653
-14855
3548
-12949
-11604
-12424
12140
-12855
-13976
7770
-20448
8060
-29757
9276
-1605
9205
14915
5339
1127
-26259
7813
5182
12574
-19047
-28584
6735
-4962
-27226
6999
-23740
-27231
-27777
-3040
-19699
14434
-16023
-7654
-12669
5446
-18579
12183
16182
-24389
6819
-18380
-2709
8190
15459
12972
-10950
15417
-20224
-23980
-26308
-20162
-872
14819
10803
-29715
10593
5723
-17924
-27078
-5117
10955
-11288
-13702
-21597
-26481
-7772
-23877
-13388
-9918
-11159
1569
-25986
-17638
-521
-11879
-24597
-19466
-18807
13767
-24228
12156
-26297
-2662
5313
-15078
-31050
-21331
-24486
8165
9649
-18376
-9694
-15238
-28773
3510
-28508
-10332
14559
6227
-5383
-6733
-1323
2098
-8736
6430
4900
-8558
-2853
-12548
-1152
-16275
4483
15863
-16675
-24712
11736
-23625
14400
-3960
-17746
-17655
-16954
-26985
-12932
11291
-24978
-23416
3402
-19800
2594
6222
6626
-5495
-28139
-8520
-10700
-20780
-13513
10747
-19075
-28458
-23577
16394
4810
-21498
801
-12287
-17670
10935
-22724
-18729
-28083
-30717
-14948
14449
-18138
-20669
16260
-383
-1762
-26548
16506
15420
12722
2290
-21514
-10374
-16930
-23771
-10684
-23162
9266
-7493
-16719
13171
-16064
-17918
-6123
5608
-4110
-29831
9662
-23689
-6957
-8161
3709
-28553
-10798
15412
-3009
-19909
-10929
-18029
-10797
-20327
-9152
280
-6043
9778
-8019
13284
-20979
-8856
-18700
-25240
-1086
15399
934
-7602
-11798
5392
-14594
11317
12551
13819
-25457
2602
7370
-8236
-1863
13207
-14211
-19920
-25215
-19183
-3972
-5086
-12008
-13505
14125
-18787
-3013
-3492
2209
8299
-5966
-5339
-427
-18686
15281
-27435
-9632
11839
-9739
2633
-4033
-2384
-15575
-8925
11756
-13011
-29194
-17777
-17628
12624
2450
-16615
-8689
-7760
-6098
2564
-12083
-10717
-24446
-25271
766
-11094
7522
3983
-13746
13951
-24237
2307
-2844
15241
-16375
-26929
-209
-29195
3238
-15903
-20130
497
-3220
-23196
-4436
-9768
-5845
5817
15564
-11575
-15286
-12755
1793
-11352
12570
-24414
-11545
-21738
-1981
-21809
8550
653
7267
-18222
-20275
5444
-9392
-29325
-6406
-16061
1777
7634
-28654
-1967
4441
-18038
-7813
5508
-21122
7879
-7740
-24543
14024
-3988
-17837
-8972
-14887
-28735
-7079
9970
-24025
-25735
-9813
12144
-26414
11964
1059
-6822
-15087
-10576
12433
7822
-12142
313
13692
-4171
272
10452
-10544
9924
6773
12243
4272
-11651
-7797
5484
-27431
-26484
6661
13131
-5146
-12929
9849
-13204
-14147
15314
1662
-18358
-10028
-12009
6357
-17799
-20457
-11755
-28
15168
-1018
2404
6460
-23637
-29867
-22026
12718
14341
-9924
-3594
-25061
9173
-26805
-1285
-25312
-8130
7975
5989
-18009
-28506
-18592
-14184
-18425
1957
-21493
-8231
-30116
604
11710
-10047
16129
-17790
15773
5076
-18029
10383
-24340
-24819
-13611
489
-8952
5009
-30127
-28539
-11409
-17953
-27039
14915
-25355
15321
-15604
5271
-24545
-296
-887
13920
-26923
-1425
4482
-25752
-20124
15392
-3582
-8061
-20216
-8103
-5386
-211
1958
-14505
-6627
-28104
-4263
9815
-11577
-20915
-16862
11885
-12600
-449
-5319
-528
-16091
4067
-3891
-13011
1214
5053
-25033
5307
4946
-15093
12840
-24963
3425
-18768
-6595
-5420
-14622
217
-371
13789
11802
1471
-24231
-1133
8665
14470
3261
-3269
13302
7800
3045
1058
-12788
9265
122
15505
9225
-18173
-30284
-4211
-11816
3850
-14035
-9843
-18667
-15914
-13162
-19552
5017
6378
-1127
-374
2857
4973
-9894
-5946
-30204
-2568
-19568
-19115
-8045
-1036
-22566
12279
-14985
-25710
-3565
-228
-16554
-9527
-11754
-8615
-24371
13924
9914
-13803
-13899
-27345
-10087
-17848
70
-30131
-29046
3011
-6225
-13363
14180
8440
-29334
11016
-8020
11973
-29589
-4307
14559
4979
-30314
-24951
216
-472
3460
-23796
15333
4798
-13885
15676
11655
-29434
15779
-28681
-3358
-13862
-10194
-16585
-31040
-11469
4532
-1430
-2747
10162
-13161
-5029
-14333
119
-6770
-12207
3505
-10161
10380
14581
75
-10407
181
13302
-25157
8384
-9719
7530
-25024
-24227
4893
1914
-6706
-5085
2250
8494
-28112
-20604
8408
9736
14072
-15971
-16152
-26966
13408
-18002
-19493
-19131
14867
2065
-27176
-879
-11016
-16947
-7335
-13453
-841
-24085
-3916
-25839
-22797
14948
-22962
13220
-748
-14495
11035
-25239
-7739
14199
-15947
-14806
-6002
-871
-29960
-12366
9770
-2016
-19927
13526
-31128
-20038
-582
-10823
-26015
-26766
-26902
11014
-3548
14000
-12395
-9889
-766
-12881
-3897
-12244
-20029
-19749
-15349
-10728
14208
11578
-29387
-21995
-4376
-8836
-26145
-25103
6746
-8318
14933
5351
3996
13060
-15546
-14163
2365
-19766
-21181
15681
-8543
1396
-17767
6709
-22120
-5664
11465
-1380
-14372
-21385
11740
2935
-9981
-14446
-19542
8766
-299
8644
-1113
-23987
994
-26705
-14358
-8138
-18102
-19702
-89
-24063
-16463
-315
8949
3112
-849
9492
470
6028
-22351
-22448
-27518
-18289
13412
11708
-21707
-4176
3398
6453
-14836
-24300
-18133
8345
312
10015
14847
8386
-9640
-16093
-17065
-24359
6780
-27899
-7684
7059
11734
-19716
4535
-14412
9516
-13849
-17813
4072
-20725
-21196
-3011
-24214
-12774
5490
-22854
-911
-14584
16380
16270
14623
15925
-21641
-9728
-4721
-6773
3848
-14184
-27609
-24965
4614
1644
-3517
14936
-9465
-10856
-1963
5759
-15899
14151
10394
10132
-5815
-29975
-27776
2172
-17760
-11305
15683
13337
8998
2011
-26227
-26117
-26794
-20881
434
3516
-27506
-505
-25879
-21788
-27037
1309
13177
16009
-6273
4113
-20162
5039
-13298
-12142
-1230
9755
-20505
14
-9453
15776
13967
-21295
8409
14676
8990
-18747
-19070
-24712
-3291
13304
-27154
-3408
-25528
-29727
11367
-17310
-21147
-30465
-5915
-12369
13471
-18212
14724
-8703
-28372
-26215
-22920
-25827
-30282
-1593
-14622
5025
-10284
15271
-4981
7040
-13198
-11592
-1405
1944
-6933
3702
-11353
-28703
-26597
-30830
-20103
13709
2564
-14474
15567
-22796
12413
12929
13305
-30823
-16612
-15750
4901
-7330
-25579
-31099
-18748
-9518
8985
-30379
-24935
-12286
11871
-8963
-17072
-187
5840
-7576
-19179
-29906
-2574
-29902
-6038
-4689
2439
-20451
-27629
-28496
5508
-1065
9432
16232
-12613
5132
15939
-28624
15191
12236
-867
-30456
14012
11201
3739
-30835
-9790
-8643
15266
-8604
-19728
-28976
-7773
-9194
-23283
2854
-16594
8006
2749
-23421
-7464
-20459
-16405
-22616
-22504
-30596
-22319
-1006
10700
-3054
-23951
16310
-30299
-3969
8759
-27727
-16349
-26825
-27566
4305
-27002
-18069
-23925
12553
-13136
98
10603
-5410
-27267
2096
-318
-27903
10579
-20680
-12979
-31111
-19127
9697
14342
-29554
2219
14306
-3825
-7753
2069
9140
10187
-28204
-26309
-3861
5069
8358
-30456
13212
-4367
-28021
-1395
-12807
11634
-28299
-17771
-22376
-3151
-29871
-10137
11050
-19650
-5910
-172
688
-9780
-22081
-27567
4277
-30173
-1928
-5658
9133
4990
9973
-29328
-527
-9263
6110
7381
11440
14089
-22811
-11488
-3415
3123
5089
-1613
15439
-12407
-15590
-20974
2877
-13061
-25806
-22495
-18081
-13429
708
-29306
-11060
-15488
-18444
-25862
-3980
-8707
-11119
-19243
-458
-7149
-26840
-18989
-26700
-7884
8951
6508
2649
6446
-29255
-11829
2270
-8126
-22382
-24000
-2989
-17115
-26596
7562
-29065
2028
10861
-27602
3828
-28136
3973
15074
-11996
7269
7382
-25673
6275
-15151
-16079
-24744
-22551
2130
127
-10716
12459
5988
-8771
4216
-563
-30024
-31071
-486
-15694
-1283
-29643
-28449
-2627
-29202
-16885
-3572
-28992
7714
-16148
7983
-25941
-12136
-6294
-17213
-17000
-27128
-8816
-18491
2201
-17297
-3597
-18025
-13766
-25570
-30852
-24381
-1631
-19138
-24476
-29574
1031
-5962
5843
-11583
-9051
10123
4710
11995
-19307
6875
-23366
11079
11382
4874
5501
-22182
-28745
-14044
-27033
-18104
5230
-17983
-13872
-30047
-10809
-27398
5213
8383
-29862
-18673
-6214
6803
-27764
-9295
6251
-22412
-18887
7282
-30010
-22325
6640
-23916
-9630
-2497
-25470
962
-3208
-21405
-19923
-29387
-2670
-379
16035
-14531
4368
-5302
-471
-13968
-15220
4282
-7990
4315
4012
-20579
-23700
13541
-14793
-28592
-15642
2352
-2188
11866
-27508
-18430
-13825
-20055
-18376
-2965
-131
-27759
-27572
-13518
-29527
-25485
-13287
-29818
-8380
-14177
14974
-11468
-28046
11023
-22732
9940
2097
6538
14878
8975
-21649
-31226
3188
-7789
-10972
-13287
-20422
4833
-16190
10908
472
7
13037
-20631
-28978
12473
573
-2175
-8162
-3564
-28476
-17008
5367
-1376
-26155
-27584
-1444
11656
-9150
-11335
10115
-28461
-7135
9003
10767
-1572
-23737
-12172
9220
-30057
-18678
-18350
13419
-22684
-27013
1737
-6224
-27301
-29218
-5039
-11393
-1605
7560
16204
13301
11095
-9817
1996
-1838
-3597
13457
12603
-18888
-11510
-5358
8981
-22339
7931
933
-13214
9542
10122
8727
-527
12045
-11519
2598
-11930
-28182
-4939
-22463
3102
-6931
11441
-28304
-1674
-29770
3146
14704
-17730
-2406
-24586
1282
8740
6347
-28454
-11127
-9123
9140
12184
-28965
16526
-19425
11258
-19188
10026
4031
12317
-15071
-20634
-9909
-7308
2269
-7710
5477
-8664
9794
-22803
7852
-3987
-9861
15390
-7269
-19908
-4321
5977
-17132
10238
-29842
-19350
15559
-27165
-18823
-20782
-428
11225
-18931
-21783
-30098
7212
-11426
9090
8470
-2157
12210
-10713
-23275
-4324
-22042
9558
-4734
-22210
2540
-12405
10154
-6612
-12515
16062
-6887
-19423
7713
-12910
6630
-30584
-23276
9771
-22848
13205
9047
10999
-15373
-22587
-4324
-87
-27995
-11142
-18783
-29970
-13659
6772
2059
-25216
-11887
9820
-8274
-18480
5588
-22637
10865
6303
-25045
-21249
-15608
-20525
-5070
-27521
-5422
-5829
9340
1868
2469
3227
15925
-29085
12110
14159
6524
-19522
-8221
-19202
6612
-26888
-7458
-15059
-9285
4976
-29554
571
3980
2081
-16354
3854
-14706
-27628
-15735
4067
-6359
8565
-26880
-3165
8198
-7720
3306
12724
-11708
-9781
-2977
-6240
12630
-22270
-5231
11051
-15791
-24983
9254
-3076
1599
8180
-21793
4031
8062
-6914
-16115
4422
-10348
12519
-27429
7740
6571
-28308
-19151
-20119
-13583
-27492
-19094
-27131
-21760
-26974
-25553
4223
-9562
-16917
-17416
-3973
-27037
-8921
10724
-14094
12804
7435
-16710
4750
3205
-29806
-21923
-19429
-21209
8306
-11214
-22336
10573
-13963
-17542
-12564
-16110
-9445
-14682
-12132
-24037
6377
5160
5241
-1433
-26898
-15689
4244
-30178
-146
-15315
-306
11406
6767
498
-22104
12489
-14808
-14676
-25151
-4837
16521
-25589
-5776
-26762
-13150
-7341
9614
3924
14896
-22798
13592
-17360
-25639
4978
11388
-9702
-10002
4838
15840
4270
8088
13759
8622
761
-19692
-15840
-12527
-11869
8764
2884
-4125
-9788
8809
-22906
-10925
-30340
-26875
7030
3988
11081
-1951
-10097
12258
-10667
-6406
-2646
-18311
1718
-26185
7973
-19939
4201
-8818
-15067
-20463
12848
-27217
-101
8083
8907
4573
-2494
-22970
-1938
-729
7715
-22942
-26750
16104
-3374
-9056
-23431
-29617
-18250
12635
-18920
76
-22949
-7048
4276
-20690
12091
-25502
-23351
-7903
10773
14327
-22599
-15224
7948
-7201
-7338
-16389
470
-19961
5371
-19060
-9126
-21287
13127
-15279
11064
9663
14873
-22814
-24887
-7606
-6800
10564
-27580
14480
2973
10038
-10002
4314
-13617
16267
11235
11966
-12034
-7542
-14936
-16390
-24601
14010
-7490
-4775
-20001
8379
12976
10664
543
2840
14629
-12040
-13312
-10126
8298
5352
-926
-8418
10382
-7138
13111
4053
-16237
-1356
14762
-8358
7423
16286
-11282
2602
-6340
-20416
4612
-14829
-12384
14995
-19487
-13114
10009
15976
-2102
7277
-21789
-11681
-3077
-29833
3465
-569
9305
5200
-11284
-18283
-13321
-14010
-23416
-9985
-14029
1317
8360
12327
-2230
-16561
7917
-13636
16315
-697
-15249
462
-3980
-10672
9160
14029
-18047
-30270
-5292
-17
3310
-29402
-9740
-9332
-536
12185
419
-30997
4123
-18424
15966
-22800
-17307
-29357
-8893
-16547
6844
-30084
16045
-29189
2391
7705
-4678
-26070
-27992
-5438
7929
13367
-7745
-7015
9508
6053
10380
-5241
-10872
-25513
-23252
10941
-12042
-20759
-24837
-15660
163
-21695
-19282
-13979
5386
-18404
9171
4063
1308
-9350
-12630
14132
7350
-12284
-11999
-5520
4707
-31064
1147
1483
-18980
-15507
5057
-23307
-25985
-25024
14167
2673
-179
12951
-18723
-1786
-7165
10610
-23301
-27398
2254
-9123
-8003
11837
11057
-21554
-2398
-5426
9750
-18030
-10965
-579
-3950
8731
13433
11148
-8170
-16992
8315
-13291
12499
-28882
82
-8138
-23741
-1830
-23668
-3384
-25902
9606
-12614
9604
8842
1674
-20500
-13882
-436
-14137
7566
-27090
-19038
-21129
5981
-19945
-5248
-9452
-12216
-20824
7916
-7681
-24721
-6812
-18737
4996
-4413
-2244
-20949
9449
-20530
-7565
5836
-14943
2517
-26145
7093
6229
547
-22411
2355
-13830
-8897
-26359
-412
15279
-29671
-25485
-14233
-25738
-8793
-29393
-27198
4165
-18055
-23450
-5223
1929
-20138
-10399
12256
-20446
-23354
-30538
6965
-11882
2318
15191
-21026
11139
-9894
9089
-7352
-18630
-26434
4937
-16445
-19768
-6610
-4009
6808
-29791
6773
6984
2404
-8453
-3371
-11536
-24156
7453
-9315
-21544
-4415
14630
-25810
-6340
-18058
-14301
12773
-30955
4260
15373
-9368
-10976
1888
-8129
-6349
-23609
-90
5791
7260
-11061
6686
-21900
-23016
-24296
7337
10476
5021
-8617
-10140
-28738
-25377
-12458
-28956
-9563
-22142
-29116
-1119
-3845
-5857
-21562
4906
-10932
9257
-21759
-739
13301
2925
10076
16488
-13653
-1957
-27449
6720
-27303
-9116
-12681
-16474
-31140
2023
-8480
10843
-1956
-15961
-2113
10805
3571
231
9493
-15500
-24372
-21282
-13282
13223
-23871
6815
10377
1154
-6334
-30189
7583
-24086
-9183
-3320
6146
-22770
-28602
5896
992
-29294
-6089
-24699
-14636
1976
-16144
-5855
-30811
5649
-26217
-23633
-2104
-18356
-20931
12679
-7863
-24387
-6638
11816
-23782
-19770
-16881
-23432
-9448
-3212
-10572
2813
-29445
-16255
-16704
-22808
-10615
-15462
7201
-20060
-12805
12786
10813
-19808
2525
12267
5080
-28317
-24625
15823
-2784
-5858
-26447
-5686
-12169
-15341
-14751
9456
-4370
15618
-4120
-26649
4665
-12458
-3366
-15083
14141
-3155
5910
-23101
-19977
9645
-30733
-15949
-16625
-8927
-18302
-28597
14823
-18835
9238
2805
-20022
779
-12178
-5642
-12222
-19734
-611
8124
-5568
3675
-13155
-31172
7784
-6770
-19472
-19713
1986
-11021
-3377
-22970
-15024
11343
-23146
-29938
-8225
-11004
12975
7196
-6333
-6275
-8094
-14255
2046
-16836
-15576
-17468
-17395
-26459
-22742
12512
16270
-18368
-8099
8430
12583
3418
8442
-1005
11332
-20139
15429
13706
14066
-16354
15141
-20125
-3773
-26923
-14998
-3558
12068
13334
10350
-12080
-16379
-1246
14307
-8127
-27260
-10156
-7338
5565
-1603
16032
-13853
-15151
-26531
16374
-30078
-14935
-26944
10312
-30930
14898
-25937
4233
-8701
14000
-6109
-23185
-7870
-13981
350
-6943
303
-8833
-25996
-10377
-26123
-7760
-2099
-9564
-4595
-1435
2354
4573
-5954
-14180
2135
-15599
-18826
14976
3051
-26105
9654
15354
2710
-1560
11871
-23755
6814
-25259
-8959
13325
-15916
15942
4192
-11570
-2116
14865
2174
-16981
-4374
-23662
-26603
-7269
-19258
-11156
-6684
7680
-1303
-28481
10290
-13009
5226
12010
2714
14025
-28483
-23210
-2152
-30070
-8480
5982
12533
-27955
13136
-15648
6001
-11787
5903
5645
-5166
-5576
-29473
5656
-16549
-4052
-17710
-3728
-4237
-29279
-1298
-28682
-23333
10407
-10523
2853
8220
-8388
-28304
-249
-5237
6877
-7979
1140
3363
-22105
-22273
-30818
7381
-8694
-11839
-1967
-29025
