899
663
617
479
792
468
343
766
130
631
752
28
234
303
717
627
312
756
359
959
926
609
630
533
527
8
644
455
782
766
804
803
401
634
238
290
249
282
40
941
81
245
538
556
575
844
641
710
919
306
347
672
763
647
23
12
693
919
201
997
61
295
172
997
968
78
526
866
548
756
186
685
911
341
817
856
530
928
927
873
246
398
716
937
155
550
866
305
897
424
746
886
923
775
931
156
263
632
302
993
734
543
728
337
912
595
592
263
851
35
940
65
469
804
518
571
285
63
676
644
57
33
757
325
312
704
586
628
280
676
618
301
801
284
586
346
931
96
520
847
404
875
666
554
602
434
12
164
824
899
461
889
942
967
259
832
981
101
4
253
610
104
872
773
42
645
131
183
175
866
14
556
375
762
633
575
829
642
51
768
45
877
136
553
605
757
401
271
754
719
672
826
836
109
191
592
362
536
174
406
960
980
980
178
338
625
702
168
744
773
693
637
33
731
753
973
677
458
391
949
361
880
66
700
632
773
656
88
653
501
15
999
959
115
133
685
230
704
578
809
602
968
924
511
682
353
431
832
101
535
210
127
771
204
234
227
536
66
159
658
471
672
411
713
248
121
921
164
584
775
982
902
426
475
98
93
906
57
657
719
412
895
55
662
577
791
793
879
581
426
13
368
783
130
216
585
292
207
203
369
640
89
708
231
445
256
79
94
720
258
495
711
254
381
456
102
409
822
227
672
452
800
521
872
107
862
162
942
319
839
227
633
444
428
192
580
913
260
620
950
285
533
80
756
12
452
917
291
350
792
4
876
47
488
238
536
999
942
371
31
854
835
140
290
91
211
340
435
296
953
977
721
952
212
493
984
266
148
255
407
978
412
50
213
889
489
289
33
755
906
467
247
699
338
626
716
461
384
358
183
524
294
983
297
638
373
835
638
922
310
881
735
818
279
679
267
488
817
534
977
539
922
263
483
354
907
906
791
485
802
611
661
691
568
673
186
608
273
9
852
630
636
269
176
506
586
916
153
78
312
232
399
100
459
311
321
305
451
681
166
876
336
331
42
155
75
789
495
837
75
114
538
182
733
816
337
905
408
241
682
844
614
819
152
783
708
547
338
740
711
487
877
489
794
924
793
971
545
633
861
638
235
780
263
979
776
598
907
170
353
596
10
679
980
961
767
892
889
133
819
705
595
775
125
788
981
678
483
569
362
814
126
613
766
849
552
420
684
446
516
599
117
280
368
248
172
970
580
295
579
275
613
679
779
514
408
649
330
776
511
58
991
19
352
626
882
69
193
841
838
258
818
991
151
857
845
637
913
975
845
468
908
209
247
709
50
296
412
161
836
419
264
912
652
489
952
794
746
635
973
572
689
950
144
28
22
752
733
55
5
274
825
867
600
414
995
263
702
691
978
782
466
391
821
513
542
55
519
812
206
131
541
888
851
10
725
683
336
388
414
251
309
34
765
792
524
877
361
90
279
585
242
863
605
779
497
82
603
287
73
531
8
860
312
144
398
186
354
724
93
41
207
96
40
5
264
779
559
924
743
57
322
502
53
867
15
929
24
334
672
741
378
668
528
156
945
49
736
754
714
5
273
648
713
880
695
804
633
516
427
706
857
167
858
132
532
762
352
213
631
995
419
858
532
700
442
50
348
164
558
996
520
72
723
786
141
87
417
709
796
730
581
5
891
34
6
212
44
424
856
821
783
910
840
954
355
835
261
495
7
426
315
640
913
150
549
249
449
346
921
193
891
80
377
998
450
325
26
404
784
491
314
543
927
437
202
155
782
98
568
120
710
469
767
640
712
619
896
282
562
980
934
930
3
314
468
545
605
607
569
259
385
878
996
962
557
819
784
461
502
172
276
76
283
887
304
772
229
725
899
58
814
634
135
655
110
461
48
780
83
31
715
677
103
518
935
946
217
589
4
228
419
193
992
900
825
112
512
210
849
892
643
756
470
116
25
887
868
812
545
787
566
393
168
951
582
131
499
343
727
566
600
423
421
723
317
155
960
516
867
585
632
40
676
695
728
394
428
623
243
249
443
353
499
877
218
635
581
563
741
580
232
859
933
283
212
874
596
947
484
342
565
560
36
264
641
77
148
47
202
519
484
368
891
869
939
32
1
296
604
169
225
167
448
488
514
572
482
211
753
753
700
234
787
878
627
931
199
882
306
448
654
4
387
901
192
654
544
56
961
261
638
973
300
785
721
413
339
635
549
687
551
710
988
356
988
22
26
92
944
78
148
861
672
354
493
292
167
975
141
407
252
709
791
511
876
10
376
524
633
610
742
395
793
585
283
270
463
196
138
262
361
301
851
362
68
756
974
12
7
553
460
659
608
436
306
964
850
87
591
707
93
475
910
3
789
956
766
460
27
821
10
77
271
219
224
337
998
70
61
289
697
522
149
523
870
344
964
407
773
188
322
323
721
618
969
215
524
827
839
319
991
4
588
936
32
471
391
282
133
454
566
33
528
82
274
169
943
115
874
572
191
788
311
658
350
175
908
625
372
563
128
222
950
938
847
761
606
772
745
902
868
410
987
31
108
983
353
388
14
310
88
943
404
161
471
655
275
448
100
127
325
445
4
569
957
799
960
571
715
303
997
411
200
591
589
302
890
242
690
49
34
624
680
296
39
652
537
438
463
862
820
698
691
801
292
116
579
367
312
200
341
15
174
746
931
27
697
479
896
65
446
248
491
174
972
935
116
868
748
452
772
973
220
63
781
498
246
232
512
271
668
585
652
984
521
449
823
40
57
335
992
315
226
305
697
4
704
14
174
205
152
293
985
520
99
686
475
849
83
446
344
440
491
555
408
660
494
376
363
589
288
265
920
472
597
136
908
437
251
772
29
146
608
630
882
355
964
740
957
497
321
442
871
99
871
669
942
97
689
271
955
103
270
542
754
258
651
507
997
147
841
266
7
380
225
634
293
660
261
478
378
602
938
774
71
160
976
378
568
626
185
308
908
835
358
446
905
314
976
771
280
963
208
630
200
21
953
975
458
774
639
573
340
157
894
926
548
886
491
789
389
679
993
902
714
751
235
629
795
550
714
307
937
768
172
514
744
819
452
476
65
261
627
444
272
421
884
965
993
464
983
669
274
230
13
903
16
670
453
622
494
401
66
191
296
484
688
107
579
243
660
110
944
948
245
227
91
566
928
23
14
784
611
96
53
840
238
561
840
34
129
263
366
839
833
422
489
104
434
287
183
338
210
956
804
902
993
898
133
309
654
765
572
864
886
859
863
899
134
440
931
341
270
80
15
92
166
803
417
748
576
160
507
484
33
787
896
641
973
249
40
242
554
973
310
680
651
648
519
563
623
657
370
175
613
653
47
694
440
283
121
897
40
795
530
545
351
264
7
18
392
104
315
274
344
49
264
61
123
418
535
494
741
891
928
263
852
857
991
138
245
280
874
208
579
102
600
219
502
809
847
118
629
975
530
1
714
802
446
514
813
411
680
814
478
893
607
421
30
413
473
953
782
469
146
358
239
39
346
57
262
984
73
542
202
520
107
991
661
547
279
384
490
757
676
500
499
652
615
320
380
198
650
365
313
70
445
307
154
270
613
366
745
29
921
632
926
297
773
907
535
586
579
661
355
10
135
95
104
76
582
746
724
311
703
126
767
82
594
499
210
772
636
237
986
220
100
2
958
27
6
835
652
377
311
55
993
414
494
489
186
853
71
593
184
496
147
933
214
388
756
315
361
193
15
680
465
423
306
392
901
228
418
965
312
547
177
372
278
331
500
114
630
262
293
891
312
423
219
233
42
605
270
55
540
582
654
381
597
21
380
543
634
855
884
958
57
501
751
955
789
209
941
827
470
61
200
510
543
764
432
112
317
49
424
211
437
427
119
208
53
490
792
629
874
152
667
518
259
692
947
119
224
709
603
75
748
828
739
635
495
820
410
933
295
712
514
882
104
173
757
105
764
858
315
649
679
18
379
410
857
326
300
525
499
350
998
415
335
635
249
619
824
255
38
958
333
847
134
193
283
249
777
122
169
205
720
533
867
236
673
313
406
994
660
46
99
63
195
688
534
823
230
27
784
352
10
923
395
213
345
383
556
14
158
46
909
573
863
668
955
411
163
367
362
913
226
746
795
119
227
300
158
34
237
222
687
547
86
541
704
837
602
681
186
572
413
803
820
253
183
618
618
427
279
549
551
361
301
878
684
974
847
978
76
274
779
753
40
831
725
448
637
409
60
964
97
801
631
759
443
580
848
343
413
880
534
165
570
160
943
616
403
20
765
550
922
511
283
105
38
981
744
611
878
36
916
827
825
276
859
505
472
862
647
718
541
98
287
220
259
217
848
165
265
86
970
654
176
366
81
283
816
745
185
538
583
839
569
140
47
843
756
907
401
793
518
366
494
958
214
402
915
727
224
140
223
100
966
214
53
612
903
97
431
613
73
768
852
224
850
279
856
802
791
624
333
245
904
969
967
323
940
304
998
841
352
267
364
372
990
935
716
896
437
688
435
979
542
653
520
454
83
62
273
162
866
922
771
874
626
675
146
181
296
136
710
233
597
483
876
938
746
321
379
264
667
584
926
164
760
572
405
514
59
441
783
207
967
805
1
595
570
613
299
302
267
45
88
758
760
729
586
13
177
340
443
255
20
33
832
44
225
727
816
323
566
925
880
432
439
412
450
586
741
71
669
147
600
509
932
809
634
834
172
349
844
500
690
190
130
381
887
274
679
305
729
450
763
11
682
825
397
612
373
256
541
889
873
223
547
866
560
54
848
771
224
70
488
312
98
817
10
239
813
638
345
890
711
162
582
287
76
266
554
920
814
966
354
601
727
545
262
681
170
776
915
729
522
423
578
333
336
85
815
579
380
127
291
93
755
210
944
246
882
682
898
789
173
770
37
292
528
475
239
237
607
805
488
690
982
516
255
792
477
927
894
471
294
220
892
162
727
729
276
62
893
575
809
746
840
394
626
681
260
869
569
152
867
259
391
869
173
129
177
986
108
237
506
850
673
246
557
999
178
300
935
727
314
985
511
943
201
286
116
503
636
846
218
292
210
358
526
703
875
747
754
144
666
722
770
532
449
611
740
474
812
938
140
28
108
697
949
67
119
565
780
268
144
304
850
310
814
120
218
148
816
893
578
63
184
65
198
195
283
453
752
79
491
596
2
515
434
933
592
710
48
582
880
227
235
386
5
836
997
556
369
299
360
378
241
359
232
77
985
554
286
769
152
262
646
734
827
661
290
473
744
261
575
788
38
17
160
689
646
369
557
163
491
375
272
297
780
855
53
802
322
67
83
493
920
263
583
831
934
59
214
338
337
506
868
341
525
178
160
775
615
557
905
705
282
932
2
42
555
984
642
876
263
183
709
923
115
843
981
989
730
499
441
316
844
884
123
751
800
552
34
982
501
647
308
179
649
823
5
734
386
748
317
842
309
162
699
950
219
547
621
562
980
392
793
5
717
215
356
43
413
193
147
975
516
107
485
475
694
972
400
592
941
990
830
928
486
677
290
917
635
137
286
84
736
507
646
812
416
186
993
840
123
584
93
213
543
435
367
721
663
611
179
392
622
337
492
515
627
894
597
841
382
698
228
759
743
63
320
156
616
284
537
189
962
581
591
432
362
368
660
842
465
905
742
352
483
823
450
410
805
836
800
185
798
104
42
613
767
478
194
138
707
348
931
236
927
170
468
123
108
627
430
586
501
259
447
563
737
146
658
116
716
643
228
660
338
990
462
329
529
58
21
327
190
663
95
953
784
220
386
843
951
223
253
941
330
310
116
387
658
831
521
289
994
753
911
632
168
465
174
851
505
75
192
890
354
657
92
386
302
181
397
163
366
351
368
730
786
596
306
372
671
395
602
255
759
958
299
622
534
453
903
175
778
889
373
368
130
526
810
850
303
493
281
303
259
61
497
912
969
968
201
24
3
364
387
978
89
353
667
334
193
935
458
858
757
74
424
408
684
519
668
266
440
978
64
403
363
47
626
773
557
993
790
858
882
480
111
728
85
377
261
801
110
605
512
70
265
443
747
929
614
793
246
688
944
194
794
77
474
644
733
591
505
908
113
740
249
818
388
693
640
964
545
990
837
554
915
105
205
993
257
74
468
412
604
117
986
579
130
272
798
317
180
269
496
617
286
486
676
905
169
369
336
744
597
656
276
326
615
351
23
471
85
116
894
728
297
400
635
926
310
414
153
264
248
917
481
176
865
154
134
687
542
729
467
866
420
517
718
268
91
290
711
391
722
422
795
581
83
665
209
923
419
554
542
267
154
991
376
781
632
485
423
757
520
273
577
59
249
876
533
792
144
916
200
194
673
418
27
201
430
48
358
944
416
835
314
710
502
49
871
267
735
837
995
199
175
89
955
769
583
279
224
974
431
203
614
103
874
79
427
37
567
60
40
925
950
833
960
770
262
44
59
355
157
293
74
487
522
519
595
591
790
516
739
795
601
604
455
622
167
509
969
372
726
940
351
312
248
281
5
892
375
339
917
892
420
581
634
587
735
492
276
790
308
299
107
575
530
886
449
817
956
852
495
185
419
255
409
370
930
290
796
39
534
96
816
867
827
420
975
819
648
908
695
513
908
477
481
864
944
622
117
317
973
821
563
798
353
233
517
45
386
914
943
569
912
688
753
588
160
69
301
651
201
246
600
336
365
971
908
520
550
74
209
585
970
657
957
255
590
660
963
848
595
233
136
571
258
647
555
533
545
457
177
967
884
606
532
65
148
594
795
705
876
981
63
207
887
98
342
414
483
245
673
351
718
776
936
125
792
205
111
770
807
620
881
560
791
749
887
141
634
130
125
186
882
383
355
583
251
589
215
869
934
738
917
29
623
595
2
805
759
730
48
99
34
402
434
767
339
360
730
49
608
956
97
530
655
590
652
252
748
570
340
761
405
417
522
304
401
47
181
188
348
379
517
471
787
257
550
966
248
15
898
419
242
690
348
153
392
392
140
22
965
67
680
227
551
551
590
557
358
740
698
854
731
5
913
366
847
703
142
907
557
514
901
252
710
635
729
171
720
486
792
488
796
777
710
626
141
728
153
973
549
882
402
140
250
83
272
630
481
869
10
612
199
380
832
373
803
136
538
196
585
234
813
132
759
890
617
909
160
282
418
703
317
679
319
703
787
63
619
192
484
342
329
42
690
127
314
730
95
791
74
409
624
859
975
238
537
709
462
986
97
984
91
830
272
110
400
365
511
695
755
211
726
41
851
989
81
223
380
739
586
951
134
410
817
859
156
967
385
682
990
357
760
192
414
362
172
514
837
575
461
731
167
639
280
836
856
13
805
127
776
279
648
736
580
113
417
544
471
596
524
955
70
101
316
103
741
157
777
828
162
432
868
772
1000
995
615
100
951
870
509
194
296
160
167
586
993
872
563
968
635
999
987
203
464
382
149
140
836
963
806
38
326
94
454
454
61
737
122
654
833
956
64
641
221
125
539
543
927
288
159
665
935
291
852
200
419
825
934
618
374
186
326
635
784
752
214
54
655
194
267
217
117
187
20
364
584
4
537
584
283
702
305
379
319
224
82
401
411
152
97
814
774
555
384
987
321
419
646
626
174
615
932
355
346
578
552
772
986
507
424
327
740
855
336
504
744
52
321
504
247
829
321
514
361
169
583
83
391
536
841
133
551
131
203
641
71
510
534
685
464
366
560
543
168
341
478
764
166
31
459
758
240
662
148
475
404
794
728
277
54
288
671
518
285
273
283
650
442
425
318
771
204
846
576
977
300
393
404
484
282
774
364
985
569
475
690
15
283
171
744
768
462
121
75
874
983
719
839
628
981
814
990
209
923
758
680
283
160
678
467
452
294
214
447
199
156
520
515
796
305
58
210
581
634
22
289
366
882
376
796
440
160
772
81
686
798
566
261
277
689
696
468
267
535
508
360
786
668
237
888
323
755
891
623
598
855
85
304
458
954
24
994
251
191
356
941
369
30
870
962
476
653
427
23
467
61
726
130
711
30
465
980
200
660
789
72
767
657
575
391
569
240
517
995
76
243
467
956
244
239
461
767
507
845
696
392
701
146
509
172
389
136
906
480
562
511
303
572
952
458
924
857
338
59
225
948
24
59
199
292
986
49
361
946
960
840
169
709
191
739
701
636
509
187
585
109
138
334
28
86
258
89
932
411
798
843
632
176
184
710
509
873
93
215
311
655
81
517
767
944
369
727
352
201
690
818
976
343
682
588
702
879
34
817
774
926
518
653
876
179
881
287
365
722
520
859
845
183
867
476
757
22
314
769
506
265
215
742
521
453
923
903
583
673
741
365
93
516
413
263
289
782
877
457
347
298
398
871
29
854
327
380
113
839
727
365
345
2
306
669
65
734
283
495
754
905
784
999
822
710
33
810
21
758
29
325
542
148
709
310
557
623
923
670
124
105
903
297
618
65
651
664
262
903
170
402
390
985
13
279
680
534
907
774
368
288
742
567
394
604
261
884
272
857
134
785
276
981
646
917
723
423
717
801
741
205
416
324
452
264
491
805
16
772
137
745
491
748
740
11
462
472
157
520
826
55
658
356
556
659
891
302
939
715
632
309
511
628
948
896
194
145
884
820
356
238
275
861
842
808
847
711
969
882
605
661
652
198
882
257
226
81
504
335
250
843
28
812
523
706
199
208
276
573
253
280
70
75
745
576
546
153
714
115
873
420
350
809
529
331
341
724
560
742
758
61
588
188
731
515
800
280
955
342
702
114
381
430
35
778
733
169
771
595
294
452
634
312
849
812
919
169
639
806
285
909
400
872
193
321
818
933
23
727
698
630
704
933
43
197
785
71
154
327
429
977
436
578
247
336
698
296
129
64
942
306
569
334
748
445
887
906
612
333
673
133
655
619
296
236
439
430
974
498
680
40
350
664
779
255
910
262
570
163
214
689
467
501
105
405
398
830
70
373
479
477
716
38
810
435
973
676
594
761
308
789
864
170
653
35
491
763
172
932
894
201
998
860
393
219
334
503
365
753
761
29
465
644
963
353
747
293
816
816
975
952
669
416
499
824
158
915
154
968
640
27
535
915
901
391
214
240
810
325
397
186
238
730
485
151
795
401
988
280
611
605
500
755
741
589
897
917
693
517
173
114
176
71
840
556
944
64
706
705
590
54
567
48
140
671
275
403
670
533
3
756
890
493
878
286
631
570
706
443
292
828
560
824
396
558
487
45
259
655
206
907
202
271
890
287
27
257
204
345
137
236
134
244
492
127
707
780
99
975
37
594
281
380
161
148
321
411
809
252
772
756
930
146
823
763
361
616
466
297
233
367
519
145
585
704
724
329
398
154
112
407
5
739
778
286
417
129
231
308
798
2
977
131
278
10
906
900
476
381
275
409
646
535
597
466
211
491
806
765
885
306
733
455
856
719
182
463
880
254
66
584
59
501
78
191
207
249
870
652
398
898
609
71
267
399
283
53
922
132
327
496
154
314
533
109
25
291
632
467
725
923
905
467
237
728
460
221
756
716
907
440
798
908
851
663
295
925
72
508
147
953
937
298
291
317
795
88
893
284
927
533
415
960
25
618
816
677
614
981
237
270
179
840
822
231
594
974
174
716
820
786
380
118
13
146
257
543
845
905
236
186
324
618
283
177
699
407
166
367
114
965
362
829
298
619
561
783
926
338
150
448
616
546
226
969
209
487
717
980
185
218
706
507
607
313
54
633
231
712
69
835
974
837
845
299
619
121
652
889
6
706
682
299
679
590
543
682
32
68
942
204
428
25
275
811
903
955
569
738
973
772
532
920
333
907
770
185
113
576
574
389
343
138
713
109
619
371
12
564
645
522
77
448
293
775
690
195
555
362
282
720
545
727
224
913
999
176
457
89
575
658
138
212
860
584
54
122
280
893
238
310
87
82
971
341
998
484
681
707
892
792
209
951
434
672
525
991
526
587
253
743
989
386
563
368
508
673
25
777
29
125
986
357
234
808
203
850
252
982
358
53
792
535
20
92
529
484
912
378
830
923
855
19
45
449
594
33
654
42
424
371
258
108
92
84
172
19
178
72
926
233
383
658
32
431
223
182
139
571
13
196
834
305
63
23
351
864
324
926
319
331
929
206
999
856
304
743
372
688
659
737
644
668
75
550
549
392
307
633
460
54
122
569
967
673
787
861
281
189
882
856
763
885
972
765
507
598
469
185
685
776
403
602
559
774
660
295
528
710
486
510
200
905
630
862
382
175
414
713
250
4
724
599
417
500
615
406
31
594
898
771
220
841
813
602
559
534
911
602
620
688
647
56
788
922
668
692
668
398
393
260
271
151
558
829
798
488
924
822
956
365
181
624
579
200
865
468
20
728
410
60
657
793
983
924
704
837
884
437
700
810
9
502
951
624
955
821
191
929
209
153
673
662
248
321
110
509
978
595
544
34
729
865
137
354
767
424
880
844
394
876
869
633
875
499
306
264
3
370
979
328
462
292
852
230
587
699
415
885
193
533
177
584
629
787
472
741
921
130
208
243
86
230
967
852
184
880
133
252
73
852
340
580
444
43
10
959
174
106
794
401
200
996
182
779
194
353
38
659
501
264
723
887
724
615
583
484
731
93
592
211
479
454
819
372
446
369
318
557
543
92
547
293
234
148
250
452
389
420
715
788
909
78
536
375
181
5
448
289
27
514
890
803
828
407
226
642
794
302
799
684
977
279
388
179
122
876
785
862
282
223
209
978
857
434
513
407
542
351
917
776
771
456
977
823
55
89
472
441
719
110
611
362
575
184
152
771
790
957
487
155
359
854
638
754
240
350
921
101
170
478
936
131
619
175
968
719
538
873
57
199
154
642
201
627
265
647
117
111
54
630
237
517
79
446
840
507
698
553
364
194
613
806
184
6
824
561
963
243
984
558
896
879
791
561
588
292
649
139
945
829
716
890
845
642
990
520
392
390
842
786
555
871
288
432
7
998
305
455
802
217
454
636
577
535
291
933
941
791
323
597
105
781
28
107
976
985
252
931
657
311
718
726
797
990
647
791
230
35
1000
493
148
369
583
737
487
10
885
118
364
207
556
76
364
405
608
238
74
164
683
811
676
736
439
853
319
129
872
106
598
228
271
918
632
123
431
510
935
85
131
431
706
567
710
200
647
104
676
298
334
611
648
648
805
885
438
142
163
417
482
396
369
261
331
659
835
593
866
181
71
652
225
905
375
121
180
15
195
185
762
445
792
577
613
645
574
65
80
872
952
123
981
992
979
443
393
821
240
432
970
900
215
405
960
8
680
613
962
711
608
311
706
555
262
318
607
215
109
264
236
637
292
255
823
616
876
829
518
210
157
531
