10977
3926
29006
29177
12265
21743
32752
24392
7006
16862
26563
20771
15429
21761
5289
21010
30172
32684
15782
14246
9064
5207
2151
11669
22295
25376
12427
3603
7240
22879
3399
26592
7223
15798
15668
22824
30085
25209
19051
33047
4916
27386
28467
26327
15177
5323
10963
33169
29565
24764
3529
16144
29058
18479
27995
23333
13507
27874
10408
671
34568
2841
31674
11699
9086
19760
26918
32835
424
26921
32823
14914
33869
33764
31278
33520
6945
19384
32625
30532
13130
24801
22746
3077
21156
11454
18986
8547
6229
2677
11726
29587
32706
33462
31542
33293
8330
23706
10323
17011
21774
17005
5764
26872
5357
8451
17059
15622
9205
1114
13313
32790
21020
15197
15006
7562
22023
24456
1384
31438
2173
21734
6717
32674
1231
30978
32260
18026
6956
6977
21099
25599
22046
5453
164
16931
13605
2326
1150
20917
16036
28622
1242
5888
22603
5346
34729
16828
31199
18169
24243
22969
13677
10498
8774
15754
28138
20039
19478
5067
29699
16975
24568
3110
9920
4026
27459
2992
5927
24851
13996
20243
10639
32428
5171
28015
18250
9249
12896
29891
12141
32836
34096
10162
19479
34261
35301
20509
31450
500
30588
8279
11049
19808
33508
4349
18104
6073
32797
33868
33827
34402
10670
3784
29050
25234
27109
20046
12166
28181
7678
21155
10146
32869
14026
22992
209
4970
2320
8908
32884
17789
19897
27801
21362
32975
27683
19285
13461
27070
33980
20046
19673
768
29314
21070
20188
18860
23254
10373
26416
5552
24345
22824
20125
25658
27543
11150
28977
10398
25263
14533
1650
4366
2932
32201
2716
27341
1747
10566
23599
86
10986
18375
11114
10436
34886
33857
28025
4926
17734
15518
5985
3458
4394
34305
17351
22394
17757
9103
2398
3898
15488
2163
31521
1749
10579
1384
8665
2033
31524
26688
26864
25931
16911
12818
27672
30243
15375
20821
24504
4983
4229
27588
5658
14833
9815
29563
19026
33832
6319
34321
30654
8962
4039
14035
17175
24005
16340
30904
24324
10708
28958
13963
17957
26171
5912
22090
19389
25059
19215
32944
3251
2662
29163
13479
32929
26987
12403
30290
17643
14802
15080
13159
5797
11607
15185
17765
7721
27408
6894
2229
23122
23245
2402
17044
3708
2799
23426
6761
22145
30111
12017
25541
22737
7099
11048
30835
4385
12017
21023
29737
27756
2541
22297
2612
25880
30258
30709
32311
31783
30083
21496
34987
9447
7751
8158
13548
10377
23423
14167
24128
7636
10480
13771
26139
30600
28278
18765
10277
8425
5385
6042
18575
19269
30473
20132
28768
29202
33384
10463
5397
20444
25252
34992
35198
1808
1329
5004
30183
8918
1372
34355
22818
25281
10729
4719
12102
34672
30422
18521
31764
22393
12510
6999
7681
28830
29607
3723
10223
23102
11196
6178
33357
24327
32944
16467
10503
26562
23899
7040
19032
27431
26926
11892
14839
32158
32664
23246
778
4889
30417
6626
26617
4486
9921
16371
1374
588
9044
467
27357
18250
6455
17180
19891
5897
32013
7052
12231
3058
12238
32482
29482
34004
27169
28401
34015
24273
7330
12932
10085
21039
18431
31554
8755
23474
23651
34937
10143
12602
28586
4757
1974
14140
22738
17895
19515
34112
24142
22822
9713
1445
2198
28583
3250
22065
19654
18031
1627
19345
28733
13111
21525
19877
32124
19912
11810
6292
17455
2880
27724
20132
23505
21869
13525
10952
26756
20035
18917
35269
25285
33666
18241
21503
21490
33861
3531
11411
28365
7511
23376
29260
28379
9446
1826
18436
33396
16627
14332
27602
2597
28319
23557
17256
28236
21969
26573
18696
21637
6713
6823
10317
1989
27441
6913
14914
14472
22291
21184
20989
28362
13704
28675
30290
31961
18982
31384
22843
33528
32013
23406
20668
18464
2762
25707
13841
11375
13704
24282
27078
29014
22354
34005
6803
25012
24623
33327
23797
29822
8440
16671
4240
1243
24072
7110
22052
25743
32547
10260
3513
7773
7953
17356
18648
17862
7359
32928
5522
7535
22411
11754
1180
26071
21011
28913
33939
11890
25412
12210
21118
23077
31071
33446
2234
1756
21578
5834
16125
29062
16923
30668
15623
6280
20545
28358
23738
27045
718
8574
22446
14287
17745
16682
13459
27937
11932
28750
20392
25030
19848
6592
28579
21860
23886
17657
9411
25035
11336
25535
25292
25143
22852
21221
30511
16590
11487
15944
8463
9329
14856
24956
3797
20646
10469
9892
29793
12931
4949
4690
30371
11866
10159
20995
6930
3059
32819
9831
22556
33950
32298
4631
34813
9985
8502
16563
2728
24353
4984
26647
15017
284
24284
633
14359
8552
34474
4426
11979
12539
13841
3131
26237
2795
830
8271
32680
18286
34735
34887
5229
12424
1910
27588
29208
15894
17152
23073
5577
27140
58
2777
952
4916
9006
25088
6463
7945
31331
27570
14463
2966
9380
15266
29816
27794
24510
1781
18613
1351
14686
12504
34678
5665
34631
4406
2874
28057
15432
32658
19687
20369
214
19422
24439
12060
25252
9690
24042
24592
29636
32583
32878
23222
13797
13081
21516
16032
26301
34516
7642
16116
21587
21839
17612
34920
4446
18647
25211
31253
3248
9488
26478
10978
12166
34605
12012
28435
33617
20965
16700
26193
13256
13563
2967
25747
3817
15465
12651
32389
15061
10283
15198
808
21952
22690
3811
28285
16445
32645
12175
3606
28587
4684
13450
11763
27746
9605
31139
6704
4211
23344
20369
10422
19464
2628
22883
24251
16212
20480
32489
14498
27483
27098
11597
14380
6896
7083
24151
9964
27778
18280
22643
31931
34977
34435
15974
9131
29118
17581
24619
9753
21790
11679
12956
20548
9782
31548
26303
29284
26055
25253
8599
24327
34663
18686
459
20514
13102
22587
7863
13725
18230
31458
14889
34576
29452
4751
5935
30598
33672
10714
5257
7126
32752
22014
31374
8210
18774
23168
11756
3240
19058
4727
34900
19913
22303
32950
2958
27118
9470
13888
23303
15536
2942
9000
30234
8651
33509
12002
23825
21634
32895
8041
25433
20246
34524
170
15643
26974
21809
5070
7609
29977
26226
13423
31453
23977
30775
965
29319
988
16675
25158
20905
29757
4362
27824
19909
26790
26284
31963
32493
6062
32628
29385
24435
28332
24483
348
18654
3975
15256
1022
25321
20400
33794
9935
26012
16139
27959
2213
10839
16362
468
5740
26914
33807
33799
33948
8207
3105
33739
34216
26914
26292
26205
18467
25264
875
15066
31927
17030
24180
16208
26033
5025
31504
2452
3045
29912
13066
24681
4734
30219
7824
18086
29109
15110
11393
30109
23059
11138
34206
26514
28317
9477
24436
17429
6842
30095
5784
1813
7561
11685
31884
2338
27364
12747
23108
18524
35087
30922
24565
27394
22813
22585
1804
12643
7480
17459
21547
20954
12336
20995
9707
27076
8642
24116
10502
7149
34469
24745
30596
20749
388
24803
15449
4463
9013
23465
6069
24693
319
22302
4563
9529
29938
30668
15029
10762
3694
34437
18631
21094
2559
29373
10207
468
19364
25305
9845
12924
1158
18543
22878
17244
4192
22177
30963
28139
12935
22738
24028
17413
29475
15536
27700
34020
6995
24291
16301
9057
6994
14674
34565
11122
7515
19060
270
4697
4754
14003
29523
10134
12600
29917
12042
26425
5890
5345
31655
31253
12296
2441
31190
15425
22857
13584
25105
22929
11298
1
7402
23236
2237
6766
34013
11175
7820
34806
1664
5832
11815
3261
33720
25305
426
17113
25061
7512
29593
3258
16020
31453
25943
14042
3826
10010
23695
15605
8326
4299
11929
6378
7337
14514
2326
30623
1031
3670
8414
15875
33138
14374
31879
16623
20337
15550
6766
35047
32136
5608
21649
22955
30326
5252
32017
27610
29246
8069
35244
31104
26810
16900
26670
2083
22590
4690
9006
17642
34668
33800
35018
14415
18258
12151
30564
26170
21504
20301
12710
2434
847
2870
28084
8810
34191
27249
5785
25066
1999
16075
6033
12083
17823
31814
2690
25463
34600
12981
29318
32136
12305
22097
10371
28178
28238
33903
32302
29548
34291
17371
15204
15419
29370
7324
31878
7414
20188
30654
29511
32547
10522
34679
9921
18139
25653
15054
11019
33671
5618
8235
28694
26831
26520
29477
22435
33140
27886
17792
16947
5640
751
12296
19997
6775
19576
29194
16647
16459
19139
17042
32631
13689
24275
33834
1944
10226
27378
418
18490
30236
13871
4593
26744
29796
14904
11130
925
5546
11056
18268
24112
6115
18670
11876
21130
3587
2407
28388
33644
14612
27813
3629
18453
7976
19198
28372
140
24057
27157
4171
5973
9005
12709
9460
24294
791
21876
25902
30070
20007
22679
9760
18097
2989
2652
9026
11650
25600
20894
29574
4681
24165
8012
395
30853
29338
17771
15322
30716
19622
5699
14412
7806
9464
9211
8527
5008
22218
11879
21618
2943
29773
14455
32522
32854
22516
26992
27210
27653
8695
5041
6636
13857
28764
10508
26812
12590
3142
7710
11842
11738
17255
3390
26905
12024
1806
10113
9580
6927
25246
32385
24195
18736
32350
25734
29377
26775
6229
31065
16298
32006
30513
17707
34867
14833
6974
27266
22308
32624
1477
31024
6624
33949
26142
24552
32222
10519
32960
8906
14099
2590
25744
28602
33284
24269
30885
21909
28922
28501
6171
24421
25005
22873
24108
12300
32217
29847
30819
4844
32186
6754
25926
31498
32835
4628
12226
679
1588
34432
15734
24952
30435
10656
114
3238
5846
29729
8739
12304
31530
34747
13597
14222
33222
8028
15531
19971
26112
17792
14926
26256
21970
32151
4130
14675
30873
1095
27937
32949
19203
9769
747
26658
19719
32651
11728
3815
14906
16696
20904
5110
10896
376
11923
34879
27825
17250
19872
17752
19702
11196
9453
12325
13200
24650
12785
3461
32566
13864
22405
5194
14283
5541
31172
34194
31782
28150
26357
27663
33527
30758
8865
23544
26316
1499
29474
15647
21273
20213
9491
370
4083
169
22056
13749
10627
31325
11354
29844
12865
10724
2521
21640
25787
23299
17429
5015
18722
32179
31979
21422
24966
8773
11301
27920
19674
22654
7312
12928
17746
2888
12872
3396
16999
7722
9195
28913
10805
17453
20430
25641
6583
17575
30228
17547
3730
18538
8432
19592
4176
25942
21631
3465
5299
8574
5211
29555
34079
35105
4591
4375
10921
28941
3908
33516
14283
19264
452
15108
14112
10411
14012
2284
18430
26002
6219
34268
354
25939
13615
27041
11937
24261
4481
30376
16445
24509
15660
9410
20223
35123
31254
28411
17820
14101
7726
10465
17261
26258
11443
31204
3387
32784
11455
9673
7499
11738
22916
21500
30323
4859
16601
27674
9222
31425
25880
19633
32787
12237
19250
18483
17103
14340
33110
6614
2157
13821
25303
19982
16116
31331
12406
13616
4096
30771
19141
6076
98
16406
5653
15913
17232
3566
27101
11421
19761
34362
29779
11722
25364
29818
23566
33594
33984
22714
18566
12738
11899
35075
18966
5097
12601
17480
14213
8672
32262
374
21819
34348
23084
16271
8743
29621
20808
19293
4816
34264
34714
4692
17276
647
15131
6373
32714
21132
27367
33347
14055
29666
19536
25913
15219
34078
17555
27964
23824
13267
10285
20029
22535
33792
26360
6083
33867
5784
25938
190
2847
4447
24905
5985
276
9266
8440
16440
13548
15548
32549
14287
2014
343
26642
3313
17734
25031
14293
2590
12583
20919
27845
18982
13623
12638
30330
32846
4413
510
26574
14714
13139
30917
3276
28716
34759
15424
4133
8451
34680
11789
17861
18239
20351
13690
35200
13642
24469
2031
18633
27562
13488
7315
19115
25498
19380
30403
22159
16904
16806
7811
7742
4327
396
23609
31364
31023
632
8240
23389
21335
23852
13657
31247
5414
34401
18695
4726
23252
14278
33151
26728
30343
25742
16011
21271
25551
766
6132
12204
23427
5820
7606
4829
8664
16762
28471
722
199
32933
18947
26621
920
7306
13937
619
7370
14639
1281
1360
14082
15609
24495
6262
10369
18252
7564
287
25912
34521
26264
35243
32784
2426
24693
10517
2528
28594
8342
26173
26500
17652
6738
532
23202
32095
7262
29615
17240
14046
25909
26770
14628
29186
439
17108
17984
15812
2011
13591
20275
17304
25091
927
2762
24416
8375
13196
33066
26229
8243
18736
1745
7568
25769
13196
29508
33397
21295
27206
32724
25290
22978
846
9182
31941
2182
18839
28697
14643
16057
12706
29235
8469
10296
20389
421
801
25155
30219
33038
273
23446
11481
10651
21006
31053
21302
27940
19652
13373
26235
7534
28195
21978
15015
29234
7311
591
8831
22078
24796
32097
13822
31006
26108
788
6939
26516
17926
30542
6299
20804
12008
2506
20458
8612
33153
21958
6606
24632
27087
5508
5835
24980
25045
17114
2168
24896
6120
12767
21047
33830
2941
1467
35302
20818
12346
2163
6433
8036
30891
11872
27125
11021
18472
6435
18164
11420
1438
19358
10048
315
19844
1243
19570
8807
10319
11298
18839
26090
2061
8798
20074
20837
5640
34926
18351
16948
14489
1022
33716
489
10473
33839
19591
20475
26548
8070
19121
8475
16325
23924
28387
4174
2223
299
9718
26793
5054
23000
2086
17305
27238
12673
33602
27416
6284
20431
33389
3434
27231
30201
7857
11717
11205
9510
32865
28462
21445
14721
23453
19578
28402
27331
8502
17203
14165
16329
32650
10409
23035
17111
8142
29320
3739
18924
10255
2065
14242
24086
19294
13676
11645
29902
21853
20279
10089
20164
30375
28364
18884
222
2558
25006
7235
34526
25612
9431
23885
22458
29249
33763
9274
34660
13756
12146
5706
25418
9317
33655
3035
19326
29982
9261
28351
28396
21340
1372
17282
24342
27917
3942
31834
22424
19700
26806
5230
29646
14841
3390
7442
27650
8756
22897
3951
8186
11341
29215
963
21794
1115
10771
11439
1918
32220
133
10842
32374
11008
29316
5460
5275
17605
7360
8369
26672
7729
11692
22495
8304
13832
24418
8804
16930
28535
10038
26251
22817
12867
3195
7890
31518
23936
25325
19529
22630
2863
32125
15182
16880
17807
10788
3450
21742
21636
31026
30872
3659
3826
29694
14645
10639
15263
31723
26063
25917
31514
6780
8132
33256
8582
15531
31877
12577
7045
29285
18356
19257
19883
19035
6588
12530
1383
23302
7783
27103
32316
31701
24705
3423
25937
8874
27454
19189
9954
20695
2004
14569
15550
15588
8327
7018
31014
23371
25327
9221
9185
12711
23285
14844
8441
31264
26195
2024
4108
32832
6468
30655
2999
22489
26606
20605
5467
17320
2914
25103
3865
22163
1430
28974
28218
14829
34668
9560
6461
2133
2375
7477
10649
31800
1810
23542
6282
26114
18903
29980
31781
29729
12170
35179
2408
19182
21401
21777
27167
16656
32269
29247
30611
15831
25892
27490
4717
19622
17133
20246
15640
10708
32761
16842
22575
35104
14708
2823
30340
32891
16884
2660
27143
8530
23687
21429
33956
33703
25011
18189
33647
33244
8383
29615
31961
33322
26188
35143
29146
5908
24590
23949
2677
13558
15551
911
21894
26531
29225
3370
27141
32898
30772
4391
14053
21525
19027
24298
28624
28845
26563
12867
30040
35242
204
35146
6889
24432
1460
18719
33162
15060
26949
14741
7002
24633
27235
8452
19329
3715
22642
28781
23260
30631
10611
27662
21633
7532
6880
6921
8237
33916
25805
18351
11141
9347
21682
3152
27498
19065
34544
34453
30425
2752
25237
5846
3162
6305
4175
26476
4442
35249
9666
27021
24090
32914
27165
23213
19735
10836
2237
34647
7258
29431
4971
22709
21896
24928
25715
25459
21311
33018
30684
4816
13010
14448
32191
12692
4216
28711
27410
15414
27428
14531
30363
33010
32640
1708
29745
23997
30742
7639
73
5193
14616
21862
14471
3136
4693
23615
20124
30454
10760
19281
22109
12190
4814
19901
4098
6363
20673
16109
19447
10339
21755
17909
7236
7167
17071
4806
31546
24546
33775
32254
18969
20896
5291
31753
4079
34113
22961
7917
22082
3049
24612
1001
2988
11357
19320
10560
27683
25993
16056
15405
11555
25610
22505
28379
29532
22726
8816
4490
19910
17736
2342
24812
34095
3935
15087
25748
34184
6933
24358
29179
31819
15674
28807
11202
28472
8654
11690
17295
27145
11275
16949
12603
13065
13581
7763
33335
26679
4178
27929
2165
16323
21174
2002
4633
23937
28530
31369
24646
10520
35073
23204
28236
1778
6637
9282
33264
16920
20879
31812
21728
656
31549
27208
2089
1298
8353
2794
21486
13931
17167
11286
29657
33740
31741
19768
27644
15128
16961
29801
18934
30951
23471
13873
16560
25214
18512
2169
22667
12820
17448
22829
7999
6655
29346
34876
15582
4448
22131
3019
10160
5091
16180
20288
34912
35020
12198
9213
24401
6468
28356
25268
19251
6922
31225
23843
21882
4564
26088
1027
13540
33402
13068
21479
5719
15072
25614
6248
15191
15811
26543
23422
21625
31102
8075
20256
29275
3718
33930
18183
15266
29063
34829
27072
20241
15606
12381
16771
26411
1424
17602
1680
12427
8385
13696
24704
3887
10666
27042
31161
33078
3601
6419
15423
33620
31383
31806
34419
17611
20683
13255
33608
28116
28161
33943
31949
18655
29943
8759
6811
21847
1584
32423
6785
21313
29135
19549
1949
24177
19087
1532
19783
16965
24230
12410
34990
15782
21872
7602
2844
1322
21202
21163
8191
2883
4146
29646
35041
18839
20280
19375
31618
33093
26551
22284
16664
6440
314
28102
7853
19385
23202
15209
24989
32859
17050
3018
8193
15982
6801
29287
23645
16012
14921
28525
17074
18120
4836
19923
11777
21524
2604
1976
21420
10621
13265
25106
13054
994
29706
7830
34530
29082
8763
8094
10356
25148
11674
8840
12041
8098
20323
16089
10695
2247
6096
31584
9561
22013
3862
4869
9933
5331
7846
8652
11399
16427
21888
22883
19020
6125
4727
9892
4460
21317
2915
9175
12199
28896
2758
15920
13929
20965
9756
7676
17103
29910
23968
15818
31346
6917
2121
31891
29282
3895
18228
28912
3338
469
21883
25162
30448
8777
26843
30426
24994
2458
2603
16145
24347
11363
13174
4503
27773
14063
26778
20473
13211
25787
29675
11957
6630
16466
31160
30808
64
26074
4291
33895
19895
20659
10970
25850
8762
20219
30597
15249
29379
9759
22672
17635
10578
21759
28758
20385
377
9013
11582
4489
23866
23880
19076
28814
15518
10584
8177
31075
7540
16831
7126
3414
2002
24913
10360
31133
13466
17732
5616
30975
323
24304
34757
24275
17469
15854
17533
15587
11683
12148
21517
6110
32811
31884
18215
21044
12382
8106
29895
3576
6952
21890
33460
13961
8558
6223
8996
20589
3629
25887
18421
25469
83
12754
28431
9689
34876
3236
16517
9135
24859
11450
13949
19540
32018
31667
1621
34320
3659
35058
7704
9112
30225
29083
34655
13383
31057
6969
19019
9072
15589
3870
2087
32744
20969
22154
29902
28723
22862
22724
29885
24263
6194
27535
1327
34322
5223
22314
20648
16522
26645
32495
29595
23567
9645
2933
21645
3391
14008
5276
11405
18095
33971
34804
20363
11075
1246
8787
10911
20370
16959
27992
27153
28517
35094
10591
10435
6930
20725
9165
18169
14896
26234
22442
14305
23821
15550
9763
1477
8929
7011
31898
33259
21338
20777
9015
4276
30965
12864
33264
23492
30005
19758
31323
11648
3678
1938
10025
29335
19989
11309
27811
15585
6919
6327
36
31588
10930
34822
34254
17931
5816
9461
906
33877
19773
23130
5012
25501
32571
25392
28746
25512
13467
20507
25364
17419
16747
13552
9450
35095
1166
19003
16073
4066
16588
28324
13486
11425
33586
29005
23288
17589
1878
25642
14341
218
7864
1305
13475
24526
26985
19009
22332
26834
4424
27687
3587
10918
27937
32178
27193
30207
29410
30183
17818
33883
7046
18555
344
12392
17326
2837
20561
18668
16744
30075
21731
33584
17715
12697
19229
16865
22031
7974
28356
5016
7194
16186
18853
32256
20176
11278
17640
10621
9991
16444
8918
31121
34660
2466
24864
22244
9630
21360
13768
9103
26249
9020
33075
16052
17546
4658
12664
32298
17397
16494
28055
24434
31256
31860
643
7203
30004
17232
30588
2424
3228
23022
15901
11528
5406
1968
15143
27761
31321
10064
19271
7139
11237
10277
21732
15875
31469
19701
8209
16619
4746
7063
29784
31778
23090
31251
8875
9702
16371
20479
17823
23878
32327
27347
10456
2566
27360
19807
25270
17468
1982
25847
5411
9539
3188
13959
33849
3921
1077
3793
8469
9307
5935
2314
13861
31057
32060
26071
17774
33096
31219
25367
4869
25574
35225
25877
6082
28385
31630
17823
13470
10895
20907
24269
10783
2354
212
33353
18501
19673
20691
25262
4821
17635
15556
10150
22011
27621
12709
14123
6651
17341
18809
7916
24393
840
34225
31298
17539
24180
290
12913
16011
23348
13064
11306
3406
32889
9668
24817
23966
2863
3292
11535
28256
9787
9162
34458
32015
29164
28978
26345
13751
32688
34710
24828
25292
29429
18747
15217
13031
35083
11903
23825
1791
5148
27065
8313
3177
19588
34966
8100
8131
24438
25739
11897
14580
33770
10750
12006
29294
1945
6356
22426
19355
8042
62
30502
14443
33919
26936
26411
18206
20677
20391
12694
641
3832
19122
33107
29077
27931
22938
25860
28135
3877
24981
24691
29363
33036
19620
42
11444
23879
9517
14282
1455
3966
22029
16267
23787
24340
12422
16057
23118
22432
33968
9283
25940
15088
18703
15442
28281
18412
10066
29886
29223
6859
11419
9367
5316
2957
18277
30448
27789
13195
20445
11577
7660
16820
17134
34277
8747
30934
33099
9884
13511
21610
22779
6712
6472
21777
20008
13625
11547
30705
12044
29297
19330
474
13216
22795
6210
28804
8387
13118
4288
16300
22260
33381
19346
9419
29313
27825
21824
32380
13315
19239
32559
20168
21039
1280
18993
17154
1984
8011
8606
20227
10735
11734
22516
15502
28010
1630
15050
5955
34787
1952
6775
26784
1649
7306
32878
8840
18287
34102
18863
14559
34833
18997
24023
3872
7291
21143
8314
909
3561
6228
23344
22221
22923
9444
20190
26151
25569
34682
26560
25481
8056
350
22062
10647
28911
27631
27016
15493
31168
15819
8930
6257
27460
29006
1094
6386
16837
26153
19305
2266
6470
22392
1805
1662
34800
17794
22326
18597
6654
11259
19418
14191
32619
26108
18386
13355
11376
30631
24635
16934
8398
18934
5709
24999
6766
28162
1895
5314
12188
32830
20897
28724
22320
2242
3021
16727
3794
1637
10632
12483
16945
31889
31865
30731
8464
15474
6500
31838
18705
13935
6669
14249
22448
4191
33897
30951
35101
19368
48
23792
20801
958
1620
9191
34105
17332
19327
22530
1720
8637
34978
31475
22173
13315
19644
8807
15383
21099
15904
14411
34540
26961
7656
11829
13774
2447
10979
5758
11213
24999
6724
22830
15367
22766
12847
34355
14327
32183
31670
13071
3128
20217
17925
34749
21405
13370
12365
35244
13870
14418
34028
26921
15617
23870
4996
3091
32351
4488
23225
27383
16632
27145
119
33470
7444
29674
443
23836
8838
3674
26199
1291
29509
480
29269
5164
29895
8376
24294
4090
12919
18095
9373
29172
33784
20410
8222
10666
18627
9285
21311
4000
32593
171
23192
12440
17642
18180
25043
6581
7957
16583
8928
17568
32766
21132
9337
16085
28759
15117
33860
13204
29937
1620
22875
9560
26405
21468
32846
21072
5216
7902
10652
24003
6475
5176
15790
13495
17199
7431
5028
34774
20309
6153
27804
25756
2256
6814
25093
10918
16446
5092
7494
28431
13222
215
27968
29519
9360
33123
29097
31232
22756
24854
15392
14816
5353
11703
1870
29989
28318
11603
20187
817
6346
23174
17226
10506
29117
27932
1506
34171
10278
32397
3065
371
18642
2206
30975
30093
27139
30678
35096
17415
1705
6602
28251
13685
23087
9765
8209
9050
7052
2623
2401
10143
7501
12825
10245
3959
5374
1394
14696
2956
2135
5283
19595
15988
23137
16324
32643
8422
22502
6690
444
433
21587
6755
26680
16986
18199
4775
29103
26450
14826
2187
21915
32731
26212
13321
22890
6283
3288
29447
23976
25902
15524
4548
32581
8812
8451
21004
9430
32588
9673
11714
16016
5758
27571
6309
27499
3464
26456
31768
3060
29690
12099
24261
15287
33948
27424
4413
27207
17749
18801
21902
24144
5211
11580
24936
12799
3593
13279
32904
2930
24575
27419
34145
26406
8579
29833
34061
31357
8565
32578
26694
14426
32776
20350
20708
11087
18676
12240
31161
22487
7307
9986
16998
6219
8829
23615
34232
3497
7265
17734
4180
18566
25425
20991
12146
24593
31232
29114
7182
19889
20112
6611
9160
33746
6798
16415
23612
6793
17916
16837
12791
28880
1689
29283
28103
25986
5171
26157
30873
29088
25014
34601
14087
2229
19434
33659
1979
9713
8777
21307
12365
8035
23030
32576
8650
7726
25043
21449
4725
28329
30420
10885
7722
35010
19716
24242
19133
12164
15692
566
32769
666
32656
27994
32495
27854
29725
59
27248
20867
14824
9438
9243
33040
1500
19742
32157
24982
4974
14269
26679
3700
29
12154
25291
25965
781
12884
1433
14411
26618
34594
28129
19218
11430
860
10582
32301
10510
5945
34196
28673
14585
16762
31276
25791
15325
11740
11927
14703
23576
18638
17617
22256
23741
4043
33021
29065
9545
31045
31896
30233
7417
15946
24325
21591
30652
18307
9689
32991
34226
5461
24689
1860
8414
30188
19800
25879
24247
33824
24973
15890
31538
2341
24232
1316
17473
33882
24249
9830
5560
34598
35275
13296
4588
33959
19371
29935
26392
22327
118
1247
10098
20985
2328
2823
17096
9200
3319
25344
10352
30934
31350
26086
22152
32167
6027
10218
18490
11850
13038
23636
12428
31353
5820
4218
34930
20527
22676
28766
32721
8902
32047
27544
10730
12838
25851
32257
15437
33891
14259
8619
25388
14530
10004
3129
10345
35174
3953
19089
20631
34467
16721
35188
15135
25224
6782
920
3422
32378
29956
10463
31005
464
12971
18213
30786
30983
4449
24258
9120
25911
11938
17076
27929
11850
11155
24878
13849
9501
2867
12075
35046
10364
34378
21757
1332
23489
13622
21038
256
3349
3297
5567
25372
33257
17178
1927
23853
7850
34011
412
23368
13033
32566
21443
10364
17200
16881
7077
30111
29644
23410
7311
990
26684
9776
32368
14071
33993
22872
1418
28322
10697
32621
18315
17265
22082
20144
28179
18103
11778
7079
13333
21249
2265
14045
29402
21906
15326
26272
15464
3946
8591
19521
24620
11830
10938
28095
16837
20059
11360
30279
246
22739
8119
16158
24863
34456
5610
31151
15191
30024
6888
237
8749
4628
14535
12963
6238
12970
8357
8476
14535
21132
13053
24510
7746
27562
15332
21306
33456
32124
1679
9479
30241
25209
4674
21640
17606
6434
12035
9631
130
2001
5899
32920
28006
11399
13519
10726
10575
8626
25274
18638
5687
28024
5616
5203
22868
5129
7126
25684
27819
21528
31251
23507
14661
18175
1788
8412
25298
31704
13776
18716
17981
10563
29312
25009
21958
20742
3221
8785
17673
33279
16792
19006
11196
5453
5827
33133
649
21114
21891
13127
12927
934
12294
27228
10476
17917
29751
23836
27654
16377
6559
17399
18028
17138
10668
19755
34637
14470
34316
21557
19894
2309
491
11683
21358
24507
24052
23056
10229
475
15745
11775
20761
1192
33657
5916
24853
17239
26072
33013
23295
14350
26813
3135
28799
20797
4180
28102
2789
20562
8659
17499
18747
17535
13586
28563
22973
33300
4378
1794
23411
15613
18736
8121
25974
7754
27055
5527
8779
16216
25233
28523
23583
17051
2401
14382
5118
17472
5948
554
536
22740
20220
10401
19655
2286
31308
23367
20823
2347
24668
4148
7265
9054
2793
31584
14625
24061
33811
7928
16885
10853
27214
7895
27637
21136
25839
2217
30505
1537
9346
22842
20253
25055
33742
33328
31145
13440
28345
7608
29331
3760
258
2777
1874
8777
198
30777
5042
4482
27332
19685
34879
7120
4952
2689
30217
29210
15869
29950
9337
7628
7012
15999
7941
1132
31852
11790
30086
28648
30047
19052
7956
24253
17077
818
18768
29514
24140
5459
33672
26677
31891
20690
35153
20553
869
26284
27628
22584
19277
1306
25197
4034
12833
8533
16564
15774
7015
8051
6172
28740
17794
9585
1798
31548
33102
4902
32601
12778
3518
8608
29951
3949
15218
1410
10629
20649
34891
17598
8461
32546
7414
27386
23752
28356
21922
23163
31299
18157
19663
18941
15374
20620
10422
14423
9862
14723
3617
13204
1515
30030
2286
4673
3319
15470
19023
26292
32060
22948
17330
149
22765
30467
15679
21215
508
15297
2463
16405
4512
30148
34095
24910
34430
31662
4341
6171
33617
19880
23957
16279
18380
31407
34851
21226
7614
32340
26264
28272
1270
5919
12638
21891
30785
31229
23597
29621
29052
26324
23592
27495
23910
20743
32878
5309
9531
2604
14318
3727
44
25340
4584
17725
32297
8510
35089
15462
29444
18730
10694
27134
13160
27893
33751
18163
24042
15337
34495
1160
13041
13494
26195
21294
14197
14451
28455
16254
16379
2535
21465
21272
25683
10901
25698
33393
17367
27499
8365
7765
3709
23652
277
9409
24420
34852
32413
975
15103
9656
5627
12835
12125
9733
21582
3311
31529
3900
12454
32539
7927
14176
14527
34904
31427
22859
23776
24832
4068
20293
18741
27362
5399
32145
17126
3812
29245
2347
6892
23870
3834
33123
1390
26353
24479
29080
27208
2073
23403
34980
24123
3655
2809
23402
7303
28794
24561
25572
22994
14938
34450
22070
32818
23223
17084
852
8048
12421
28499
31104
13962
27820
10513
22320
11545
14305
15775
5444
12372
10761
13171
7481
21600
22621
30851
14738
10026
4621
8517
21718
31457
30096
24433
28522
15647
32441
34263
21807
8684
31584
10748
1499
21159
5678
31346
25506
34723
16882
28229
4458
32192
3619
12657
35177
17942
597
22424
18577
34594
1307
15071
5417
19322
21765
31000
28907
10055
24688
19771
15504
9113
18550
5255
9215
32509
27401
25638
11918
29304
32598
4532
26959
22061
137
18047
1414
21357
26854
21094
22368
25114
29926
25721
26079
7378
34345
3651
32964
5883
7697
23663
24359
27307
4452
35040
29919
32875
28608
30244
27548
11061
13262
6856
31330
11314
23958
806
12013
20705
24134
31847
12577
32328
35129
18423
26071
6116
1064
29380
7614
16255
11085
9124
19675
14549
16539
13041
4315
16783
24970
10976
23122
6600
23827
4290
7431
5393
18036
860
1768
1077
10839
8542
16272
3405
11001
32294
25515
28735
20197
18260
26014
21651
11850
18896
8239
1264
4242
25920
33352
31736
6824
26091
6459
25653
13483
4611
24851
22906
33202
20190
10489
10942
15539
12249
2357
7831
8667
27095
24880
30791
22748
4022
10922
921
15013
33202
25250
2251
29765
28842
28703
29088
21093
15245
16826
33662
10456
5909
11329
31776
624
2802
32845
16267
22532
10210
14251
6882
30316
32909
1712
4777
14857
21493
14256
25120
16018
33006
864
9061
9909
19938
8592
8726
16001
313
20432
31210
19727
26402
19931
25461
32475
17379
1088
21696
29449
28755
16734
30691
3121
1233
19119
13899
21097
16767
24761
35086
1548
1886
17463
17316
25237
30505
19131
14353
25019
2914
23537
19313
35230
24574
21164
20428
10770
15547
24908
20190
35281
25712
12660
25495
26010
17839
12616
32688
1988
1966
34681
1788
20178
26802
291
32918
12621
11700
12043
6320
10125
34769
6819
25284
34213
34224
11482
34964
11831
21537
7979
28090
19658
12996
11872
17135
33997
11277
17387
23420
23508
33690
19994
32186
9655
8039
12841
24742
10673
24539
26983
18584
19690
26027
11938
8355
3865
5922
29072
25169
26721
5916
2411
25446
28423
25580
23981
28219
10746
20728
34175
8393
20393
30330
19626
13849
10834
22235
9863
18051
11443
12218
7058
2580
12295
4950
22587
32915
28796
3133
3090
22283
32814
14255
35007
9140
6637
17187
291
18119
28926
29747
35319
10048
17991
19937
15450
5850
17501
19005
22777
30685
35063
31512
20004
7224
35191
3751
22384
24015
9263
24074
22897
28659
5304
23557
21316
15547
33930
1690
13127
35154
25827
5675
1548
14582
29042
9742
28491
18000
34017
9209
4348
1324
31213
22658
9844
14122
32948
21983
16121
28162
2528
30012
18035
13797
28754
4049
34080
34369
23733
569
4475
1181
19719
20775
24699
12505
11177
5021
8524
33785
21914
6743
20046
26035
32210
34279
6214
24348
18109
18892
25947
32
7630
26923
24131
30819
17940
24275
27687
3638
34156
12502
12076
27955
15192
5562
2127
32096
7003
15619
29890
26994
17349
27013
3026
34544
20686
19186
29384
19939
20829
23929
30276
27026
14281
6754
15937
2345
15092
14132
27270
33216
442
12154
19084
14045
25052
18866
21432
1861
3129
1499
17773
31322
8095
23831
18116
1980
33688
9354
15954
33899
35100
33467
23782
18856
25574
5952
16625
21276
13717
12978
6390
3786
28244
33814
4709
34795
15681
22344
11561
22594
17420
26089
6316
10664
30468
25391
3766
7833
24796
29735
21261
31904
23231
30771
18353
8035
20894
3604
29522
13926
1993
808
13072
453
17462
21920
8833
2975
19137
14551
25254
8401
6957
2649
6308
33577
32066
24599
28155
4941
27076
7991
24007
13695
12322
27180
4503
6783
14023
29872
13216
22225
29866
11802
3007
20557
11562
30603
26543
8923
24283
20488
12674
1017
21184
849
5619
8429
24727
6095
4118
11577
15219
31391
30545
6147
35277
20810
6764
12238
11213
5250
11960
22746
26527
358
5137
5306
11942
10204
34790
33906
28530
20353
24058
34081
30294
7686
19237
11518
5206
33748
33349
14754
17865
17145
1512
5301
20837
1539
28893
13638
13532
24792
16480
34144
26542
10390
32443
6325
5760
21908
6094
33160
18918
19567
14124
6470
12684
24980
13051
4249
33387
21312
16992
30661
27534
12141
35035
10650
33343
3190
1843
13569
3783
10468
16097
27376
14827
30768
23803
8865
21518
28606
19424
602
26351
20342
30294
3061
11019
25877
3055
35104
13857
9060
10566
8712
33178
6259
5084
4644
1941
2151
28029
28176
20653
8069
33443
33796
25747
15809
13989
527
32079
12215
5108
19585
21024
12881
5770
21172
33774
9420
33448
27741
12279
28468
34510
5762
13453
17205
389
3441
2780
3486
16545
24613
20839
28694
17843
876
12042
16810
14818
4845
1303
13465
31179
9756
16779
29487
22328
13111
25422
27914
2776
22209
1927
28446
8926
18867
10616
18721
20453
7475
6232
24222
33169
16678
2327
20530
16431
9044
1579
29715
5004
17310
28040
4774
873
2391
20595
24782
7149
8262
29973
30411
9877
25777
18999
28573
11975
24485
20088
9035
15527
17129
22269
32273
2569
33947
23027
7205
2215
11491
11383
10740
6190
3894
7855
13979
31089
3236
10171
14203
31288
7688
30361
34771
10086
19594
2321
32584
30476
14886
29003
19531
21463
34831
23154
21406
12713
6847
3117
27578
25893
8825
6483
3083
23190
28279
28519
9187
20477
16297
34354
19082
15713
5652
34297
11446
34772
11676
30775
20801
27680
7846
23168
27920
11061
19712
29930
32232
26699
7862
18686
35316
14432
19736
25883
14324
23425
217
19207
1639
18783
10148
155
13658
27405
4744
23374
18262
29069
22293
24643
7329
18049
7094
31406
29871
5850
27854
13775
12754
8333
28864
20274
26329
15268
22334
19000
1730
18405
18043
2697
1731
19220
31665
21590
33100
15142
16047
31899
29919
9884
2120
4437
8197
20483
9629
29195
14186
14188
33551
12363
2666
1591
10866
31742
1168
22820
22987
22249
17635
33194
21309
20370
31163
9406
26279
30564
13642
13458
18061
23137
32244
33689
20436
19553
5895
2287
25044
33868
31499
26548
21376
12059
34097
26932
31348
6126
28441
19845
6799
10721
902
25974
12828
34066
16978
21013
22137
27964
571
2105
6882
29103
25559
14224
15049
19066
7246
32317
2934
33977
15312
10498
28014
17828
12151
13415
26866
19932
9710
5057
3484
14828
13234
34167
24301
7485
25434
4175
12652
31887
22019
10474
17309
21230
31448
12499
16830
30170
17593
10150
15348
27751
20036
23993
23185
32387
30575
31447
10204
9026
35214
1101
26829
26689
13385
7262
19878
7247
17916
23619
4869
11489
2162
20867
17702
17076
2499
25888
29149
10645
14339
27280
34928
2653
8951
9411
1744
23147
33688
8223
23024
4070
30013
3078
30029
5239
31167
16954
34429
208
25122
14313
19166
25550
33143
26182
21703
15819
20227
34946
34635
28476
25859
24252
16218
6746
7307
10508
18702
15095
25236
4396
17655
30916
19286
25773
20267
32856
10429
21910
34715
32838
12703
10134
32325
27306
21708
23174
22747
1974
13083
34799
546
543
22627
12103
31202
27954
765
29952
13942
2281
7375
6578
17835
24275
29703
7665
5296
20345
33965
23421
34872
23249
2286
14936
29880
23282
24857
23504
14407
16035
15658
12032
8038
29224
5297
31855
25817
15556
29065
8486
32587
13529
33730
22763
24561
20130
8345
27033
11058
23586
19560
14127
31970
13176
7756
6142
10383
12529
23480
16646
34396
13635
23996
14049
2021
649
4738
24219
33952
32425
3830
23142
24880
16592
4230
15052
2163
22565
23795
14201
24120
23008
13528
16473
15548
23456
21706
29723
4487
11111
23361
9068
10888
1318
18034
12295
34670
32348
5560
17671
20726
34498
9417
29475
2723
9797
22921
10540
30822
22439
15319
25084
19352
755
22628
32304
25746
19840
34873
13510
15912
15307
6464
9210
1756
17381
33218
29956
28921
31609
27792
22064
26776
3500
23090
31889
5179
23658
32869
26689
2182
3807
25912
9537
33652
31308
12167
32370
2052
27812
6414
17383
8885
27436
9113
27035
3220
7189
4712
1718
20407
5365
2695
30879
30965
18502
699
4148
6843
19106
24306
24281
11067
12943
1011
27842
3488
2466
1631
14302
6390
14528
21910
16718
8335
18714
12920
21136
14226
25540
14885
31921
3158
25017
23106
27670
17745
26365
11835
11420
22897
10721
29079
22506
17051
14712
28030
5364
33617
11760
33820
32180
5547
6609
22031
27153
15751
5793
17848
11397
16820
20150
31636
26581
11403
24273
5636
26449
33414
29892
7718
34467
32867
9995
16180
18535
7412
2044
15325
8804
124
26523
24476
674
1455
34066
2277
13706
10764
34282
14610
6379
21883
12600
33549
30992
16724
32306
14451
8662
16440
22447
32748
373
1622
32751
31479
6687
13043
2038
24868
10684
5345
35185
17464
32791
23597
20924
26078
35066
30601
4563
29706
12872
12688
13373
3934
3076
35272
21830
19352
19370
34491
31550
33081
29276
23758
4899
32941
12435
27830
30879
4795
15621
11772
902
29054
18859
28798
2082
18517
19110
868
27872
27470
10118
32959
28599
22752
29253
10786
10966
753
5824
18094
6259
26490
5488
16165
21644
15701
3007
6916
34596
16288
4966
30505
19466
7808
30689
21130
877
5035
11566
13248
25905
5384
11678
19205
22277
29275
4940
293
33742
14857
9693
32098
28420
22464
13148
25843
33023
18947
273
9812
29219
3979
10230
20230
30734
5461
11739
18823
20707
17875
31369
30989
20957
10546
12440
21607
26281
33537
28867
30777
20084
14674
7657
28730
10597
6362
4674
23654
1819
15740
118
20549
18615
6466
25870
33743
35044
31095
26852
17981
9973
35242
22692
9031
29382
31946
18262
7348
19577
146
32271
18744
16097
26328
31976
5035
16266
25238
14728
18811
22424
18873
33040
16257
12130
30685
14497
24500
1768
16654
4589
21251
17299
23848
3059
7588
24067
23284
15349
26157
29473
9591
4933
7415
23505
6081
2837
24471
30268
31117
2640
24725
30345
29846
3151
17875
27087
21228
31910
19226
25578
21258
24935
5884
4930
11073
4742
33559
30744
35079
3485
27560
10919
2156
32574
21026
28012
8169
913
30714
9252
695
4865
12833
6402
13283
30052
576
3346
12194
15418
29841
13489
3257
25898
8962
30318
22479
29971
9548
31945
33691
3412
14878
7059
26675
26063
33710
27332
2565
30554
11688
19952
22221
27056
16614
32640
379
28420
33557
1843
35235
10942
32072
9269
6138
18196
10748
24039
22396
3506
33120
11110
3600
10373
34999
11962
12133
29030
17769
6131
32078
33697
32190
28108
7446
11530
28252
4663
35223
9768
829
22440
13279
14608
14319
18899
20265
28304
5238
31309
17714
27811
14251
4402
25770
9470
22042
34166
12254
12231
28640
2497
3862
33094
34145
27473
4380
17139
26824
11912
5557
10335
24709
16097
10272
26444
29798
33767
6692
14107
34827
7718
8271
31803
25478
20813
21754
30818
24996
7004
32592
19765
24923
32586
29485
20862
35319
32719
35068
8238
27938
15602
11962
23014
15763
18417
23914
98
10300
34662
22187
26181
20159
30560
33979
32181
15285
18278
27584
31703
23248
556
14144
32250
32965
25786
32356
9216
16626
2160
24490
12371
9429
10839
21273
33527
2920
17708
35309
7820
7768
1763
18748
12494
22295
6192
29731
13971
24979
17860
5095
33193
32566
19606
4046
32880
2082
9346
30195
12493
24373
33868
25082
13702
27629
8100
6613
8434
28574
4408
14879
10384
34186
2051
29190
19267
27614
19480
31479
21610
24474
24178
17360
29370
21080
17040
18881
30323
30572
28112
9870
16674
32585
22509
19357
19848
8923
29086
33025
7996
14210
25707
13421
9719
12864
10632
10466
6546
30981
32433
16497
34312
18485
28194
18435
3486
17939
35064
11307
2922
17448
8082
5717
17195
18652
20378
25429
20125
13055
32364
23630
21084
31477
29335
23801
32792
13564
28251
9785
11843
8464
24957
17966
18523
31941
34890
22844
13334
3478
33277
19310
26166
30383
29472
7474
21748
19328
29515
18785
33332
3361
28660
20985
34927
5803
23011
30575
2659
7663
6528
25520
14848
4311
15791
21452
33261
15687
8680
24739
1539
31923
18886
15027
550
32118
12031
25655
29148
32269
5439
26968
19080
29332
11818
21727
30607
10168
31037
888
24411
7900
25923
6542
18946
21459
18439
5770
374
25740
27152
21202
34739
34826
15426
19831
35304
26485
18628
10006
17544
33188
28971
15863
4242
16200
15103
271
27241
28322
18349
2187
18517
83
10709
29879
26476
27033
17957
21577
4495
6238
26860
32644
17591
8712
23877
31189
23678
22623
25313
34666
18716
25524
27955
503
5330
8585
68
32816
4753
31856
7588
29509
8826
5738
2811
14830
35232
19699
28967
3777
17211
1913
31038
11677
6072
25382
30385
34165
13240
23353
7604
34455
24804
9668
3627
15440
1279
18346
13674
26277
15253
27734
13569
7106
31330
18729
20179
28592
35169
29715
10024
27965
21564
2286
24752
908
1967
26289
27828
12581
31052
2416
7949
1904
27347
21740
34513
25312
21584
26304
11720
7150
24639
29235
5278
30907
22730
26540
2678
29217
26757
16321
26177
18835
23109
27892
19956
31346
18776
24652
16788
14704
13055
1880
15067
25944
29575
34479
10254
4294
31672
12527
8588
25837
28286
33216
23045
14994
19592
2090
31558
11378
23541
11936
3550
4144
7043
35273
26079
27517
13947
11066
4865
21322
510
26480
31586
11510
22710
26594
4323
17433
3817
3706
20999
31754
25357
10232
34364
25076
3685
24797
1433
29943
17546
15465
25922
31152
34486
10623
33863
15928
1961
32822
2402
3121
16950
11150
31514
1373
18866
13464
17055
34157
21769
13814
14256
22906
24530
8690
28768
31377
32375
28923
34121
3080
595
18424
17268
26587
3671
11049
15207
5758
19171
15368
8946
29026
21625
1735
29925
30278
18126
6484
25211
29086
34253
4524
23644
29529
19563
12516
31297
16246
29780
14231
26013
24985
24436
22213
28882
21956
14128
32871
7822
9922
34097
25574
32097
8083
28815
31770
26976
5689
25340
15011
26370
3522
29266
9922
9008
23348
1793
9807
19790
30030
16820
19600
18752
1854
33557
4620
333
34512
548
9032
30034
22257
29139
2109
17027
20956
29698
9014
18899
15554
16131
9189
1650
10329
21808
32073
25978
4601
30709
2266
19870
3011
20298
2267
23958
10152
17249
19285
26832
30283
26822
29975
11544
13860
1337
9372
8429
4509
27304
4929
8576
21411
14777
20752
683
22626
29756
20974
22436
29581
18466
21352
13327
33042
24339
27253
21146
29220
31045
16005
13791
29650
10736
15331
33476
10981
30354
4711
5403
118
34843
27041
15865
26366
4652
10860
11325
23032
471
739
652
7693
24081
35268
2237
13189
10758
19875
25238
14895
21282
8875
34230
10681
24118
7477
27648
13776
20208
34894
34913
6730
27810
9016
24424
28003
20625
7798
9461
14411
21907
22505
5684
7119
12327
416
18237
25573
19299
24887
26365
1594
23549
29170
24184
25481
11207
15978
7769
6242
297
10444
30115
19819
21642
18809
3139
29776
10585
30358
5170
8540
15639
25733
29013
16096
5175
853
11674
23326
16020
3743
18701
28554
11253
5237
17049
17246
8579
25355
13136
16314
29114
24263
31231
24668
4672
12616
33757
9
33143
24415
14529
17674
32675
20554
33593
1364
14472
828
2228
29115
4912
33921
2740
10145
698
8353
8789
793
5472
1365
30133
23662
25782
25620
1630
6108
15706
12516
29682
25915
13490
34437
33358
31686
19907
6115
25783
2218
15232
3588
26705
701
15358
31361
24420
20781
212
19426
196
21716
18055
26064
33571
21645
7025
8352
20920
2516
29786
29119
24502
15789
33462
31061
25532
7371
27373
4817
25259
29974
985
17681
14713
12742
460
20515
18853
13376
31908
23712
34137
5908
7846
3735
17275
3456
22024
30352
3617
24354
28305
34191
21565
17352
21811
25958
16776
5276
19167
30400
8918
15930
24425
1554
17173
30994
3079
31726
1343
13671
21143
3490
2866
3378
6759
30437
28332
11465
9753
23503
29952
5027
30154
50
26548
1975
28534
34215
10652
27450
19303
27037
10011
1749
735
31954
11361
32611
23882
4438
13742
12969
701
779
27817
31309
876
18764
34585
33385
30240
624
1217
27293
13795
31818
3595
22372
7979
27069
1658
19836
33690
8172
28344
18682
10939
24648
10300
12557
25993
23443
25241
30102
16053
7481
32928
33392
12769
5958
12587
2516
4249
5212
7872
7236
20318
28323
12005
4139
16590
5186
17611
10643
6139
21380
30894
18040
27793
29869
28004
28154
3586
15095
947
11406
28714
11671
26446
3812
34661
12626
14545
6569
23733
26460
33384
11028
23022
18258
15804
23960
21629
14503
19654
15471
9594
29216
21685
11492
30773
3051
34669
10396
7253
25629
737
1350
6600
1032
33281
14403
1735
30899
9054
34491
13340
8828
32649
10553
33169
33836
29354
16974
25772
1105
19454
15381
26541
26682
5146
11890
24685
35049
6671
12837
25367
5799
20736
2890
30922
24445
14599
24475
24525
10613
20106
2621
342
28292
30298
21911
24124
2490
8993
19699
19679
23919
34480
8070
28640
31643
19998
12640
6115
33617
17891
6251
4593
454
24758
24605
10710
3774
12568
19117
22309
10292
32465
6824
19341
26345
25045
28146
9411
26251
8015
12777
14694
22285
29810
19400
13892
9467
24889
2158
5353
33726
25288
20169
3485
24766
259
1472
32954
5403
23274
34935
27063
27861
12983
1668
9578
3482
18177
22092
25073
30923
5978
34145
23148
26394
3644
9569
34315
32888
30944
32571
34954
7341
5855
20286
34995
9757
5944
13133
20349
26807
8307
32312
17489
13958
22505
22569
19483
19583
5957
27794
26430
7469
16993
7456
4540
13680
24272
22412
20820
7793
13490
15514
34498
17364
21287
31013
8624
15548
4200
25698
11352
6918
26926
9005
27388
24591
3633
744
21828
3469
2130
2823
20014
17983
5585
12287
27151
5252
8279
11273
6513
13854
24333
4651
12257
11673
34541
2690
29638
1231
24983
17089
6707
32834
34607
19145
18205
18960
22821
21142
32677
986
31518
4
5017
26479
25172
2330
18784
2933
33509
15943
4299
32639
12157
17073
1710
6199
8926
10029
5796
32675
12004
30867
20375
25691
14516
13898
21814
34357
14804
14102
29358
18985
23149
9536
29193
12361
10162
23244
15033
16133
5518
6062
21489
31565
13635
12689
29983
26535
22680
18556
25774
32133
23157
14494
10333
17802
34620
14719
16254
18805
14880
25561
25473
32151
11225
18767
3237
10182
16553
15753
8285
10042
33768
774
34248
12580
4728
12114
9931
1850
4289
3383
7932
22652
32653
32554
33158
14698
6436
10626
8326
5104
13963
34937
23121
6405
1959
4577
4864
28821
3417
25254
28856
16535
18002
22416
28012
24433
4838
22206
15728
5857
7580
13088
12868
24448
914
4516
33879
21616
15445
9630
19932
297
19013
34644
8899
21463
27027
32068
31565
26003
12233
4827
9345
18129
5826
23045
23371
28838
22658
16169
29490
4640
26783
29234
8630
26995
18870
32436
5639
27627
8978
12391
10808
7122
14650
24717
4901
1919
22426
11150
19343
17650
881
17442
24737
32579
25505
26177
19657
15235
10802
5056
4909
33274
28625
6961
14255
34330
24788
5380
8670
13999
11459
6347
8022
22852
28954
26598
27846
4242
32351
19224
25317
30569
15437
16960
1041
11381
26528
7727
33169
11274
225
33113
14037
2031
24073
13426
13240
5685
3291
21957
19910
25230
8866
3378
5066
35030
10896
27008
34402
2174
1803
5002
14709
1915
22306
22604
34303
12386
14702
31264
8709
5212
28000
10938
33259
33358
33562
35013
29909
1468
30239
32190
29553
7712
17226
12723
1348
21619
13674
14179
2219
23029
24934
12053
20893
2341
25892
10379
30742
25082
12703
10038
27366
17722
33293
12104
15536
10000
21399
22546
28799
29576
9143
32459
3547
24123
1654
18237
22552
16061
25570
7274
27825
2034
30201
25271
6953
32532
7201
7475
26340
18818
16901
6753
13974
3632
30381
18011
5528
16229
9878
2629
15918
6990
9146
24467
22503
23303
2900
32148
25835
23932
4947
18232
24427
10944
11736
20630
3585
23031
31714
26369
20565
24710
13227
21182
29382
7132
4623
10846
2612
4769
2979
27382
6713
144
32828
29398
4413
29006
16782
30355
19917
2462
25429
12705
25615
19208
27029
27954
32823
18772
7904
11993
22536
27395
32103
2379
20626
109
33953
31196
6881
17796
6254
4912
17931
22043
32864
16204
33568
23321
3316
19664
23682
35093
31444
16847
25715
6106
7868
26808
21063
30116
6679
8025
19753
4266
14916
4353
17017
21973
16088
21892
2381
5294
22001
26891
17990
19787
23559
32246
20955
3203
130
13324
8387
30875
24313
5603
10511
34339
20841
18537
29326
14198
3358
3543
21047
32661
9734
13493
9339
25923
199
19078
25169
34348
25807
13879
1414
11802
20351
28825
9187
25151
35081
16578
21953
16327
2918
3248
18297
29142
10018
14246
9883
33669
17156
19351
7463
34679
512
34532
9215
30204
35112
14355
6972
20411
29783
1608
6057
20875
2113
15896
4301
29150
31396
2490
32111
10888
8479
8528
6708
16176
1962
6158
9353
781
8325
17311
6866
2695
34102
20849
30264
32629
11325
7532
29661
8437
8738
20160
31001
6898
19142
13501
4305
28013
1289
33205
1792
29551
3377
8789
20883
3802
27028
9562
26176
22654
5158
16020
9331
5523
17005
319
33198
3988
15425
25774
24684
13692
19619
13816
23280
16282
21140
22876
8068
5049
33812
22806
8302
9338
8649
34018
1414
25750
4574
9077
33659
21169
3114
24370
4655
30454
13883
3186
32591
6032
16079
15386
15625
32860
21402
19933
5648
3908
25722
30386
8990
8232
22948
20270
34287
2009
9343
7113
2297
15629
13882
20528
27877
20226
32118
12350
24505
32252
5329
13352
25260
4333
24271
4781
23911
3347
22912
28397
32362
14677
7316
4006
12110
7063
22306
6865
14763
8623
7289
22463
34148
23501
30809
26548
14803
19330
25530
24383
19739
28077
2299
29369
21879
34048
33751
28126
31604
27394
9915
28920
33358
19537
8606
30638
32387
17328
24763
24480
8896
30351
19762
11256
23293
4805
10622
15119
1487
11973
11123
33119
29852
29331
32251
8063
25783
16443
24685
25890
20257
15012
16752
4366
12969
17734
17114
18704
26566
18107
944
792
17008
34140
17017
15102
28444
33552
32529
33658
25452
1030
29215
9935
4536
8754
25342
1211
35201
20180
31540
26454
11027
18640
14638
17870
6732
12466
24518
34106
15599
21612
29563
16228
34622
13618
34704
19551
19567
28086
29222
19026
34082
8482
9550
28605
28694
23771
20852
29997
34249
24783
31940
25889
22169
9171
6210
14691
35119
34214
9775
14097
20264
12749
7878
25619
1895
26484
33687
17063
18237
16096
19673
24549
25114
5732
13057
18798
23499
5670
3776
10764
2728
19632
8087
18835
14258
22794
19867
28573
1803
6890
2120
31784
11850
1675
8568
4522
13610
14050
33199
24844
628
3070
27357
2858
28699
18354
28315
20481
34804
34348
34865
23715
1065
20538
20012
28193
1601
4261
1847
24344
11191
7610
15084
22444
5536
32749
28589
20754
16323
27321
23297
22677
24757
10962
27021
12556
28150
8258
25168
10825
6365
2038
14492
26818
13862
7786
19963
478
30528
6883
27756
22433
25311
20087
2383
32227
14525
23036
21601
15503
34971
18122
17900
19571
21469
26213
17891
34438
23262
11542
18371
15441
2753
1388
34635
19235
33911
2947
15754
32054
17353
28380
15489
22358
22248
9479
14427
17463
1978
10500
34172
34470
21417
32628
26509
34225
3995
17574
9722
15988
28440
9869
12804
25355
18950
14921
19094
26414
21225
31538
9740
18431
2158
25196
30315
34949
3898
32996
17345
29375
34812
202
18932
35049
30004
35289
25667
7554
7511
34169
23644
19674
24202
25835
31705
7267
1060
33420
5007
34966
15188
8632
19604
26244
26421
31074
23147
18431
17974
2822
20766
4879
17188
20832
10179
1013
14603
8128
12025
19181
17648
28275
4402
24084
12378
14464
30793
14484
27058
22697
16034
1728
15230
21253
9169
19739
23559
19022
27081
28056
25961
3182
20122
13754
30037
18902
1155
20594
10685
24399
19160
6299
24296
27297
28520
2884
29450
3317
34479
31736
24101
21566
7141
32835
30396
1344
6101
1162
13235
2467
19804
23057
20391
26122
16602
13798
18778
16698
23400
8604
22359
20117
29114
16420
24900
29431
32787
2177
32204
5300
31158
40
33795
13644
26350
580
17805
28167
714
16650
10205
12706
6273
32007
978
4410
12253
3589
12239
28208
18803
17250
1895
14859
667
23291
30142
5103
19170
7748
17906
33220
31351
6953
32778
930
2407
865
23136
31655
9603
14886
16886
28561
18814
18901
16642
2919
33286
12228
15406
22622
10955
35269
14818
23504
31441
34363
29219
11151
33149
14587
24377
2195
3544
4049
22074
27424
8269
311
13871
28851
26792
16940
9580
1598
29639
19906
25011
24890
34225
244
1698
10798
21151
24839
9323
23240
1355
29254
20242
34032
1489
22662
4643
28895
5553
31255
24167
24538
4464
18166
8020
20277
6121
14696
27445
20208
30278
16059
5416
1865
19488
18033
6040
26314
17735
20075
17691
11136
33488
33909
23235
19870
25690
29322
20828
2847
14904
7678
18850
31476
21697
5446
18007
31652
33974
13645
24651
20507
15097
17056
16394
10155
14844
19530
25018
21997
32499
22925
31992
27243
2121
1658
28706
22483
20503
16176
10546
10362
11646
34076
1790
5024
4281
21984
31527
27011
12058
15724
35021
34775
24405
22283
22005
32521
28448
19331
3995
20531
33184
719
10918
299
31467
22039
17126
11824
33132
11050
12018
10357
31240
10400
7183
29710
33521
10177
11589
12077
33237
13154
812
3578
26068
15651
5549
813
18294
30407
30264
6385
34653
33441
23373
30681
15987
33997
2292
21094
3145
4956
12374
25293
5821
18512
19502
15867
1824
22868
26565
12583
27328
25287
33738
3451
1056
12982
15191
22934
28252
6373
33392
4125
15301
12972
32158
30997
26457
28452
9864
6805
4754
11469
30835
20578
17270
28097
7832
18009
13404
18988
21270
12216
28707
10941
17960
19197
13491
5197
20429
5136
29555
31566
13205
33356
521
8726
34041
20059
21899
16877
27233
24382
12695
19556
10728
4061
16298
6168
12261
15790
12782
29831
3016
34732
22052
3536
5386
2040
22644
30244
27451
28778
22358
19831
9851
11395
16585
3775
20215
25979
23495
2537
26242
26501
23013
4359
22467
19004
17410
14686
33463
541
9028
32146
4235
23414
5086
28008
23245
18200
25880
32602
25176
9305
22454
17378
798
27987
3721
15737
16894
26155
11020
35245
25761
9161
20904
2366
32106
20478
22012
13371
7052
5658
9284
4423
32381
19894
16412
3957
8500
6883
28949
18916
13060
33081
27038
12257
22456
10788
1120
8746
8523
34747
32941
24722
2833
34446
28889
5333
25599
26552
16434
4547
4019
17422
22043
27285
20519
33254
20934
29182
5916
8536
13657
15253
33086
26213
766
4755
13009
8508
6422
31761
11903
2898
7403
22240
6848
22869
32360
8485
6738
14318
15913
19212
29027
18365
8415
26587
7319
6902
29049
315
26534
14891
15193
4434
26504
17208
24624
30312
19597
9125
15512
25250
7462
6828
23389
30027
35190
7964
31674
6919
16073
14098
27880
12043
30277
27974
26843
24058
3616
9605
14047
30368
28425
4066
25647
12715
35092
12368
7666
34217
21959
24112
6830
34333
5012
11577
131
13660
3020
18844
29444
32864
14893
21888
18491
25305
5194
3888
14448
7758
28760
6010
481
26955
32148
5305
24041
4851
19149
33513
11846
18042
15289
8543
19565
8974
1107
2798
5998
28921
8450
24542
31650
7726
13363
16397
18033
27163
26425
33888
7377
27190
17979
10255
9378
