-3700
7062
5606
5697
9900
11373
-5527
1647
-1032
4203
8858
8700
-5214
-4204
2832
7417
-1617
9077
11379
4136
-7393
9380
5714
417
1848
7397
-7324
-2924
-5746
8944
6033
11128
-886
-877
-2315
10647
3243
7016
4423
1724
3196
-5189
-1056
13124
-2926
-809
8563
2641
2059
6978
-7135
3219
2756
10303
6665
12733
12944
4241
6691
-7089
1914
-306
-6226
-3582
7476
-687
3630
-3524
-1984
-2423
904
3259
10029
10547
5046
11131
10510
-1106
-6666
1066
4224
4700
3923
-4298
1332
9416
2933
5918
-2735
3235
-349
-1610
9115
5660
9607
2729
-6145
11007
-427
8942
11458
2927
-1733
10440
-3538
12550
2492
-4599
2454
9419
-7249
9303
-2849
9654
-7004
-7015
10296
10950
-3330
8597
8100
8095
-2629
1701
5291
162
11862
-1142
1908
5574
288
6215
7500
7865
5047
-7338
6499
6134
12772
5716
2529
-1
-3990
6330
9795
-7097
8767
-1597
8334
10045
-5583
-3104
1281
12096
2279
-4375
12746
11413
-5168
-835
-7101
12184
3348
-4573
4168
-7101
-7356
12966
-5248
-309
12726
-6096
-89
7500
-6859
1450
11293
54
5576
-851
2564
151
10355
-3665
1601
2499
5302
-1972
309
9224
-1601
-1948
2490
-5782
5583
-6122
2376
3781
10628
1422
-4143
8999
-7522
12416
1273
3099
-2053
5669
-7283
5114
354
-7174
8690
7785
-7213
9463
-1878
-726
8260
10725
10964
-1989
4974
7181
-3062
-1062
9696
11285
-5009
12857
1460
-3442
5041
5519
12330
2811
1273
1361
9544
-4388
-1875
5021
11348
-255
-7502
11412
-5614
4840
4653
9398
-2916
-1555
-3839
5067
6514
-4045
5353
-1914
52
10610
9537
-821
2617
8152
5482
-2417
-666
10145
-4042
12856
-1365
10499
12935
-4865
-5448
-5394
4008
13166
6084
-5733
-1491
-1243
5839
-7312
3905
1762
-1915
-3186
11579
-5432
-1412
-4053
-4527
-2766
-52
125
8939
750
-3876
5386
1387
788
1969
-3990
-220
12197
989
-4669
9534
9476
-5492
-2087
7602
-679
-7024
3365
12748
4739
4471
5455
11460
6079
5034
-2170
1437
9925
-6524
-3231
-4244
-4548
-5141
9226
-481
5525
-2122
-1798
10586
-333
6660
4555
-6392
7407
-5357
562
-7354
2720
-3592
-5528
-6558
-2602
-2764
-7398
5875
11754
7618
-6750
1703
699
-943
792
10665
-5119
9457
8251
10232
6357
1683
4653
-825
-2946
7062
13158
431
8349
7676
9095
-5296
12369
10155
-3749
8600
-2254
12225
-1698
6502
-853
-2653
5073
3024
-4538
-3988
6445
9324
-4633
11984
3902
7111
7158
-3299
10516
-7426
2616
10189
5671
-904
690
-6645
1141
3876
7860
-2194
-6868
-1167
10851
-2987
6729
10207
12884
8095
8482
-3550
-857
9091
10275
12919
8656
13051
3977
11705
-1041
-5452
3530
5598
-7522
5099
-281
11262
-4816
11841
13158
-3849
9735
7853
11732
11085
6727
-5429
9877
733
1806
6414
358
5306
51
-4080
4770
-6638
2853
6550
4821
9128
1511
1351
-5377
10381
3999
9328
3
10814
13023
1026
-1864
9808
2063
3866
875
9240
-32
4884
8302
11455
11416
7275
2932
-5952
7804
-6240
3489
4490
-249
7345
-4555
5606
12048
13054
4781
604
1723
-4430
3266
2475
12942
-5612
5977
-3492
971
6370
9029
1826
-7489
11649
13240
2960
5677
1357
-704
-2519
-5865
-7149
6629
11630
-47
1127
-6545
11128
-3149
12285
-189
-745
-5879
-6725
4705
4977
6548
-23
-7029
2293
5636
10703
6751
9236
6482
8380
-5265
-7003
10485
5569
3575
6994
-5076
-2226
9904
5689
-1210
-6086
2927
8520
-4594
1207
-2989
-5981
1909
-3086
-5685
9724
8880
2938
2972
11663
3174
11318
12028
-4534
10550
-3291
-6878
-7063
199
2142
-6958
5597
-1544
-6960
-5980
-951
12230
11242
-4439
-4923
8592
3038
7323
4505
-1482
1112
664
12636
8742
-5836
4431
13058
5030
4470
-1739
8547
9786
5045
-4673
5552
10637
7411
2972
7451
7077
-4509
3034
-3470
-2979
1476
800
-6723
-1261
4028
1190
2524
7135
2152
11969
7162
2237
12068
-5545
-6965
-5958
2518
4176
4539
11005
7011
8980
-6771
3922
8492
6676
5091
-2906
7344
-2701
1375
-5301
-7278
1717
450
1770
9118
6313
2109
5094
-6772
5376
-3837
12143
4959
-6243
5682
8726
-5832
-1614
9966
9480
856
6519
6482
4543
2602
-6499
6849
-2818
1350
11909
-80
9409
-1991
6214
1476
-6473
6961
3603
10054
-3507
2066
6199
5267
898
7715
-6124
643
13104
7008
3694
-2698
8512
4631
6715
12629
-3978
-3687
-401
7640
8671
-6252
-944
-3800
213
-5542
8957
10971
10653
2363
8687
7385
-7394
9866
9719
-5980
-6290
9428
-1848
-585
-976
11059
3664
5671
-2814
-672
-4200
8189
-7216
-6646
12368
9407
-7112
-2416
6163
-6328
-3420
5227
5003
-5365
-3155
8486
97
-6889
12725
8414
-932
-4351
1681
11515
-1103
634
7362
-7379
296
1215
-3248
10873
8470
3282
-1394
-4547
9969
12444
12109
2085
746
2396
6031
-1116
1809
-1692
-5337
6230
6988
-4147
383
-4827
1344
2203
-2739
7848
3369
8796
4208
212
-6481
7795
-3418
-7111
550
4176
3466
-98
9792
12345
7923
-6205
-6181
2323
-2825
5890
-4278
13154
10636
-4342
4718
11786
-2127
8202
1802
394
5200
7643
799
-919
-644
-3471
5861
8691
11242
7828
9239
-5141
6010
-6914
-7394
4126
13149
8303
6799
8830
11990
8222
9821
-2585
5606
-2680
-5589
-4188
11716
-5005
4259
-1642
-6771
10022
3696
1251
303
-1142
-1340
2758
-1
3926
3210
6243
-4021
-5079
9039
1855
-2518
1314
2201
-704
5775
-825
11902
6278
4726
1436
-5303
1231
-6639
4037
-5610
7875
-450
-6842
7408
1617
9779
-1523
10770
5198
9597
-3326
4417
-977
314
248
5986
5033
244
-245
-870
10213
-4904
7068
9234
-4962
8911
5427
7322
-3560
12315
-5210
1796
7824
6029
-7414
-6876
5658
6167
-5493
13189
3552
-3553
1937
9235
5861
3302
-5233
12094
-863
-2206
11402
-4717
1587
-4129
488
-3845
6868
9467
-2970
1300
6967
2574
5374
5600
2392
236
-2274
-5887
-3603
-2137
9586
-5505
5240
-6632
4528
398
-5425
2427
7875
-2029
9961
7748
-2954
6455
3268
-5274
-4290
2334
39
6642
12540
5244
6121
7729
-3699
-687
2526
-4777
2831
-6195
-7320
8793
4724
-2631
-317
-7086
2916
2808
8048
-6774
12175
906
7982
-7451
-4484
726
3722
-3473
12258
-7532
-5912
11401
1996
3858
-5151
-6844
7620
-5058
-5783
8953
-4281
-959
1608
-716
-5089
6475
-3649
-1924
4365
3274
9827
2030
-6761
-2399
-6091
6257
4125
10910
3880
11730
-3340
9015
3777
4036
6639
12478
11469
-532
11119
-1800
5046
12294
1147
-3309
-425
3461
10767
-3134
-66
-2414
218
8984
-7114
-481
12458
-2461
3358
9938
-2335
4167
5754
-3338
-1806
9612
10804
-6760
5354
-1421
3081
2375
6552
5068
185
-4440
-4920
467
12635
6621
862
13050
-3370
8562
12671
2922
8813
-1829
909
-433
-1386
5532
-389
10615
7961
6391
6157
6240
12032
-2755
-4784
-907
-6771
10670
8244
9844
-6614
10065
-3039
12691
10743
9373
10339
389
12336
8650
12466
9041
1923
-4093
10642
8862
-1594
8891
-4434
7080
-2813
11593
1591
8804
-6179
-1380
-1519
12669
-6500
-473
857
-2986
9824
-5291
12273
2782
-1571
-5252
9902
-7289
6654
-4848
-179
1981
12776
6663
5627
7329
9952
-7019
9587
3903
6327
7081
-962
166
7350
-51
3939
8439
-2248
-5834
12893
6133
-3112
-6912
-3198
11707
5383
1905
6608
609
12188
9364
547
1762
-3451
8525
-5879
369
1387
-2140
7728
5136
7026
7608
1496
9718
3330
-5946
-6885
7460
-798
-5616
-6122
-1995
8470
10698
6300
-4205
-1485
12612
7075
1972
9052
9325
-3353
2198
-2454
-4538
9767
-2078
7691
4583
1789
-2471
11781
-3794
299
12797
140
7437
-1298
-1835
7319
10633
11963
-3950
6214
8405
9412
6516
-4477
12430
-4720
2447
12814
12921
4012
12591
10283
4248
-3862
1553
-3048
10479
3968
-1358
6179
10814
6067
12371
-467
10770
-949
-3531
2592
728
-6950
-2491
-5796
-1656
-5196
3496
2088
1467
-3398
-4266
1345
-4110
12570
9275
12160
4826
-7243
8531
11576
5684
7836
-6655
3719
2961
-917
9324
-6748
3972
-4310
4365
7390
9270
12740
-7434
-6096
4472
6065
10873
1434
7049
-1835
-5880
-773
-1492
8079
-477
4178
-5327
-7342
4101
11629
-4643
-2064
-7086
-6230
5373
8074
-3503
-6583
11723
9521
12666
-703
3547
-6508
-5048
833
-997
12126
622
10782
-1064
12074
10444
6428
8155
8649
4913
-1966
6440
-530
13115
12862
3323
3949
12323
7198
7114
-4710
12594
5972
200
1998
-953
-3535
-4409
2835
5367
-3504
12313
2637
4940
1412
-4882
-1227
-3369
-3612
-2867
4032
2495
7423
3499
-3395
-4846
10145
9853
7458
-1085
-6394
-925
-4761
4525
-7142
12656
12191
-6564
-4085
9305
3166
5731
2739
-2552
7020
-696
1479
4123
-1095
-1246
-2951
360
-5552
-933
12832
10748
-1751
-4156
-4697
4058
-6464
8961
9109
9944
47
9905
13129
8336
9490
-5302
-1865
-5769
1995
12621
-6147
7620
1181
3396
9854
-954
10995
2355
-3736
-6835
8861
1096
10299
6784
9358
6554
1404
-3011
-2489
5739
-3458
1086
1111
-5374
11553
-3375
-5242
-3260
11225
6418
-7317
9597
11181
1579
11143
1129
-4849
2328
6138
1601
11359
2405
4242
-6441
8934
918
-1949
-3454
-1881
-7519
4276
11770
12746
2730
-1556
-3730
1869
-2746
-321
-6818
-4373
1800
3850
-5696
-6647
-458
11011
1228
9443
-6916
5338
7921
-2510
11425
10028
-2003
2577
-3622
-5275
-5320
9718
-3920
9240
10885
12711
11635
10777
2867
5271
-811
1765
-5573
8675
9809
8456
9915
-4544
5586
3820
8876
-99
7052
-3511
8443
7163
13169
8650
-4164
4137
-5117
-391
4409
1821
10595
6366
10717
-4067
434
11080
6341
2916
951
-64
9371
12438
6415
653
12762
4920
4376
4509
-7462
-1630
-4620
2894
-2439
119
7238
-2722
-4119
-3178
-2770
-5667
-3954
7065
4401
8756
12185
10716
-325
-7185
-2775
929
-5162
-2966
2469
-7087
-6698
5931
11837
-2814
7906
7639
13000
-2590
12080
7737
6356
-6575
1789
6258
1527
9662
10056
12792
-974
-6823
311
3530
5518
8954
9752
4370
-1436
8073
11995
-165
5899
-2239
422
1845
-1023
7138
-938
3148
4023
-6489
4340
11241
2520
4332
11937
90
329
-7494
10524
553
-5683
7239
-6051
2708
1266
4018
6669
8275
3326
-2425
13145
5735
11576
496
-3566
817
2445
11004
9170
12199
-6243
539
7937
-1708
1099
-7023
9104
-3933
9399
4820
-1556
12583
7061
-4737
8937
1393
2558
1604
-4515
-6768
4694
979
-5248
10086
11272
-5730
12952
12088
-6392
10606
748
-6832
-4610
4093
-5681
-4168
-3271
3475
119
-3443
9345
11308
-2210
-2809
13073
911
-341
11665
10787
6464
3332
7331
442
-5837
8199
12349
3291
10260
8834
-991
10660
-3362
4929
11006
8957
6512
1793
-4296
10181
8420
5905
-6327
3650
8748
3684
2359
5457
9488
12815
2060
3032
-557
1603
8447
-1022
-5558
11276
-4174
2556
-2273
-2164
1609
-6651
-5919
-7147
9110
9011
11379
-2251
10231
12527
-1460
11567
805
7949
749
-244
4314
-575
-2322
11593
4194
-4492
3750
11891
8567
-6855
2605
-6677
10386
10840
-2362
3709
11749
1154
5413
-7161
-4278
2212
5799
-5652
-6433
-5791
-6272
7332
-7205
2245
946
6685
-7078
5602
7765
-1438
7390
11594
3563
-3974
13077
8274
2896
8609
-1372
-1191
5662
1028
-3677
10860
-6262
3879
-4070
6782
-402
10975
4157
5522
9272
-6151
8114
-1703
321
2083
9731
-2644
9341
2537
12775
-478
8706
7879
1567
2491
-2660
9271
6327
-4000
5574
-4677
1318
928
-7171
-3344
-3024
-1813
-4806
9313
12196
7781
2842
10077
10193
1462
10002
8341
3758
9565
7639
-7445
-5728
-4117
-4066
-3995
6986
10909
9003
1474
6527
3034
11656
-13
11620
-5240
-2156
4351
12039
-5046
9208
7240
5292
12098
2836
-2109
-4021
-1093
-892
-3209
-3478
980
7701
-1727
-6165
-1103
-1035
4567
9454
-539
-5445
-7027
10670
632
-6159
12816
-4085
-5317
10945
12506
-4688
3722
-7468
-6863
4935
-4982
2824
-1990
2489
1072
-553
5597
12951
-4608
-7065
-4453
1142
437
5954
12716
12357
3348
11351
3855
781
-6525
-5097
-2360
11903
10823
-3964
1161
12916
2110
-6463
704
-2352
1148
-6481
-2065
12142
-4353
2488
5542
10000
9873
5278
12545
10257
-4153
-2049
12496
11372
3203
7058
-5145
10244
2974
-5351
7125
-6329
2348
-5970
13160
935
-792
12164
12556
617
665
-6185
3253
12197
3544
-330
3980
-2729
-5781
12876
-3429
3774
-27
2050
-4164
230
-650
-4515
-4182
3997
-1263
11626
10041
7757
3238
-6090
732
5411
11611
-1584
4348
824
184
-6920
-5641
1633
-7123
-869
-6032
5202
9639
-902
893
1460
8574
-4168
11380
7342
12039
8723
-1006
2306
-6093
10785
-3976
-2183
9139
-6555
-5877
-154
1156
-1868
-3985
5019
8975
-158
10812
11344
5053
7091
9176
-6830
11516
11251
7139
10815
-1099
382
-2182
-2911
9876
-4492
8308
-5958
-2314
452
6152
9901
3254
4167
-2226
1846
10462
3661
170
1568
-5755
-2789
-6582
10375
12447
1249
373
-2572
-1737
579
-368
12525
10516
68
919
-7013
10497
-3846
12415
-5883
-264
10697
-3731
10188
3776
-915
-2215
3972
10821
8424
-4976
10256
12134
781
7160
-4566
5053
5852
2110
6488
-2252
-475
756
-7334
-986
-3226
5513
-1559
8821
7229
-6816
-2854
5254
9811
12618
4229
-220
-3258
-2810
-2217
565
-2661
2082
10856
-2924
-1788
-59
5834
-4573
500
-2944
804
2805
-1460
7010
3090
-3081
3966
-7408
-4320
4286
-3925
-6224
-556
-6086
-4178
-7127
297
11914
12960
12101
7741
6909
-6572
1721
12125
3865
7512
7186
3544
752
7603
9657
9292
-4044
11968
-5073
9129
-631
-2539
5366
6660
-1278
7722
3904
8230
-1909
8954
-67
12693
-4416
-3094
-5894
3829
-2874
11252
8903
736
-7410
8173
-3291
12394
2581
7594
7819
972
7343
3972
3966
12100
8816
1628
10289
8801
4927
6096
540
9415
3748
13233
6852
1269
12983
-4326
-5208
-2859
4513
-4907
-1000
10896
9742
-2589
3800
6475
3842
8749
7325
404
5326
5316
-2377
7029
-2466
9951
1676
-2499
-6153
-4147
-120
8241
12184
1856
-2334
8267
-6365
3898
2819
4275
10149
5682
-552
-2233
-3498
9775
10994
-3409
1690
-36
8860
-1465
-5122
4565
3722
5116
-2604
9471
10333
-1899
906
8500
3642
6575
782
-5447
10871
9946
-3042
3839
3151
9115
10654
10528
8962
1591
10643
9667
-4545
-5697
-6974
-1893
1212
-7185
3418
-5717
-6912
-5171
7153
35
9208
-7062
4205
1255
6543
-1123
4442
2252
-651
9430
-7084
119
-5298
-7354
6354
6412
-2485
10945
5717
12864
826
-3189
-5058
8115
1615
636
-1539
8270
9560
-2614
-6865
11213
11773
5811
-4557
-706
10124
8912
2205
-3910
-2476
-502
9099
8215
3148
1872
-4524
-3380
2065
3879
5743
6708
-577
6816
7057
-3123
5358
-6365
-5822
624
-1941
-1909
2755
7402
-4335
10411
4118
10188
-3632
1909
7236
12566
4699
11613
9657
-1694
-7500
10915
2561
-5330
5336
7164
-7498
8466
3798
-2458
1766
1998
-1980
7481
6922
8227
5323
5436
832
-6151
6769
-6799
12271
9444
-3365
6096
2017
9170
4961
-4088
-1522
-5124
5879
7875
1370
9003
-6112
10487
-1812
1449
10522
-5476
11729
12456
6513
10498
2144
3102
1061
4980
-6318
8612
2252
2015
8694
-5669
-3443
4303
7467
6882
5927
3580
9907
4189
219
-1934
8999
984
-5708
3327
-5528
-1910
1335
-2242
8317
772
-3373
280
8803
5923
4226
6746
13027
87
9666
2154
-3996
-5798
4753
-1522
1442
-4464
-2778
8278
-2288
7257
-597
-1669
-2785
12350
-2612
187
-5865
-4820
999
2699
11718
7960
3719
-115
8946
4283
10014
-5498
9263
2584
5005
-3947
-2905
4215
11471
9249
4941
9522
-7191
7441
7176
11265
11482
12628
12001
5472
6569
1312
-4540
2146
-6820
4582
-4790
9619
7488
-3258
4719
1679
4174
-4281
8057
4585
-2906
13202
1751
-143
-3850
3349
-3159
1677
7115
-1116
5341
-2592
12921
-6835
-1681
2932
-6800
1763
11875
-2393
11562
-6048
-6853
-7271
-1141
12113
7316
4697
942
-4041
-3890
-5692
7238
979
-3100
5084
-4143
5599
10324
469
-5366
-2666
-3977
4992
3782
6091
-7262
3108
5837
7655
8862
3604
-5582
11475
5191
-607
8884
-5927
5107
12282
4012
11036
12178
9011
1019
2131
4720
5625
6358
2154
-3776
-5759
10602
11473
-2106
7651
4354
8011
-5838
7725
-3492
10214
2395
1383
9411
-4643
6528
-3967
980
8375
11494
4464
10799
3732
-7240
12762
5858
4352
10534
10598
6480
5412
8454
9481
1909
3707
6331
1831
4125
12286
3180
-6330
9494
8236
-6430
-4527
-3423
398
8723
-1194
9376
-6212
9699
-4612
1796
-3430
11740
-4101
11394
-942
-5333
-1892
-6595
1430
1949
-6110
1439
-412
10999
-6845
-1936
5302
1142
-5616
12701
-910
1570
-5419
2132
-4474
10449
7797
992
-5719
2325
4346
7029
5048
-2622
-3982
2649
-1684
-1952
5683
8455
-6828
10440
10675
10359
-1608
-5409
8923
-3733
-1561
8419
12771
-4453
7083
-6395
2687
-4533
7107
-1121
4728
-4844
9960
71
5453
4123
13212
-5974
8218
11267
8770
9538
-5217
11744
4167
10945
6020
12435
-4010
7875
-838
-4604
-4377
12523
12305
1081
8062
2914
7526
-4809
7963
-1931
9855
6445
12596
11824
3707
-2583
-2989
-3710
1641
11126
-4171
4963
7813
11892
-7012
2229
-3104
6597
-5330
2153
-1096
1113
-1914
6005
10762
-7454
9618
11850
-3151
4730
578
717
6095
2436
3711
2804
4306
2878
5913
-5149
8367
9516
-2792
159
1241
-5704
1189
9615
4254
3942
-2956
1251
4134
-2487
6959
10606
-5011
7877
-2475
6902
-541
-692
13206
2324
7410
10885
8446
5986
-6955
10267
10911
1100
3394
-3753
-6327
2760
-4221
1831
9923
7283
-2831
3805
10924
1510
-4558
-6318
9453
-2670
-4347
-7236
-6745
12999
-4192
4442
-4952
-2971
-6741
-1134
5743
99
-5605
-2057
2309
9246
471
1997
-2968
-5253
1299
6646
5073
3417
-1654
-6026
12475
3310
5273
-204
-2215
840
1267
-1704
5409
8123
-3924
13113
-156
8275
5013
10180
-899
-3822
8748
-2424
-6955
8693
-419
-126
2076
12934
4629
7115
4379
-824
-2259
-5384
8026
241
-7366
-4533
-4029
9718
-6071
203
4010
-1140
-6438
-597
-6849
2999
-6608
8496
9365
5745
11957
2027
-3193
13068
-2664
4590
6809
6623
11153
11007
3121
-4930
-2701
12024
11853
-3770
7465
12274
8696
11977
10238
-785
-1086
9132
10896
-3101
8483
6685
2832
-1135
3815
6857
7311
-2854
-4222
-1150
-1040
-7271
2573
10484
1543
10617
2551
12553
7444
3408
2548
-318
10854
2893
-1912
2986
9552
2858
9054
-1630
7417
-5113
4915
7405
7225
4885
-5418
1069
8483
7207
12861
2476
-3463
9133
3334
12063
448
-6513
6924
7448
-5190
-6258
5225
8756
7635
11912
10754
-5381
5978
-3265
172
-5179
301
-1402
-725
3781
-4409
1927
-2435
12730
-3855
4546
-6538
-2414
-3212
-6718
4848
7208
-405
-5564
8021
-6125
-1284
-5513
4327
9334
-1762
8699
-3167
2701
2767
2591
3653
12314
8279
10201
5319
-3973
-3751
12227
-215
-3119
-4211
4105
6971
2577
10804
-6040
12979
3944
4215
-5783
-4480
-5676
-4185
3325
-1033
4327
7268
-1582
11596
4626
1210
-5825
-6557
8259
-455
2195
-6254
5765
10000
7717
-2350
7373
7259
-6442
9675
-3678
4148
-5485
-2383
272
12261
-7401
4791
1621
692
3456
10805
-3444
-6766
10633
-6190
11152
9445
-1400
-2722
1881
9
592
7044
-5425
7363
12850
13210
-1245
-2226
-1294
3984
10651
4199
10421
-2801
-3088
11187
-6793
6055
-214
7746
9750
-2211
-3483
-463
11452
-2616
-3893
564
-6232
-3631
-2185
-4752
9073
-5185
10160
-2288
-6743
8486
12174
5397
-243
5024
13034
8031
6059
4123
-2367
7620
10920
-2267
10845
5908
8143
-1066
-7200
-3666
-2383
4349
7686
12548
-3840
-837
12915
310
2500
10339
6288
6942
2293
4507
5691
7433
8661
8506
-6012
5335
7614
-686
6585
6049
5345
6576
-3594
-4984
-4777
1361
13077
560
4292
9834
-686
11061
8086
-880
1034
10108
10373
-1897
8978
-1202
-4261
1979
8793
790
4099
5187
4406
-6749
2753
7119
-3912
-1773
-3676
-904
-10
2974
-1773
-2206
-1436
-6118
7378
3946
-229
-4177
9220
-2862
8226
12961
4107
-7332
3156
11978
11304
-2303
741
-428
-953
12585
7477
5208
1955
-3054
6237
-2557
4562
9774
9835
9718
-2809
12092
-4446
9111
9521
7792
7364
686
3846
-3557
9895
109
-5444
295
2446
-5715
-6530
6673
-2297
8976
3879
5607
40
5231
13062
-1998
6090
-2078
8360
9169
-3667
9101
8024
-4197
-5595
6015
1857
9226
-1097
2452
10425
3547
1157
-6300
1762
1106
12737
622
12039
12838
-4938
-5655
12049
9223
-3103
-6247
-4343
-6995
7003
-2998
6327
9544
-3120
12995
-6448
-607
11823
6824
1169
4799
6977
3197
9794
6259
-2223
10553
-5047
12402
-958
12988
1864
-2076
7129
11367
-3707
-4685
2660
3032
1909
-2003
12003
4084
-6996
4809
570
-6256
8941
2024
-6015
-1627
10612
-4392
7264
-3798
-4889
-1190
8250
-4872
-2621
10224
-5131
-6114
12589
-3680
-7256
7961
-4241
-4132
4697
3854
7919
2517
-5113
11257
-7168
6275
4469
254
-860
8389
9313
1733
7917
-3671
2280
1131
744
-1068
4902
7275
4088
-7161
11907
-2174
5517
-2818
8428
166
1548
2402
9520
-2823
-1157
-5571
-6654
11777
-3775
3330
10478
-4712
7552
2967
8463
-6034
4706
10539
-5755
2813
-6802
929
869
6939
-5014
8358
-307
-1713
-1420
-2195
4105
-6531
920
-6898
-4921
3386
5420
10726
2896
12199
6906
12095
2204
4495
8084
2830
-7352
6490
-2212
-6137
9873
2494
-6902
-6845
5018
-7275
-4624
3996
-2451
11603
-3924
2327
12257
8661
-7053
1023
-5092
4494
10520
1988
-911
-5362
10731
1438
11490
4875
8655
9759
9404
-322
9414
8902
11860
-6683
1049
-3449
-2095
2327
4119
6585
-3276
-769
-4748
-6904
3552
10248
-5024
1265
9539
-6953
6840
2139
8593
-2674
-142
6342
12503
3475
12235
-3315
3449
-6577
-1364
3724
-281
7128
-2607
7303
7034
7308
7220
-1414
-404
5227
4177
2440
-2458
18
10978
-457
4529
466
601
10367
3705
1020
-7072
5475
-3479
477
3842
-6579
-5280
-1200
8142
4292
7162
2492
-3586
6767
4648
-2511
2767
-405
-3444
7869
2515
6586
5987
-5810
-7286
-7417
-3894
-6231
4444
4090
-3918
7173
4732
2069
-2691
-4321
-5487
-3395
10573
7314
-4972
587
7861
801
3276
4815
8758
8185
10180
11049
6449
-1212
-4189
1236
2981
12702
-16
6954
1307
6452
-3152
1130
6335
-4187
269
-5493
-918
-2599
5855
-4783
2854
4657
-4709
-5207
-4353
10684
-2723
4791
4282
429
-6677
12828
-5923
-3606
2924
1028
1174
6484
7949
-7478
-6636
3444
-541
3724
12291
12476
4723
7514
4926
10280
-1241
11735
11797
-3667
3075
5084
9792
1894
10717
3879
3165
8311
10299
188
-5573
2877
9442
9107
5557
424
1419
9457
4963
4088
147
12395
-1532
2972
4217
1821
1347
12662
12274
12399
9093
751
-2735
12586
471
1125
1623
4477
6776
6807
1351
11026
-1116
-6565
-4223
-6454
4379
-4751
12745
5201
1388
3549
8338
5643
1284
6593
-7120
8573
9489
649
93
-2617
-3373
-5374
-5209
6859
10269
9030
-656
9210
7248
13070
9901
5756
-2303
6505
12353
9421
-741
-3899
729
4200
-6667
12483
-4
1733
196
11247
-145
7367
2229
5962
1542
3601
161
4153
11179
-2069
9922
5821
1325
8527
-1689
1141
-869
-4910
8577
11059
5592
3227
9121
-6824
1567
4876
-3958
-4424
4055
10051
-1994
-5449
3837
4731
4688
9012
-5085
11743
245
-2799
-1670
280
6586
-7220
9367
9532
9861
7186
6903
6218
1163
-427
8073
6546
-7092
-4205
-6812
10340
11769
10133
1078
-5369
9211
-5357
-6922
13184
8179
-767
-6588
1450
11878
-2249
5402
-1352
-6372
10845
4081
12627
8872
898
11130
2814
12874
-1953
-320
10189
-6932
2171
-3451
-2616
8336
-6873
12111
-6965
-1334
10518
5001
6467
9311
-3822
6816
12724
5207
8094
-6273
13110
-6382
10214
-867
9759
11827
7429
5211
11131
-3163
7570
7081
12486
-3160
435
-2267
6022
3920
12242
8932
10293
-5502
8818
-6790
2032
5692
2140
8541
12302
10414
-2135
-4205
6500
9344
6664
3672
70
2153
-3928
6767
6423
-3721
8934
5683
-1227
11896
-5045
4299
5801
-5170
-3134
8542
4997
-6815
10142
-573
-2582
1928
-631
2753
9109
6235
8757
-5443
5793
-4400
2780
9897
-5293
-7509
8500
8302
3578
-6547
8657
-5720
1474
9354
5824
-4696
-2147
3638
4804
-2663
-7214
426
12216
6417
2579
1668
352
-6201
-3588
7329
3440
10751
-317
-4272
-88
6004
12667
7297
6432
-4947
-5533
8664
11667
-1202
-5086
5828
-7201
3665
72
-1975
-6956
-7264
8869
5842
-3972
-5025
-5467
-2213
5193
3667
1764
-1344
1954
-4530
5270
-6834
1666
-7486
-1303
-5267
-672
-7088
4689
5609
-6643
12499
12620
9579
-2619
11772
-3520
2063
11009
11150
8850
-1311
-1471
5873
2194
5788
9194
1861
-4082
6471
379
4821
-3463
9034
-1879
3376
-3109
13076
-2476
-3627
-984
12158
9394
773
2118
11681
-5056
9347
10570
2747
7166
-6686
-2392
-7053
-1191
8586
3143
-6061
11995
7962
-5395
9223
1559
11514
-4794
2069
-3235
277
5438
8509
4385
-5968
-4006
-1026
-2993
-6190
3946
-3738
1404
-1740
1729
9198
-5380
-4380
-7160
10255
-7008
8410
5321
6363
-5574
-3933
5379
5063
13130
9367
6907
10122
8058
12867
4908
227
-4138
6818
3201
8549
11953
3146
7958
1531
-6455
-3216
10151
8772
-4469
5468
-1668
-4663
-1029
3929
-3142
4643
-910
-7148
1913
-734
-987
2019
-4042
11188
-7088
999
77
-4015
4583
-3182
8163
10366
11243
-1191
11461
-3219
12327
8510
1461
-5475
6829
1102
5711
-6695
-3160
-3786
-5183
1561
542
-1924
9561
-6255
9991
10234
4852
-6637
-726
2509
-3822
2000
12591
12738
11839
7156
-2797
2062
-2780
1397
2177
9990
3275
-4451
4126
-5159
-1268
-2385
3182
-5463
-1612
-7005
-7531
5676
904
1615
3131
3828
1813
9046
207
12738
-3702
-4810
-1126
6789
10576
5911
-2254
-3360
-6427
714
-2776
11197
2875
91
68
12470
-1172
5571
4883
12371
11425
-4520
-7025
11854
6006
-3550
11667
5918
8763
6399
-3509
12928
-7021
4180
6346
7612
-1227
9596
-1333
9796
-1738
10197
-3521
5201
-2654
11636
2312
-6015
472
-4554
-1394
1346
-3657
-5489
-2012
1222
10199
7445
13126
-3217
3937
1409
-5322
-2066
1010
6268
6186
7056
-5108
6720
13041
1525
9608
11771
4239
12320
7578
-6720
12758
8544
2826
-4166
648
12247
-5841
-1239
2244
213
-5287
2107
-2142
7176
9940
3680
3456
4289
12572
-7220
1492
-6881
-2376
2869
12543
8599
12984
1550
2711
75
-6768
6386
-677
2999
13152
-4151
5054
-4030
-2400
494
9334
5869
6987
6365
9484
11015
-7
4299
10116
8731
4443
11725
1910
9897
5302
1525
-1382
3537
5426
11513
3279
8473
9422
-983
-7115
-718
5260
819
-2700
12933
-6537
9211
12246
1363
-6664
11005
8656
703
10529
11418
-1914
9314
-2305
7471
12293
8764
6507
194
-5470
2534
-2806
11500
9200
1850
-3903
8933
2557
-2880
12411
-3406
1033
2062
680
311
10118
7864
1581
4992
12198
1060
6149
5267
9028
9765
257
-2225
1211
-2916
2000
7135
-1084
9743
2918
2645
10796
11941
1774
-5750
-560
8182
2736
1869
2046
10519
10149
4181
12135
5932
-4700
5170
-2371
6085
4346
1183
6722
-7178
757
12648
9725
-7183
-5217
11565
12852
10048
-5475
-2835
-2524
5688
5798
630
-1747
4443
6207
959
2540
-1448
11973
10588
1655
11616
-777
-1538
-3515
6971
-1855
6147
7863
3908
12107
-3839
10720
6743
9102
4819
2380
-1399
9710
3235
-6505
7772
9088
5842
13021
1527
-1166
11964
8359
13129
-3789
2641
9670
5042
5857
2794
6982
851
8617
-7278
6442
-4194
2442
4969
1471
-6849
12299
3220
522
12226
4868
12075
5588
-7028
8788
9442
-2167
8077
13217
2296
2113
104
5309
-3419
11510
24
8352
-6892
10790
-2803
5304
7483
357
8481
2384
2279
13010
-145
-5895
6036
10773
3578
2569
2084
7980
12734
772
-5096
6173
11622
-5332
-6236
-19
11354
-943
-5484
4864
6376
11367
12614
-4551
3347
11799
10044
12405
1547
9026
2011
-4991
8001
86
-4893
1307
-1643
626
9097
-7184
6004
579
-2351
12815
11237
4865
-6332
-5232
-1075
-4997
11836
11258
6360
12026
130
8806
-1292
2303
-3614
4903
11151
4470
265
8666
5748
-4847
-2543
-6811
12300
4453
-3055
4223
11936
9204
11569
6091
4408
1358
13034
6414
-4452
-1605
-3519
4783
-5247
4402
-4462
7410
7246
496
11709
9220
-5984
6361
8121
-1431
10684
9960
3079
5745
8657
1302
9808
248
1608
-659
12910
-2879
-6438
-5801
5038
-3168
-2342
-1987
6970
-3475
-1722
4595
-6015
-2607
11286
4220
-6069
1450
11197
-1671
9940
-5529
584
-5581
3104
9719
-406
-4490
10297
10710
6011
7279
3140
-7464
11323
-3093
348
9689
12750
9547
5498
-7367
4505
6976
5707
-5089
9277
7820
9562
2628
337
-3664
4027
12757
4190
6428
-6657
-1701
-1211
12252
-6568
1218
8062
-2534
10840
-259
-5920
10527
13018
6371
5636
-5862
10142
-3947
9123
-2505
3180
-983
3094
2605
2937
9073
6444
-2021
-2803
-4401
1539
7148
3236
9028
7717
3933
3949
13123
-787
7381
7196
-945
-2987
9303
12279
11748
7080
12589
-3197
431
10863
-2398
8668
-3598
1250
-6265
5351
-2432
8878
-4177
9835
12079
3683
1941
9677
-3234
1532
3518
3663
11451
3404
-6705
-6074
-5514
2123
1415
-5116
9495
-4883
-2591
-1298
-5881
9879
4119
3602
3471
4835
2239
6572
6883
-3694
577
1442
4844
10811
9582
-1190
9000
5153
8393
-5193
1395
338
2363
-926
-4354
4203
7804
-2975
2734
12279
3329
-6250
-5564
-6795
9031
-4700
3044
-584
6409
-5403
215
8660
1531
4881
-7454
-760
-4070
-6755
-4876
1302
7393
4614
-1800
-1997
5479
9847
8715
4863
-6722
7259
8862
5561
6821
6018
3956
3139
4436
-6215
8460
-7215
12475
1714
12250
-4887
-1883
11434
12302
4379
10758
9190
-5877
7664
12565
7253
7440
-1955
4955
232
-6958
8954
5175
-5891
-2282
-3295
111
10447
-2819
4679
2043
11071
2714
11979
12709
6913
-3331
10516
-4265
-731
-692
10927
-969
10346
2899
8385
-3379
-4244
-4536
-2834
-1630
1538
9844
6420
-159
10385
-7071
-3404
-3563
6225
12729
5988
11279
-7069
-3447
12582
-1788
2548
-6546
-4185
650
5148
-4637
7220
-2191
4111
-2515
-2001
4431
11198
-3408
4323
6452
7824
10681
-6768
5296
6283
8354
6384
-6633
5962
-1800
-5514
-6336
9645
12898
-6536
7493
2023
-5129
7206
10204
-1967
4105
4827
6925
1028
-4719
1150
-5733
-6
-4562
7900
7307
-133
-7459
690
6047
11468
5076
2053
4695
-2410
-1191
-6815
-6722
6785
12834
-4090
12178
-5484
-7075
9953
248
7081
-4842
493
-784
1647
9399
10106
-196
6210
-560
2455
-390
-5228
4821
5382
9738
12343
3630
8342
7205
12225
-2670
8286
12554
-7182
11153
10722
8406
12142
-3013
881
10509
6524
1475
5516
7280
3666
5497
-5837
12723
4705
7821
7568
-812
6591
-236
-2570
7359
5384
-6773
3805
4264
10775
9160
-3898
-1026
10195
-7042
3404
12048
-5732
7075
9646
9325
9343
1510
13055
-2678
-5662
6647
1273
6270
-4231
-1780
-6793
-2810
-2908
3303
6818
-2771
-1211
2931
-1226
-6505
6248
8042
9325
6923
-2398
11023
-1053
-944
860
3202
1145
-1337
-6748
5359
10892
-6893
12571
2303
-153
-2218
7278
12894
11571
-3688
1879
6858
11427
260
11296
4985
13128
2706
-458
11905
2039
5336
-5558
-3597
8344
-3364
-7401
1884
4263
5287
2669
1812
391
-6367
9482
-5802
-4044
3614
5674
-7045
526
8510
4054
1783
6882
12960
11253
7506
5799
162
11488
-6975
7008
2894
4851
3142
-6707
4271
-1568
10475
3367
5143
-1372
4546
3687
-4863
8920
-2719
5445
2913
-3471
-3786
6120
-7514
2044
12420
8997
7138
11475
3093
9360
-986
2851
7880
2951
-2823
-6685
-6137
3316
-1229
-642
2929
7632
3217
10824
6445
1525
-3050
-2821
11689
586
3475
-4667
13091
10326
6290
9076
11332
3757
-6849
-719
3289
5678
-457
8933
-6362
-3943
4034
12778
6371
-2445
8828
-1331
-1631
6765
-4845
8291
-1527
-6208
2081
-3212
-5933
7664
-1580
4878
-1666
610
9387
9149
-3511
4187
10121
3902
-7343
1371
4032
11617
-4805
8359
5921
2708
5227
-5445
-5429
3014
12856
-528
3291
-6959
8981
-7022
8458
12089
1875
5024
-5139
10519
8497
-1778
4927
12846
-2412
2788
-6377
131
-3465
2571
3007
4674
3194
-4061
-5213
7396
8516
-744
-2653
12101
2150
12983
-34
10884
8968
12626
12488
2191
3233
6067
4111
-2835
-4386
12654
3493
1743
-4034
3353
-5075
-5431
5533
-6602
968
3985
12144
-1243
8338
-1301
-3953
4543
10191
10374
175
12798
-6834
10598
-4703
12409
5839
2946
4278
-7109
8655
11122
-6790
4877
-3437
3823
2100
-5144
-1721
-2961
-7278
2484
-897
-7208
10696
-5692
-5069
2832
-3178
-6805
7978
2466
-4003
-115
5365
-6292
-5802
35
7673
7018
1317
-3237
8489
12881
10104
-623
3030
8576
-6008
-7355
-6383
9730
-987
-1585
-3230
-2548
9956
8300
11387
1835
-1212
8284
-7187
3026
-5832
239
8446
3405
-2697
-7380
-4281
6433
9001
1935
9941
-7332
5521
-6596
-3634
7773
2200
-573
8753
-4686
-3450
-5059
5669
-2572
8978
-4542
330
2370
-7503
-1353
-3978
-5535
10581
12840
13036
3341
-3385
7006
-3209
-6427
4251
3426
-2173
7380
1485
-2231
13223
5577
8913
11255
6229
-828
-6428
-4794
-5516
-1796
-547
-4742
-7051
8759
-2926
5164
4353
-1749
2875
-675
2618
12200
5557
2457
10224
1302
9778
8020
10679
-5961
5430
2312
2085
4523
-7333
4385
-1273
6233
7878
5620
2328
2693
-3340
-2385
6807
10683
5666
10956
2435
-5469
-6147
-7072
7429
-7250
12501
10766
3029
1381
-884
10258
-6107
7052
10998
7551
-1637
8951
-4005
7139
-1554
-118
-1291
10462
7731
-3153
3353
-2296
6982
12869
9117
-2675
-785
7133
7016
5802
-5709
6123
-133
3463
3098
-2232
3917
4249
8292
-3688
-2957
8229
1957
11543
11572
9422
-4783
422
520
-1047
-3030
-1302
-3916
-2473
12570
1568
2884
3560
2186
-324
3578
11976
8010
7547
179
7319
3359
2874
-4455
5218
-3594
-2163
-3293
932
-3941
-3371
1097
11842
11020
11836
6371
-2008
10745
11448
-3666
6126
7282
-3202
-4619
56
1462
695
-549
-1102
-1299
924
7629
-2199
-1530
3430
-6228
-4767
7474
-3464
-2032
-4289
-2925
12157
-3554
-1403
-2929
6527
-1638
62
-6894
-712
3069
7775
-4749
10457
-4543
-5690
-4287
-2940
10322
11419
-5299
4625
-7171
5519
-6423
6727
11429
7942
-2392
1611
7017
9486
-2201
4685
-2369
12125
-7119
-2342
1737
5209
2281
-4445
4929
7764
1303
12928
1930
5181
9712
-4626
12008
11493
12468
-963
10109
-3172
8909
-4758
12004
10332
7863
1780
7977
284
4415
-4595
-2767
-2012
-530
2823
3667
7643
3918
-2582
-997
3927
12978
12593
10656
10952
5408
-6317
4341
7132
13072
-6735
12640
-2969
18
10252
2783
4699
-4865
4130
12251
-4571
-1397
-487
-5373
-6304
-2801
9067
9176
999
1325
-6997
3157
5223
-398
-3808
-3870
-1884
2539
-6905
-4806
10093
6350
11018
2981
8484
11668
-2713
13180
9607
5778
2726
-6158
-5919
3115
-1414
2716
387
-6481
11505
1696
6671
5744
11625
3032
3672
-1626
2317
-6296
7010
-4047
-4846
5867
4387
3687
-1722
10149
2078
-1964
-515
11872
2611
11631
6056
245
3481
5197
10347
11432
-29
3083
-1298
-6894
7612
9412
7133
10185
11239
-3529
-948
3244
5783
8715
11362
10451
7886
-1201
-2396
-3687
10519
-6234
-5892
-5733
8306
3462
-1164
2203
2778
6440
5072
-585
7255
1716
2030
2474
7504
9776
2351
-6487
6413
2654
1393
5627
11170
8821
9446
-127
-3529
3644
-4768
-142
2389
12469
5322
5257
8888
7050
-4125
2159
-2548
4142
-6183
4843
11474
10042
2902
815
11675
6927
2063
2209
12468
724
10628
416
2839
9060
-5895
3934
-330
2609
4645
483
7188
-6534
12704
12754
12807
-6060
-7088
9191
645
9034
682
1228
-7194
9832
548
13066
-4860
3298
12820
3562
12036
-6312
-1712
4172
-5051
-5223
-7051
6667
2256
-1536
7271
-6188
11125
9587
11348
-5328
2111
11082
5515
11107
7511
-3932
-1586
10326
7635
5736
8068
4840
-6466
9553
-2045
6381
7584
4506
2647
-2913
7635
71
6698
1496
-7124
-5504
7830
5459
7093
10583
-3675
12126
12035
7970
-1343
5763
12872
2907
-2174
2325
3069
3576
2479
-2758
4317
-406
10886
5983
-5178
594
3430
249
-5505
-6486
9729
12469
487
-4394
-6718
8568
7231
8773
-2516
12371
5900
1866
1782
12129
54
-6796
7094
10199
8302
11350
-4979
-1432
-6604
1017
-3273
8399
-4405
-6868
759
12126
-6498
6725
1614
-6600
-6411
7166
5754
3168
-1011
10471
7653
-3096
4355
-5044
2358
10910
12735
7069
6410
-3867
-1015
7513
-5099
10215
4312
9204
3089
10986
-5303
-16
11628
10373
12515
-4008
-6600
12536
-5381
8512
13115
-6144
1895
9032
2604
5138
193
6723
2673
6914
-3932
12799
3296
-3281
-3700
1007
10106
249
-995
8269
12917
495
-3157
5806
-5436
1482
395
374
1620
10669
5385
3427
-91
6434
-4636
4877
-120
5425
11561
-433
3123
7767
-3960
9952
-1208
6638
3728
193
7011
996
-6389
-3330
-2492
11833
1074
1066
2862
5194
8133
3623
8222
-5783
12997
550
-4562
11505
6862
-3861
11823
-5723
-5733
11249
-3360
-5512
-2436
4861
-6701
-5435
-1598
-5833
416
12291
7226
-6773
-5173
11377
11769
2747
-5908
8458
7028
1046
-3869
6415
-2268
566
3665
2563
4091
-1017
5747
6511
-708
7881
-7484
2452
709
902
-7178
-2822
9091
-3782
5436
5666
6632
4910
-7410
1634
-4983
8939
4288
-1691
8028
5030
-6183
-6053
-4624
-2502
-6262
7457
6227
-1769
-5069
-1412
-506
-7243
12304
-2576
-5681
9329
6438
-2532
10756
-31
-2490
3686
10897
1668
10304
4121
10121
-7221
1651
4748
6931
-1192
-3378
-5005
-6661
-6710
-153
12109
8531
7679
-1948
10778
-2989
8406
-1446
3017
9315
-2829
-6072
3928
422
-2814
5144
2280
-2850
-4458
-3989
-6012
-5801
2796
11338
9388
-1767
940
7244
9568
-261
3216
-1663
-4358
10010
4190
4459
5678
9192
12292
1761
11825
9415
-755
4850
2895
7706
610
-4467
3172
10201
-6089
1939
943
4408
-2566
4148
11234
12894
1066
13061
7217
7784
8717
9576
11453
-1183
3088
9481
12661
-533
1890
4032
-4734
-6290
12297
10400
5515
3336
-4490
2136
7705
-5284
-408
-6336
6601
12485
8021
5014
-123
5465
10351
5633
5114
-5519
698
1627
-7312
10943
7920
10167
10654
1969
-5723
9402
6431
-6532
-4022
12587
-4387
3231
4890
8460
-399
5789
-6236
-1996
-478
10293
855
10435
-3656
4973
11311
11548
7942
-1761
9398
12162
-5925
8203
11451
-7200
-5495
11021
-3886
-2643
10757
-3601
-5672
11394
1053
-5163
5455
-2347
88
-6895
-2346
-5859
-1854
12730
5659
9226
-7185
-932
3131
8375
9031
3361
-2553
3985
-4177
11738
-5554
-4125
1515
2077
3743
4222
5634
1919
6541
-4628
9678
2580
7541
-5174
8752
8935
4331
-1301
9476
6200
2981
-3666
-2859
10569
8061
-6054
-3545
11444
2114
2093
1423
2994
5825
-6679
2002
-3562
3447
-2820
-723
-5244
10571
-6983
10337
574
9264
-2464
3746
-4588
-2481
10046
-3569
-3995
3128
7145
-3033
610
9955
-3674
-2170
-3707
3854
9327
2869
973
3340
-4233
7155
10333
12624
7866
8901
8370
10759
11214
3278
7090
2953
-5538
9006
12071
-1100
1291
1711
-1844
8004
8706
9579
-2724
-1086
3796
9587
7453
3853
-539
7812
-6104
1361
8974
11453
11659
258
11986
5432
8954
11374
8467
10652
1309
-731
4849
94
9757
7118
9558
2033
2589
8276
660
12487
-4832
12559
9754
-614
7631
5683
5569
2073
12178
6004
6431
11337
-4312
4137
8179
11621
-5839
6692
-1410
497
-1895
8323
-3826
3507
9544
8754
2671
-2601
-6752
11706
4187
4549
-202
-6375
11600
6137
9220
11325
-3736
-2541
6106
9069
12520
-6877
-5913
8095
10842
6186
-4597
9271
12969
12191
-4000
-7380
2923
-6874
10402
8159
846
70
4049
-6729
6133
11298
-2397
4362
444
6527
2437
1849
11484
13047
11350
3235
-3613
6344
-138
-231
2511
12110
13101
-3250
2488
-4380
-6172
-5988
5942
2995
3086
9405
9157
-4187
-2563
-2871
-6190
12292
5232
7444
-2808
-7139
12046
-5433
7906
12833
4092
1784
-5953
10002
5449
10321
5322
8259
10086
12554
4668
-5164
-4231
-2492
2306
-5195
-6803
1646
5682
4422
375
-5147
5449
-4143
8085
2948
-4028
10280
9293
-6688
6347
56
-5814
-2673
805
3353
2626
-1953
-4906
10699
4078
-7294
2074
-2873
1115
-1206
12605
11288
3109
2525
4576
3009
2750
11394
11904
-1951
12362
9596
-5350
12375
8982
11007
-4483
-1956
1633
-5311
-6110
2902
170
-5759
5045
2717
8410
-6920
-5147
-325
-1868
9545
4753
12198
4980
-5090
-3632
11878
7044
3080
-2908
10129
-3327
3618
-4003
405
10964
4602
3218
-6058
9056
-1415
5112
2420
-6790
3504
-6738
11227
6729
-943
3888
9880
3001
12767
-5465
7295
6216
8696
1777
-6568
-359
11746
2020
6718
-3873
-6471
1142
-1519
-3370
11253
-334
11452
11619
2418
4362
3887
-3590
-5511
13127
1884
-1472
5066
9744
5589
8914
12143
7410
10138
-3420
2804
-1296
3437
-3033
8003
-5270
-5285
1950
3069
-7440
10784
65
-5939
12545
11966
12571
-1842
9615
-5053
8313
3162
-1666
2190
10274
-2282
-2685
-895
-1423
-790
472
-2629
80
1117
-2852
11365
-2574
-5618
-3728
51
1376
12139
2680
-3350
8550
5497
4004
-2921
3768
-3344
7492
-1972
7415
-887
-1938
10232
-5630
-4168
566
-81
127
12042
3829
-6813
-6908
1349
1097
5853
5873
1521
3905
2922
3784
4569
6750
9051
11137
8915
-1040
3909
-2588
6969
7371
-3272
11595
12096
-4188
-4515
1084
4946
6857
-5195
13142
2260
9358
8503
8264
-1773
68
8015
-3675
13080
5707
8435
2337
6328
2315
482
10990
-3153
-5641
-1900
1246
11234
-919
11493
3751
5109
3728
7431
10002
11399
-6124
-3019
9590
-1899
-937
-3769
-5374
-3657
12842
4836
-4183
2842
12484
10241
8578
9711
-3877
-4737
-7502
-2065
-6597
2875
-1852
7841
8528
-3480
10463
1761
7688
11118
12367
2260
7303
4264
12935
-5059
1089
-1144
-2091
-3492
-874
12030
5630
8758
12832
-5848
-4444
5429
2359
-1001
-3926
11052
7762
2806
-1007
6748
5519
12277
-6400
-4121
10792
10651
6027
6906
-5866
5194
10038
966
4776
5663
7445
10784
-846
2903
13021
1368
53
10789
3519
-537
1806
12787
-3007
11623
8591
6894
-1099
-2768
-3926
-1422
7662
-716
7207
5788
-4653
-3387
-68
-1834
11564
981
1298
-2383
-1577
-3031
6382
4017
11342
-6777
9119
11369
10259
7888
3685
-4235
-890
1783
10165
1145
10650
-6947
6345
-7449
9224
9586
10549
5712
-4542
-4413
-472
-3819
12495
4079
-5350
8030
2856
1320
-6715
7647
-5664
12867
8753
1227
5593
659
-787
1007
-1074
-173
1809
-992
6208
4259
-7378
1891
7881
-5276
5000
10449
2980
260
11733
-2326
9457
9822
-1988
-6938
1356
-6278
-4749
2035
-5760
5000
-3001
-4343
9267
8145
7228
-177
3033
2362
856
-4896
-1030
-2536
-5137
6823
4020
11915
-6048
-2113
-233
8464
750
8054
-2953
1997
7562
-3585
-6411
-5638
-2544
1346
4767
-5598
-45
-4453
-7092
-2844
-6155
7558
12410
2632
1797
7978
-1659
-6768
-3437
-6709
9405
438
4865
1406
8404
8737
5125
11850
-6519
10504
-7297
10484
6960
10084
4770
10693
10769
5760
-5541
2410
7158
6434
7519
-6845
-5538
2531
1475
2368
11610
12652
4674
-7026
-3133
-5764
8418
8904
1735
3860
8547
10486
5766
-1625
4967
8554
10398
-734
13003
5555
9959
10017
-1616
5228
7952
10748
4136
4284
3759
5592
12576
13039
-3518
-7173
-4346
5486
12506
5294
12578
-7250
12623
5098
-6026
1694
8692
-5860
-5574
8867
-5071
1640
-6206
3639
-5480
6515
-6231
-5982
4672
-226
12273
11957
-2530
2554
-751
9081
11300
-2421
6681
8655
-343
4092
-202
10683
1526
2886
-3152
8706
9108
-2206
10799
-3104
7030
10793
1130
5300
152
12568
1376
1603
2457
5925
-6924
-6461
3227
-127
11510
1722
-5662
-28
-6657
10539
4167
-5722
3736
8715
-2962
6583
519
7709
11431
2073
-5729
10128
-5915
2355
-693
7422
29
11581
-3461
-2129
-1848
-6255
1641
-784
-4249
4571
2561
6109
-4026
589
4726
1586
12746
12632
9581
9023
2133
10768
7725
-627
12202
4411
8251
-3396
-3618
-7163
6650
5495
-5067
9095
-7210
3327
1514
10915
-1886
-6876
-4879
9236
4182
11775
-1431
-4050
12220
6577
11059
8138
6956
9208
-6774
1815
-5360
3460
6183
9789
12681
5574
1640
-6817
8843
908
-5352
-4279
-6528
-1249
249
12449
-5105
-4977
5595
-4700
1179
4260
9213
7742
-3007
7399
-4121
-2400
6573
-577
9146
-6214
7599
2085
4137
-4793
6080
5556
11006
-2516
-3853
3423
8595
1242
6706
3204
8139
13134
-2523
6512
10744
100
9424
67
11086
10390
10528
11164
3943
-3674
-1611
4530
-1135
-1496
-6588
-4022
7418
1416
839
-5230
12799
6818
-3458
5300
-3555
12822
-5167
-1670
5343
-1227
-5684
-3514
-5382
5335
4065
58
8319
-5154
6295
8790
-551
9898
7409
-4406
-625
-1416
-6236
5937
4788
-3241
-4631
1036
-1599
-4473
-4299
7620
11479
8243
1140
-1779
12777
-3829
9104
4978
9053
9910
9388
11714
2195
2858
5919
-6533
-1363
9142
9599
-3352
11631
3868
10107
1405
12207
7603
4914
7193
1913
-1900
-4581
-1182
9531
716
1638
-1366
311
6616
7553
10885
562
7154
8258
-3906
5751
332
-6866
11448
2057
12980
6737
9493
370
-2045
12932
-779
11044
7006
6884
6196
-6634
-4875
10096
12980
4273
204
12171
-5479
11583
12832
4207
3908
-1374
-4379
1096
-5727
4397
-5577
-701
-7433
-6506
26
2125
12555
-4159
-4534
9857
3417
-6733
3833
325
4144
1939
5858
5854
578
-6783
7103
8079
919
1342
-2764
-4395
3806
9188
-1853
-5707
12365
10864
6957
700
-6260
11472
3167
9800
-4238
4539
-3281
8502
4169
11003
-2472
-648
9678
12353
13174
-3035
-4154
9725
-6361
10795
4498
-6958
7060
2797
-4694
1444
-2678
10844
11232
12497
9319
-5042
-4668
-6563
1207
10736
-4437
8878
431
-7350
-6265
10527
1623
-3535
1181
1539
-6111
-2342
11242
5171
11874
-5964
675
-5527
-6736
3445
12310
12588
4258
-2307
-6325
3082
6700
-754
-6712
-7332
-2318
5662
146
7808
-431
985
4757
-3062
-6426
2359
-4688
12536
5013
-2000
-4727
-6119
-767
5301
-5077
2003
1623
1493
12794
5047
-5091
4000
11672
9060
3053
11361
-3333
4777
-7301
1593
-7508
12090
9889
8807
4935
-1475
-5688
12670
6392
4274
-1018
2776
-2209
12992
-586
10582
-4503
5935
5862
3717
-6164
-5221
2184
12761
2113
5087
5018
4281
509
-2199
-1310
12292
6051
-828
-6471
5880
-2544
-4610
9224
3458
-6429
6549
-3877
4460
1171
8648
-5370
-4546
3186
11981
9161
10088
9007
376
8182
8781
4400
-3991
-7164
-5424
296
7310
5864
-4379
7699
7619
12103
3483
8541
-4138
-3944
5986
12279
-6960
-7009
3845
-4598
10427
8512
4530
-923
-1438
3455
5046
-1038
12986
10319
9445
9543
10838
13043
5750
5016
-3241
5004
7701
6614
10681
8327
9497
-6377
-1659
2097
3630
-2644
12816
4613
9330
-1684
11321
-4595
-1608
7982
9634
8111
3376
3355
1416
4943
-861
1594
-2468
5549
7653
-6992
-1167
230
9980
6279
6802
-6899
-6907
11253
5150
-3776
-6806
12585
-4355
-5218
-4431
-6657
7703
-7165
1335
-5820
-6624
9050
326
9782
12923
-4361
12069
1372
257
1021
-6443
16
-4703
-7267
-230
1457
9442
4317
2490
2828
5146
4759
1620
11677
8320
-2464
-6513
9912
13004
12385
-2063
-3698
-2367
3422
7342
-536
10862
-2715
593
3748
11330
2152
1773
4464
12902
9795
39
-5099
189
13079
3265
1299
6079
5691
9708
8237
3933
-2727
234
10781
9590
1620
5992
6582
5059
2348
7439
136
4315
10952
7047
9190
3066
-6580
1606
-4030
8125
10001
3860
-3925
7515
-822
-5742
-6318
11266
-5741
2485
8995
5494
-620
-6787
-6132
-6934
6361
-2664
-3193
8590
7135
9790
11604
1008
2652
-504
-3900
3531
2177
7740
10501
-667
8219
2730
10936
4173
4972
8591
161
616
-4266
-7452
1301
5540
3030
8566
4118
6233
-6556
5225
6326
-1760
-2612
12572
-665
3040
2260
-6342
-5300
11229
10525
9789
5081
1595
-4305
909
13105
13083
-1825
9460
-704
10645
-7534
-2291
-4618
-7427
-6425
328
23
7078
-5705
-1365
11295
8333
928
7064
4768
2505
11626
6224
7193
8494
7361
6415
1666
-4920
11238
13051
-4354
1301
2164
2864
-2873
10382
5440
-32
-1743
-4232
5735
2285
12657
9514
-370
9451
-2558
-2886
9999
10862
-3399
10620
-623
7984
8421
8270
9341
-1944
-7198
7358
8464
3434
186
3235
8883
2998
4888
4310
2210
4706
8642
444
11614
-4066
10480
9590
-7146
12584
5027
10239
7855
-1066
11364
-1096
2847
-6832
10785
-6570
4552
-4413
-1106
1479
-2477
-5346
2109
-5102
-6817
2678
3225
11695
12424
2257
-3388
1840
-6474
-4144
4550
5772
-1578
-6530
12305
-1539
-808
2068
-5731
1196
-1626
-3788
3296
85
5759
11952
-7137
3384
-7530
2404
9793
-5652
1224
-2555
4469
10544
12710
1779
8077
3495
5309
7819
12759
8904
5423
-6700
-4418
-5922
-5425
-3908
7348
4525
1737
-6814
7075
-4454
-464
-984
8485
3317
10182
2485
10407
-1065
12637
7429
-27
-3070
-7018
12354
6253
2562
9579
12570
8721
5540
11165
-2002
12254
-5448
5279
8929
-203
6231
1179
7014
3738
3731
4819
-3010
-6729
2640
-4036
11973
2703
7886
11046
3273
4451
364
4706
721
4409
-1077
11375
12407
6312
-502
4349
-1017
-4829
11815
3679
1391
5607
-6418
-206
9397
752
-5846
3317
5831
-7447
-6307
-4418
-1422
4544
-4210
-757
4865
8383
-2532
11229
539
2270
3881
10301
-2904
-7259
171
4871
1966
8562
-2648
11108
2190
11926
5250
1287
427
7588
-1482
6793
12466
8221
10587
-6361
10649
-4197
-6913
3902
8818
9053
-3249
11589
8994
-5098
-3406
12698
-3705
-5183
11700
-1510
13162
12247
-24
-668
-138
1734
-5244
9027
9792
278
-3104
9486
1228
-4958
762
-1511
8986
-688
8669
9570
7471
-5610
4480
309
2161
6974
-1782
6696
1176
6745
-3746
11247
6812
8827
-2986
4619
2902
6873
-5530
11975
4356
7536
-2267
5366
2738
8699
-1719
10193
10286
11943
8890
2857
10112
5107
-6657
-3403
11487
10590
12163
13208
2858
11820
-6631
1410
409
7104
-7237
5084
-3678
-6366
5674
-7400
3528
4178
-517
517
1788
3703
-5941
1936
-5364
-993
10711
951
576
1308
8894
2749
-7292
12616
6319
-5933
7135
-1519
-6817
-4282
11505
8711
3806
6800
2259
4831
13232
9712
-405
-4564
556
7630
8905
8238
8697
401
9994
7042
408
-5522
3824
-6472
4663
-2047
-4498
1480
4535
4003
9087
7826
-3966
7563
-3407
5046
11479
7276
7023
6796
11146
3050
-485
4398
-267
1665
7162
7601
-6367
3147
3644
7840
1942
1972
1974
5654
-7284
6905
452
-6775
-2671
1422
8877
11202
10827
1924
4020
7694
1373
2628
5819
3559
10636
5925
-4118
-3404
-1030
-1788
3367
10868
6402
5741
9221
4753
-1376
7312
8667
-3070
11587
1238
7706
-3020
3766
-5239
8671
12775
9822
8339
-7215
4947
-82
8475
-3717
-2
8703
-6840
12742
-4292
7537
-7224
4844
-769
9856
12590
2493
5970
-3523
-7216
7896
11978
-6292
-4893
-741
8241
1439
4106
6904
3159
-7237
-7231
8663
-786
8433
-6644
12742
-6234
-6693
5718
-948
2854
2091
9236
1552
1708
-3243
12202
8600
11331
-1229
-5392
13113
-723
-5554
7556
5580
-2359
5718
3175
-4380
6602
-3231
4043
13201
-3617
-2970
-2411
13101
1918
1779
9826
-1012
3079
3536
8569
-6494
-1003
1406
-2997
9265
-720
9150
-6600
-612
-3464
5594
12395
-28
12663
6275
-221
12098
-7267
174
316
9779
-6812
6803
9434
941
12963
3757
-773
9220
-4339
13105
4545
-5952
5614
6939
-5905
-2507
12827
6566
1071
1003
-2224
-1587
1016
10877
102
8076
-4413
5828
9019
8341
10969
-4131
12771
-6383
646
-7191
12974
-4326
-7383
9
4029
-5769
6649
573
12427
12532
-2368
-5366
-620
7718
-3467
7807
-7055
-3687
6306
-118
1069
-7416
2735
-5568
4825
1689
-5431
-3530
2761
2855
-2808
10546
877
5360
169
1929
2882
-305
-465
-6362
4139
8443
887
12832
12252
6988
8743
5892
-2338
-2209
-2139
-4666
359
30
9257
-2300
7896
-1341
2497
4759
5038
-2860
2497
8173
9544
11571
-6708
7829
10212
9082
11620
10652
63
4623
6540
846
6729
7071
2053
-6204
-3003
2294
-5134
-1939
-2770
6870
9097
3785
9076
-3106
8802
10817
-2923
2242
1013
7729
-2792
9516
-7474
12020
6007
-4365
10701
9057
7655
10477
-441
659
8018
2831
6134
5609
10929
4772
6699
11846
12961
7569
-5130
-5581
8283
11612
-3832
3002
5381
-3314
-331
1663
3368
11335
7282
62
12099
-1788
8768
4183
6098
12799
4323
-615
9507
-2313
7080
-7174
-1263
161
-2335
9367
8197
2195
9756
-6829
9740
-5034
11606
-4031
6104
1382
-7027
1131
-5521
-826
-289
9772
-883
279
-4751
-4915
-1211
11151
-465
3699
506
-5895
2947
-2140
12787
3660
-3631
8924
-4097
-7344
3317
12636
9329
8296
-938
922
-3011
10960
-1449
-3139
8641
-5494
4334
-3636
-1847
4888
-3448
5041
-6943
-4047
1083
9447
-2002
-5752
11300
-5621
-4612
-7100
-5913
10867
5148
6474
10652
-698
5137
2629
-2014
5034
8603
3917
13032
2232
5113
6907
-4236
-591
-7156
1927
2049
7461
-3801
-3416
12821
40
-1936
-7118
-4588
9993
12199
9037
663
-311
9340
-2958
2809
8819
1525
-5247
-6837
-5512
8972
8761
-1260
-3191
6863
6254
4658
8637
-5828
5708
3862
13050
8785
7215
8186
3933
11320
5522
7797
12922
8847
11470
12499
-6289
1301
-7012
12509
12936
10956
694
10428
2126
-5988
10013
7926
4731
8391
6229
8375
8364
12997
-3576
8901
-1083
-5242
11723
2973
-874
10877
-6230
2494
12387
-4419
-2602
2782
1386
-2414
6224
-1039
-7358
5783
2840
1389
1064
-2999
2976
-3693
11925
-6216
5539
8331
-128
-518
8107
-3099
-1780
12698
4571
-6786
3823
11048
8168
10121
8282
-4474
6290
-6730
4795
11240
-1147
11654
12226
-5988
7746
4419
12798
8580
-1162
117
8830
-7478
-7309
5652
-4113
3741
9975
1967
4067
-3857
5063
1853
3395
820
3064
-829
4053
8748
-6713
9335
12573
782
-6868
9225
3405
7800
9447
-6880
11945
-1770
7684
-2973
3928
6025
4102
-3920
12951
-5274
5457
4968
6580
5673
-2603
10982
-2308
6642
-5794
3283
-4117
2022
4170
-367
-2743
-612
8583
6386
12893
11376
5235
-2611
6527
11542
11421
-1345
-1817
-421
-6927
-1735
3549
5485
-6728
7044
210
12185
4863
4053
3497
8397
5424
9361
441
10142
-1408
-2518
585
6656
762
-2796
10628
3839
13049
9516
577
-5000
12855
13192
7455
11818
-5696
-1969
3376
531
6163
12674
530
1029
2034
3172
-3288
-4796
10292
5324
4156
3175
8932
446
-677
2241
7113
5614
11809
415
-2974
1007
10816
9676
-5817
-3575
6437
-6941
11352
-7131
-5926
9916
-827
-5155
10070
5707
659
4445
5192
-2495
12193
7408
-3826
-7062
-5234
1465
-3239
-5906
-3277
-3307
117
10622
8263
6322
-223
-1557
-5115
9417
6100
-2181
5328
10084
-7003
9011
-3890
-6976
10938
6095
1875
4424
-3743
9063
2097
4022
-588
4244
5374
9160
7863
10636
-3463
-2479
8598
-5478
-2903
-4484
13048
-2870
-5547
5162
-2633
6185
3272
-5819
-2265
-641
-3906
6255
11162
9582
-5992
-4625
9045
5186
5534
1328
-7368
2385
6664
422
6126
-39
12691
6579
-6435
-4220
-413
7699
-3567
-5038
8108
10352
-3091
12670
7103
12373
8365
9033
-2059
1784
-5155
3193
-1404
3440
-6996
3114
1364
668
-441
6782
-6499
-3136
8672
4469
-3235
11655
-4343
9985
1814
10056
5494
6182
-2765
6027
-7086
8818
9141
3788
12682
-1208
7049
-7012
2890
-993
-4089
-5076
7413
-2887
-6604
7349
-1196
-4502
13141
8033
7957
-4998
10929
6850
5972
9396
-6973
-4661
606
2075
5178
5062
11571
12010
3771
12681
-2692
-4416
-2880
11604
2829
11930
3016
-2802
5684
3731
11204
-7485
-6570
-538
11843
313
7999
5852
4711
10760
10578
8369
12953
3010
943
6431
6708
8715
-983
13039
6919
7364
5459
3410
-7059
10506
7746
4242
-6657
4595
3316
3827
11547
-5827
12228
-2374
-7105
-3840
-5669
-4396
1327
-187
-1773
3815
6936
13058
12615
6173
-1687
9381
9822
7539
-2160
425
6141
3041
10262
5974
-5526
9862
6029
9497
5752
-3645
6296
-2063
12830
1244
-294
5672
-3986
-6500
4156
-1408
-201
-2540
-2185
8675
1106
5244
-6484
-5234
-2239
-7220
-7305
-965
-2504
6038
-5930
4986
7951
-1387
3093
12920
-4420
1665
-3385
11344
2367
8703
-5778
9679
5491
2290
-6612
3203
7122
6773
12687
-3487
-5889
1334
-5874
-6950
3874
240
11067
-1196
7350
-2154
518
9046
11230
11529
-1605
-6797
10924
9135
-5334
9339
4536
7627
-3252
5268
1863
2657
7520
2341
7733
4220
12237
1531
4080
12767
373
2718
12077
805
-7355
-3539
7729
9055
-301
-4561
12535
-6260
3935
10884
6831
-6621
13043
-570
2157
-2309
12390
-3807
3958
-4951
2060
-1374
1167
23
-4910
5519
9279
-5050
-4084
-5784
2617
-1126
10206
-5521
1907
-5301
6687
-29
8299
4359
9059
363
-2976
-5633
7942
-5774
-950
2280
-2892
2393
9155
7231
-3762
-3797
-6534
-6860
-6096
877
-2455
-5229
1873
-4765
4874
1441
6183
255
2581
1902
-7137
5165
10431
12307
11622
13054
5617
-6691
4900
-2693
3315
7148
-610
-2542
2670
10342
11078
5110
5886
11694
12420
-2822
-4449
-7347
-647
4806
-5669
4009
8942
4787
1136
1841
12697
5506
-5689
-3692
-548
9131
356
-5561
-2318
4008
8601
3640
-4789
-408
11590
6563
9013
-1174
13030
-3853
-5952
-304
8716
1629
-2256
-1605
-3928
768
-5653
-7412
10818
1417
10643
4860
8538
470
3717
-5955
-947
2696
7779
8261
-4721
-1774
9522
-6965
-3768
-4278
-7139
7981
5601
8967
423
8175
13196
12326
5074
12503
5235
6732
-3391
4292
6982
9921
11125
-4763
-5339
-3115
7173
3320
12201
10270
5374
3916
11667
-473
-4273
9831
-4221
4123
7927
6133
7882
7184
5320
7391
-653
2785
-901
12522
11598
7222
2770
990
3487
8893
-875
-3676
-3468
8359
12246
3953
-5692
-5697
-5349
4676
1131
3233
8975
-6967
8996
2325
-22
8244
-5925
-6054
8472
5049
-6410
2689
8291
-2241
4692
1407
11080
-308
4364
9189
-2097
3739
10428
10777
11290
8132
4364
-3565
-1962
-1467
471
11294
-5719
4219
6918
1649
3584
10239
11295
6325
-5079
-7198
-112
-595
4054
8841
3666
347
5804
7228
-4598
5605
-358
11004
11291
-2125
8449
-1103
1844
2828
5519
-7424
6266
-4095
5484
11608
3428
1042
12359
3158
-4409
869
3983
1569
11013
-1867
8798
7443
12812
8357
772
-4819
10208
-2005
6075
3777
11948
-247
4173
7642
11887
4144
4589
1169
11476
8479
6159
12410
7161
12013
-6750
3379
9998
9709
-2109
8060
-6486
2072
-4441
4245
10419
6710
-3260
7359
-6846
8657
7816
-5191
10497
-1908
11299
2682
-1369
-5981
1762
1602
8403
2048
6115
1141
-4533
8371
12619
7503
-6784
148
-1330
12348
10551
4028
4242
6736
-3618
13008
960
-1086
-2630
-2323
-7112
-2590
-2988
13232
-2934
8901
-3696
11630
13223
2734
5638
-7303
1687
30
-4539
12137
2125
4718
7929
-4454
-1702
-3945
-4095
7098
-3589
5597
2234
-4552
10384
-6481
-3599
8752
-3193
11230
-1269
-1431
-3457
542
-60
-5222
9796
-3577
10058
164
-1839
2881
-2755
4053
10937
8375
-6991
-2523
-852
5998
-3622
-5020
12816
-5217
9315
5318
12226
5195
-3
-795
-2970
11350
1523
8713
-7493
-4177
455
12618
-4079
11976
10784
10392
12214
7123
-747
10902
4529
8118
-676
3315
2536
1257
-854
12352
7392
-2285
10700
758
4534
5406
12078
3388
8008
10697
5378
-3222
2551
12923
-5710
-2893
6316
-3053
4086
4427
9810
-7409
2181
2444
13112
-3385
8859
12812
6474
-4367
-3211
-1481
-2585
-6015
8625
-7171
-3872
9982
7132
9258
8713
-1178
5357
5843
1880
-7056
-4469
-4116
-4910
-3113
-7063
-1446
1798
3366
10166
2729
13022
11444
10844
-2309
10296
10310
1
2111
12807
-6900
13043
3995
12202
9961
1550
6350
-5580
-4079
5316
1842
4397
-4400
3408
-2332
6406
9117
8014
-6479
-1390
10785
8633
41
-2107
-7265
9689
-5979
3078
-1809
-6009
-4555
-5664
10316
-6799
9850
13112
6231
-3678
3865
2805
-5603
191
-1356
-2664
7938
11942
-6238
-1212
9904
9442
10030
8152
3723
-6707
8759
7684
3301
-4517
-6683
-612
-236
29
-6627
-4089
11045
-3211
1025
10279
10232
4859
2346
-184
-3530
-1117
4912
-5631
-1317
-2782
9757
9770
11196
-1076
-551
-4581
10620
2511
-1265
2437
6358
11032
4431
-1666
6000
-6047
10345
5131
3301
6246
9365
13165
11584
1412
8078
1896
-161
7228
9332
6053
-919
9110
12854
1306
10644
-4276
-3792
9751
-226
6726
-99
-1608
10482
1687
12126
-6071
2305
4684
1537
-4652
12454
-5256
7454
7998
7570
7500
8490
1493
2843
3312
9673
-2591
-3310
3012
-6492
-3500
-7113
-4043
-7438
1798
2058
3000
2444
-3235
8856
-3010
9376
11394
-4723
11485
8801
9306
-1046
-1187
8451
8526
-3750
7868
2586
2280
8664
2757
8944
-945
12763
11615
-7332
12269
6136
2414
11806
11609
2872
9554
10128
-6300
7804
-2092
12370
1982
12520
-1018
326
1731
7718
1318
10645
-6840
-5389
9869
-624
-1320
2893
8995
-5387
12122
10765
-2335
11973
29
4030
11287
3097
7909
12233
-3568
12824
8566
7363
-6195
6589
-5516
-1714
4020
10363
3607
4385
1379
-4496
-5217
-7010
-3571
2964
1125
7202
-2393
11404
1090
-5965
335
2219
1828
-6215
9256
4297
3487
12380
12894
2121
-4442
-355
-6576
9881
-2206
-1887
-2234
-1240
12487
-6206
-423
-2735
-3488
12170
1285
12689
1847
-15
-3930
2259
8483
-3048
7638
-6280
-4255
6213
9988
814
-7349
11713
-1372
2566
4177
4996
-333
886
10486
9865
-1404
5168
5961
2632
-6200
797
-5054
12867
-4606
-2292
-1837
13043
7565
-4720
-748
-3872
1264
5997
12377
-1619
-4998
-6424
12781
4079
6269
9766
405
-2012
8946
927
5996
-5030
1146
-4796
-4477
-1342
-69
12227
3875
9408
-6573
11477
11769
7996
-5991
-1332
4335
4754
-1465
2145
661
11643
-3838
12512
7291
6137
-3663
-6056
-7128
-6602
-6576
3281
7781
5404
1238
-5701
1127
-1153
11691
-1443
7086
2365
1256
9885
-86
-710
-4008
12868
11452
-502
11945
-3705
11659
12990
-492
-7397
-1860
12409
726
9957
1848
-3956
8782
1386
10086
6857
7859
-4083
1683
-5325
-456
4448
-6451
6890
-7522
569
-3836
11916
-1182
-229
8617
2106
-806
-1044
-2885
-2024
12809
462
5080
-5795
5529
9529
11238
1395
894
-7147
7352
81
6239
6283
-4355
10192
-4515
-1671
12422
-6821
1256
9823
10966
1486
-7531
152
1826
-7310
10508
-4410
-5109
-4298
-7446
3944
-5423
-1454
-3109
11262
8398
-2036
5114
5731
2306
11411
10022
11876
-6046
1739
5597
12190
6604
-5333
5519
10742
9152
12138
8209
10738
-5711
-5104
1655
-3645
5474
10037
-3804
9049
-1505
-7368
3001
119
-1988
2099
12303
4312
-5883
866
5647
2327
7666
-1550
-516
4955
1446
-3132
9181
-2628
-7339
6150
6281
9035
3815
1057
9682
-5448
9291
10581
12689
6181
1843
9250
-5873
-7368
370
11811
6583
-1986
-1713
1198
10937
-707
9105
-7143
4728
-7402
9083
-5879
11883
-6740
-6816
-2059
4559
4058
-2465
12227
7281
4583
5507
11155
509
7589
7040
-4444
-6994
7052
9210
7380
-2082
-1711
-3071
12085
1293
-7317
-4548
5691
10257
12043
10389
7711
6436
746
-2033
11982
8380
-871
8728
7164
2114
12826
10609
-2891
-7440
8928
-4607
93
12555
-4835
3124
-1874
-3471
2868
13075
-1824
4462
-4227
-5863
-1681
3714
3227
3353
-5081
-7268
6633
3795
12226
2770
-6565
5209
2529
8686
6037
-5875
1770
12198
-6644
6014
-6025
-5627
-3737
-6551
5876
10522
1776
-5711
-55
-6518
11167
-6408
-6606
5989
4533
-5695
-161
10588
5089
2191
389
-6777
11719
-1736
-385
-1121
3188
2186
6825
-7391
2676
-5873
11645
5068
6830
7145
6933
8377
13203
-3597
3441
-3741
-5865
-3690
1972
1337
8033
-2969
7716
6625
2524
-5313
-4582
-5494
11735
-1574
7752
7828
12246
5576
-6835
8210
3271
1179
11304
12993
-5465
-4639
-599
1320
-1189
817
12734
342
-5735
11557
-6911
11846
1515
570
5170
1222
-2065
6768
-5888
10579
7381
9784
-6014
1136
-2522
11683
-1337
-2335
-6167
1734
-663
-7347
4750
2484
6774
7800
3793
-2013
1465
10626
11558
5317
5433
12222
6064
-6444
862
-6357
-4986
-6318
5200
7671
5389
12560
-4932
-271
6889
1547
-2151
-3980
12034
6887
-1625
3794
-6432
7229
6784
-6186
8499
11942
11195
5712
-4679
6156
6751
3137
5040
-3460
4326
5978
-1881
8113
10920
-7450
-1114
-3172
-7318
-7259
1361
-1011
4841
6240
-4078
-5015
-4664
9689
-593
5147
-2807
-4228
-2966
1727
9667
11001
-2139
1716
4626
8214
-623
8377
-3849
2479
-2752
9243
-409
-2959
11602
35
4473
2538
4590
9893
-2361
13233
485
-6421
9816
4348
-4636
1590
-2994
-5690
5101
1140
-1049
-2117
-7488
-3005
-1808
-1081
2185
12899
-5677
10673
305
9865
10715
5451
11697
7458
3206
8520
-6322
-6932
1241
5237
-5454
5519
-3262
9387
8336
2607
-530
3294
-276
1889
-3027
-6189
4247
-870
-3655
5320
10571
8187
-7039
6922
370
9211
-2477
-706
7081
41
7321
-6267
-6708
2826
-6952
12404
-4933
-2348
9740
-3827
7424
-2465
120
8771
-1270
-6314
-5644
-1821
5574
-5154
6662
2188
6243
6036
1061
-4011
9672
-1061
10975
-5861
6952
4085
8918
11550
-1427
9426
-4001
7104
4427
-1209
9206
9331
-2365
9019
3837
5789
9912
11417
8305
4975
-708
1360
-5343
-5280
1078
-3389
-7121
12908
1589
8935
4880
-4145
1170
11677
8779
-1721
8907
-2290
7798
-1898
12190
-5459
-4182
-3053
2985
2728
-2151
9232
12627
6272
-1707
-5067
5574
1469
2822
224
8038
-6623
2774
9912
-4922
10019
6916
3606
5915
11851
1932
10905
-3187
-3606
7999
9604
7944
8849
2119
-2951
8242
8540
3085
3998
-3421
238
7912
10682
-965
5310
17
-851
-639
-1530
12018
2102
409
-7392
4028
9961
6538
1806
2239
3403
8934
1760
1368
-4853
6974
8452
880
-3682
10615
-5091
-4930
11191
3532
-575
1570
-1715
10424
4453
3054
774
3137
-7438
-4160
-3694
4308
-3581
9951
11052
11765
2182
556
7092
112
11287
2278
-3169
-327
1919
12386
1234
-2534
-1345
7566
2434
-6734
4648
-2320
1804
-4959
-6158
-6484
10619
-3679
10872
1315
9717
11677
-3340
10278
9302
-2383
-834
837
-5133
9959
4698
-2171
-2369
-3750
9795
8505
-3233
1840
5538
-7468
-7218
11526
-4254
-2800
-6782
5926
-4654
12304
1219
-3481
12940
9196
-343
-6904
925
3785
9519
8333
12364
3363
-3546
5061
-2165
9126
-2994
4523
8715
9477
-4323
2173
10020
8926
1952
1270
1258
3453
7079
4650
7375
9486
2941
1220
6431
-798
5350
1633
3514
-6330
10074
4349
12978
8432
7021
12632
2984
10183
2611
-578
11020
-5069
6457
-5631
2765
5092
-3171
-4887
4346
6247
11148
795
7803
12082
4471
7387
11114
12636
424
-6409
-4947
4871
7413
-1977
6881
-871
9490
7543
-5936
12632
7887
11643
2970
773
10033
-4502
6071
-2782
-7038
-5494
-5546
-4897
11812
6757
3749
-1211
2423
9076
12111
1095
2890
-5135
-4970
-5379
10551
6287
-3839
13029
-396
-2909
10853
3051
12291
10517
11992
2905
9924
-4234
11466
16
-7527
-3183
8528
1806
10339
-853
5710
-7128
11096
6836
11682
-7180
3382
11825
12195
2492
-1754
8552
547
-3864
7506
-1871
4873
12689
13057
1098
6177
1879
9316
11901
6306
5981
665
8364
1331
11927
-2877
-6550
8118
868
4852
4695
1505
9245
6050
9859
4887
10537
12775
-3914
11489
8512
-5537
2230
12417
-4173
-4509
12906
680
-6421
-2513
-3274
6704
8376
8087
-1218
11414
5114
-6151
7957
11022
4117
-7107
-3590
12199
3020
2083
12977
9589
-1258
11583
12481
-1313
2074
5629
3071
9982
-3907
9901
7072
-5137
-7253
-2891
12086
8925
-529
8771
2611
2375
-3082
7165
10106
4715
-6920
2715
-4150
6540
-1166
3531
251
-2616
-1080
-4329
6803
4680
-5604
-5909
10070
5375
3615
-1019
137
4807
-1774
12363
12373
8047
811
7299
12911
-3492
-1344
7514
9372
-5716
-497
5182
1799
-6781
2698
8894
7738
6345
-4600
4848
6336
-1075
3440
-27
-1398
6182
-5672
-6651
9429
5463
12242
411
8929
7564
10205
-5653
9813
-6
-3172
3137
6059
9016
10444
5581
-3584
2977
11291
7782
5921
2112
5032
7341
4034
-7220
-973
9256
9277
5133
-3881
-5615
-2050
625
-4816
-6113
8478
-2530
5421
10380
-4882
-5727
-6028
-3917
8774
276
4304
2432
5391
8953
11616
11492
7973
12534
10437
5024
3108
8512
-122
-6171
3196
3815
10947
1069
9885
12292
1659
12697
10887
2501
7497
8705
3602
-6362
-1097
-2673
7196
-6407
11715
-4103
10986
3420
-3977
12090
4876
12759
4951
10325
7012
-580
4045
-1903
4238
1669
2227
-1525
1432
6807
11662
-3219
5747
8717
11315
12767
-4541
12247
5428
9927
-3965
10819
1227
9124
8552
4174
-4149
-3881
8411
-5811
7691
-2405
4640
11838
12147
8720
7960
6502
4028
-6318
15
-4005
12380
8876
3428
6225
-3980
-832
7412
-4280
7122
1759
-2689
-6232
12686
5280
-2058
6348
12815
-2017
11318
-3772
11193
6457
-226
12850
-2656
11588
-6762
7928
-1004
-535
8491
10622
11731
11263
-5043
913
856
-1240
13068
12078
-2851
-4059
3570
8858
-2484
11040
8853
10044
-1833
1743
103
9435
9886
3436
-1231
-5840
-823
-800
-5129
1965
12647
7217
3080
-462
-3897
8530
-4320
-5480
1674
9526
11457
776
7776
8309
10373
-5183
7546
7003
9559
-4765
-953
-5492
11926
5261
1392
-6959
-1510
9935
7713
10157
-2286
9020
-7495
11264
-2825
-3595
-2222
11817
-5956
81
2385
6365
12837
2817
8174
-965
11236
-2581
-7377
11001
10185
6852
10216
-556
-6977
-3940
-6606
4302
6224
2070
10908
3648
8815
5960
-1352
-2927
11735
-5070
-1342
12530
6824
7663
11529
5559
457
6739
-5742
10715
2274
3464
7892
-2075
7258
-2562
-6326
8588
13018
9396
11313
6751
10745
12238
-3994
-6620
8208
3945
-6244
-4151
5293
7772
4652
9228
3060
8588
9732
11258
9408
10990
11743
13203
8912
5491
10355
3449
10861
-2426
12912
3650
-3317
-7275
8399
8619
4868
-6057
7578
-1504
449
11214
2834
12430
3659
5858
-3050
1320
260
12127
858
-4923
-5761
5560
11390
-2610
-6654
-5317
726
4846
1038
-5641
1226
2822
6316
6591
-963
-1606
8708
1385
10873
6665
12525
12163
12351
-7122
7380
-4292
-290
11824
-2872
7907
-68
-1843
3638
4327
11863
9118
7147
-3678
10874
9572
-190
8252
-974
12682
9884
4087
-339
4867
12308
11535
1900
-6019
8292
-2702
-3079
12406
-5291
9833
1638
5159
13140
2505
-3338
1450
-3655
7970
4667
5637
1374
8235
10495
6927
3342
-2376
1929
-1483
11247
1245
9827
6392
5530
5255
11666
-4492
-101
12340
1058
2935
7816
-3229
-1184
-3180
348
9862
11959
-4996
7562
-2798
-3364
12547
1035
3853
-5990
6700
-4347
-928
1847
-4451
-493
9530
-1235
-7316
10879
11314
-109
4815
483
-7312
11927
11828
10194
8190
-4311
-5514
4139
-627
1866
8714
3057
6479
1578
-598
9566
-3889
52
12168
1594
-1326
8391
4995
12141
-4258
9809
-2366
-7153
-6561
-5759
2308
6100
2896
12956
-3396
561
-3751
7658
-3165
-71
-1860
4612
-3408
3271
-5030
-3576
4158
8840
3128
6414
-3459
-2440
8750
-4758
-6842
-3585
904
3212
2195
9652
3079
8782
11519
9723
-1721
10487
5654
-2386
7004
8399
12265
-205
5823
-1475
-5486
-1179
154
12481
9419
-387
5633
7841
-5143
9642
-5985
5916
1786
9582
9202
2723
1636
-183
-6234
-6675
8788
10121
-733
3987
-6436
12522
2729
225
-1744
2713
4326
10118
2240
-5822
1288
10446
3845
6159
-2119
-4835
4084
1370
6479
6812
12554
-64
-1772
-2310
-3844
9111
9399
3527
-7070
7790
-4931
358
-5145
4289
6100
-4545
6809
-706
5630
10227
321
9296
4851
-2793
4622
-611
-5287
1372
3826
5814
-5938
-3116
3158
-1444
10369
1652
-1109
3315
7307
11569
-5685
4887
541
1441
4013
6259
133
-612
4388
2197
12732
-5419
-5488
-3074
1567
3671
-6281
9228
-7042
5566
2389
-4795
298
10203
1176
682
7709
-3655
10930
-3305
-120
-1636
-3643
9020
3159
1920
2529
10507
-6711
-2683
10254
6705
6198
8479
888
-2366
11350
-4924
11997
5210
5653
5170
1359
750
7525
8512
-7465
4366
12028
-1538
3570
10780
-7472
749
8096
-7337
-6142
11839
10401
3261
4834
4783
13228
10056
1034
2035
13240
2241
888
12168
9757
-5408
3649
12278
11110
-2358
1715
12053
-4467
-2809
-1586
8187
6629
-2185
8384
669
10664
6023
1044
-3436
7650
9277
1833
-5189
3035
1574
9166
772
-1707
1535
-4720
7505
8357
12034
12280
2713
1621
5297
8695
-4886
4415
4455
-2595
-4407
7460
9686
650
-3291
-4946
-3434
6731
-491
7096
6422
2218
6230
335
13049
-1512
10435
3674
5462
-2133
3933
-7497
-2420
8010
10794
1061
6481
8779
-3615
2021
1655
-962
9835
-558
5683
11987
9752
8268
977
8773
7105
-3286
-5576
1820
7873
11524
12545
3185
-456
12971
13229
11819
12486
5399
11308
779
-276
-3467
-2918
2358
12390
-4023
7857
-2604
5913
10844
6740
-4111
5504
-712
-1465
3054
10622
2654
3834
-3550
5705
-5734
10571
11532
11892
3247
-4242
2289
4504
4980
-456
420
1542
11302
11953
12450
6534
1332
-2933
-3755
-3894
3392
11060
1784
-5979
-350
6771
2245
8173
1360
5237
-5710
-7184
2614
-4579
-1388
-4176
9086
-6978
8300
-2681
-2046
6681
9408
1609
-3378
-3406
-4322
-4273
-1545
12853
11022
9458
11129
7523
7703
-5514
2694
-3644
3210
10997
9736
-6199
12343
1797
476
2068
-6192
7717
-187
11150
8291
246
10996
2374
9028
-3748
555
12406
8612
-1507
-6583
5110
-3416
9707
5167
12860
11111
1332
-7528
-426
5112
13044
-6953
13058
9961
6548
9944
-4380
7497
-6377
-1940
13186
-5156
-480
6521
11908
-4353
7478
12857
-4981
10324
6877
-6204
-6796
-2677
-6592
-5782
12697
-6215
-1857
6526
9341
9357
9583
8394
12441
-4095
-3816
-4380
-3294
5504
7557
11865
3218
9586
1767
10768
13062
-2531
3933
3854
-6187
6529
12873
7210
2305
10978
11813
-222
4319
7818
1607
-2772
-6514
7290
12914
12894
3673
-397
-6278
-4958
-2261
-5547
8912
-1864
-3259
3468
6296
9063
5997
6966
3141
-5248
10318
-3529
5311
5090
-2481
5009
12781
-7200
11078
5902
3371
12542
4627
7436
5975
1066
8714
9835
-1357
6762
2093
483
3510
7871
10574
-331
1955
8856
-240
5002
-4968
-2921
3974
2195
3680
3524
7075
-3763
5059
6189
-5796
-2997
-347
-2449
2422
11830
1220
7837
2740
9267
1472
-4837
-119
676
-2268
8000
5704
-367
3900
676
6447
-4308
-6788
5592
-7406
6816
-1491
12499
9313
2670
8671
12696
11368
7854
3842
10812
9991
11545
3029
5468
-5116
5656
3422
-1494
1757
6369
9557
5039
-2280
7817
4329
8148
9508
-4429
-4717
-974
12005
11246
5985
-7022
-1892
1858
7642
10023
-5199
3042
-3578
-1537
8271
-1558
9117
153
9014
3098
154
3623
6652
5090
11202
10778
6378
1071
6198
1155
11382
12046
11730
-7419
-3017
12885
-6110
-1399
9749
11435
-2054
6582
9367
7875
-679
5014
5430
10381
-6495
5500
4017
-1873
9803
2858
-7291
-5948
8467
-4511
12247
10524
1554
6627
11790
11176
-2300
1121
-7390
-6701
2386
12757
11429
-855
-6302
4370
9414
-5803
6589
4445
-6810
2930
409
5398
-7327
-4140
7589
8082
9668
3725
-1194
1970
11324
242
8083
-3973
4396
1540
7613
9016
3422
7116
-5958
11877
5331
801
-2362
2776
-250
10731
-1151
-458
-7025
7519
4157
3842
6036
-1638
2417
1322
-2629
1177
-1649
3673
-5417
-5464
-6046
-1786
5500
1150
208
7094
6776
1005
-2302
1735
11549
12055
391
-6820
-1265
4847
-6940
-146
8756
5621
12424
13224
2495
8437
-2044
6931
2075
3761
1542
-2263
-1469
7349
-5032
-2674
138
-3025
2107
-4738
-3353
9517
8581
5916
4220
11273
10112
-4253
3204
4290
9362
7904
1020
-4874
-5915
-2359
-3479
8366
12058
239
3421
6896
-2880
6111
-3483
10229
620
7439
3589
-3726
999
5276
4444
2144
-2648
4581
11891
3936
10993
12014
3105
7825
7013
-6822
2753
8444
-6249
9058
-1155
-1899
391
-2689
10219
2520
-2685
-4296
6955
-3989
-1463
-1110
-2790
7803
13108
735
4011
-3016
9228
-5251
6746
3508
7230
7775
3490
9700
7403
-3120
12966
10345
6499
11904
4432
10132
-7012
-3667
3561
5156
4975
4907
10235
5479
13000
54
-3644
10627
-4056
8373
11107
3208
-5951
3882
5667
6253
-5054
-4925
-7213
-6507
2934
12488
9621
4059
12783
-2384
-2234
-5488
4302
6104
944
1571
7958
8554
6844
-2369
10461
6103
10997
6689
3960
3783
-5479
-4345
908
2642
6962
-4326
-524
10367
8226
4875
-3480
-7022
11032
-273
-7248
-2258
-6436
-7430
12429
-6412
-2038
-3019
5643
-5240
12899
-5195
11126
3913
-381
-2765
12158
2479
8236
6062
12336
11256
-4170
8505
-1009
9245
10635
3571
9778
11891
915
6796
-4422
12756
11637
5640
-4478
128
-682
5750
4535
6658
8448
1476
-1035
-4830
4692
11146
-3759
5153
-5872
13218
-3351
11492
2416
-3784
5391
6781
8479
12169
-4550
10140
8500
-1601
8934
1727
-3794
2733
-4167
395
8108
-7019
1663
10960
10681
-1371
-6863
11336
2945
-1715
4199
-1098
7780
13198
10615
7029
-6987
-2671
2745
5862
-4277
-5833
10237
-802
5417
-6189
-6525
1148
-4077
-1033
-3065
-4895
6430
11556
6597
8255
-789
3709
10812
6949
12317
11056
6849
12139
4296
7853
6327
527
13052
6032
12982
10380
9794
11095
9964
-5552
-6072
7769
4732
4662
10195
12777
6403
-415
12790
5547
12919
-1847
8393
11412
7379
-2796
1961
-2127
-6969
-2265
-870
9434
3056
-4646
4968
-315
-1752
2217
5718
9586
-2630
593
5440
-714
404
-4905
8158
8583
2526
12840
9184
8634
7715
4284
513
12815
-842
-547
582
2374
3752
10330
-4457
9385
5249
-2281
4726
-1765
-793
-4884
2761
2115
1009
1187
3574
3983
-3466
-1463
-6066
3355
-4625
12768
8408
3168
-6167
7128
8598
2170
1452
10877
-725
6834
5094
12552
637
-1427
687
8639
12448
3735
13234
-2279
10789
-2492
4470
1693
1100
12064
548
-4599
-5655
8853
-4759
-6643
10699
1251
316
7527
11289
-7241
1198
8664
10097
3147
-463
-3073
-665
738
9467
3348
3712
2199
3125
9818
10937
4627
-4179
11586
6407
-3939
6201
-2933
-1816
13056
2612
4958
-3209
3661
1803
-7501
9942
12025
6381
9360
3820
11174
4491
1500
2878
-5087
-3725
2833
-7435
7730
12766
9470
-94
7954
8471
-821
2165
5340
2742
9419
12263
11065
8678
-6073
9225
6263
-3787
-5678
8105
2358
2272
8973
-3737
8835
9595
-4976
7479
3059
12438
-2848
1479
-4123
-5674
10714
6459
-5311
3111
-7207
3367
-464
-577
10446
-2236
-1373
-5361
-5578
-4196
10890
1986
9120
-7026
7852
-4540
10501
-1732
7640
-3961
8811
-6643
10565
10586
-667
5200
2862
10891
6458
-2823
1919
9596
-3767
8567
-5484
-986
-4099
4348
-1437
12763
3443
2073
4451
10041
13217
7556
-4248
-4227
8377
10429
-6602
-4900
9823
-2406
184
11686
-11
9126
-5065
3552
-4358
-1143
12989
10075
9852
-2075
11211
6887
9708
4263
-1505
-779
-6167
6159
-5263
4437
5289
-6731
-661
11972
-1472
11950
8696
4322
9850
4732
-3575
12615
2449
12795
-1902
2062
7336
12712
2006
6775
-52
1950
-5678
6340
4042
-6620
8305
-6756
-435
5976
7768
-81
3643
-4601
1312
1390
8000
4835
5144
-5725
-211
11222
4871
-1019
-6266
4902
11532
4936
-3713
36
10021
-1557
-4422
9946
-5766
-649
6490
12360
-5279
-6580
678
11514
5535
4122
12590
-3590
5593
4368
-5312
10814
4508
-5740
2425
3787
10716
-1112
-3399
302
12427
-5235
7318
-1553
11683
7279
2299
1327
219
10332
11673
-284
12834
1539
-5001
-6172
7849
10040
11695
427
-3009
10353
1966
-7292
9343
-344
682
11968
-6227
10328
-1318
6843
-2599
6250
11601
-33
11080
5313
-7504
1902
291
-5105
10735
6418
-7030
-2464
11842
6752
10795
7679
-7207
-5862
5158
3539
-5425
-882
4390
485
-5623
1768
-7212
6353
-3526
-572
11866
12065
8583
8946
-570
4399
9131
-4520
2374
-639
-4754
3336
-6468
9111
7121
3253
2334
1963
1850
3472
12901
-851
11037
-444
7360
280
11581
11959
9891
4773
-50
11657
-5659
-5833
11886
1893
2652
11669
5742
-2555
11189
561
-4596
-875
4927
1627
2184
8869
4814
4559
4757
12806
-5044
10893
-1107
2730
9554
-5577
-3944
4706
-4082
7738
-1708
10802
-3490
10646
12461
-7315
1233
990
7833
-7497
3207
10513
-6249
-6032
12798
12677
2911
10065
-7193
-170
-6367
-5424
-6352
-3513
2087
-2453
10489
10948
-5871
1845
7776
-1767
569
8125
4763
12975
-1200
9130
-4823
5746
2555
10344
-4615
5925
-6438
5422
6612
-206
1604
1299
-4722
1011
-5996
5814
-525
3132
11183
-1024
2212
-1346
-1160
-3650
12962
6758
-5824
6328
-4941
8844
-808
1864
5297
10112
3038
4198
1916
3612
-4366
9271
6620
6988
7455
-6142
9444
2748
-5626
7278
13130
1254
4148
-6649
-3575
2007
7635
6280
8367
2065
-2373
-1613
-2376
2520
5876
-6548
1005
-1868
8893
6834
-2670
8597
5568
-2748
2369
6845
-4384
-2457
-3126
7306
-7457
-7038
-6535
5160
12839
7562
-5098
4873
11382
6231
8749
1352
11162
125
-2756
11185
788
1008
-5700
-4473
8987
1946
8743
6513
-1620
12167
6927
-4342
-4542
-7201
-6817
4160
-5536
8343
-6677
-6663
-5318
6626
-4950
8944
3353
2985
5161
4648
-1459
3528
1690
7087
-1107
-3647
-1818
4270
-2791
4679
48
11770
-3297
-6977
-4031
-828
8952
12279
