1924
-3696
-3469
-3514
3699
-567
1046
-1760
1477
1661
1300
-3541
-2797
3799
748
3129
-2053
660
4561
-2930
4228
1458
-3437
-3077
-3283
-18
4587
2268
3735
3653
2704
3334
-3450
-1495
2509
-4265
1385
-488
3054
-962
3281
-2510
3745
-1829
-861
1886
-3176
1162
-2641
4454
4580
-3474
-3978
1322
-3313
4952
-3631
1508
1506
-3571
246
-3089
-2290
144
2005
-4494
2894
112
3804
-2202
-761
-3417
4277
56
-2914
1097
2516
3560
-434
3455
3866
4945
1034
-2332
-256
-1379
-3187
4656
-446
-3328
2719
2570
-4317
-4398
-425
-3770
-2303
2072
-1807
-1252
370
2564
-2243
3383
3062
-574
1924
2166
2708
528
-2323
4662
-4750
-849
-2549
-1599
-2161
-3355
-3068
-90
-549
3464
-2013
379
-693
-4127
1682
258
2767
545
2240
-1346
1432
3731
4138
2274
285
4843
-4446
-431
4070
-103
-880
-987
507
-1630
-3554
3874
3930
-182
3906
-2513
4334
3657
-4890
-3596
-4268
-4191
4590
26
-2637
-3144
-1018
1057
4223
239
-151
4403
4795
-2022
-4307
-3938
3076
2210
1395
-898
-78
-2
-4305
-1773
4428
3976
-1348
-2684
-1449
3566
-3419
-4814
1687
2207
-1991
826
2775
-3040
-4128
4072
1258
-2560
-257
3753
2526
3831
223
-4680
120
-2979
-4366
-1423
-224
-1439
4102
1687
-4723
-2733
523
-1293
3530
-2721
-849
-930
4531
1003
-925
-2350
4953
-1048
-4515
2808
-2089
3152
-1857
805
290
4675
4450
3863
4957
-2636
-3472
4323
-272
2895
-3054
-1604
1913
-3436
1381
-2858
-2971
4786
823
-3180
4416
849
-199
3723
3639
-1533
-3172
4559
-111
1581
-2745
3985
3643
3445
3581
-322
-2167
-1576
3425
-626
2372
883
-3094
-70
2676
-2719
-2063
-952
2012
159
972
519
2183
1257
-2066
-132
3006
2729
3417
-4746
-1992
4373
-2706
-4855
3921
4759
-2215
447
3845
-2082
-3129
-3771
2422
460
-2843
3050
-4446
-1239
1531
695
4729
3740
-3714
1172
981
3015
3219
-4893
241
-4407
-1278
-4599
-3511
-456
1011
-3242
-4044
4591
1507
4354
3599
234
-220
1431
432
-158
-2308
1524
-4931
1618
-4604
-943
-1882
1536
1506
5000
2097
-1924
-4266
-232
-2263
2465
-3345
1233
-4738
4853
-1385
2030
783
-4934
1431
-2223
-11
-4345
786
842
-2436
1507
274
1620
4756
4451
-3993
-4653
-710
113
3006
-1994
-1359
-3203
1144
2958
4398
3591
2579
-4379
-3895
1228
501
-1542
-4046
-3901
-3240
3726
-2248
2032
-3730
125
-1193
4382
2679
103
2747
-4976
-981
-2657
4208
-3215
-1071
3890
-1319
4325
-1521
767
-724
890
-242
-2297
-4065
-4397
-1326
-4646
-2326
3209
-400
-3425
-2356
2973
4532
-107
-3821
2300
-161
4299
3585
1568
1307
-1325
2730
4211
-1043
-3912
1468
-3666
4780
-4598
-4287
3466
-2350
709
-1355
-922
-1331
-1056
-2976
-591
-2454
3283
-1142
4564
3116
405
4521
2392
-3689
280
1657
-3026
4650
-4317
-163
2244
-966
-4202
3310
-13
-3828
4872
-2020
-2216
-3590
2623
-4335
-4422
466
1286
788
934
778
-3602
1628
1746
-4579
3756
2656
-77
3885
-1327
4259
-3209
-3930
-4625
-3086
-1082
4949
-488
1052
3192
3969
4255
1259
-124
-2027
1133
-1269
4357
-1768
-2616
-566
-2788
2272
-3831
3617
-2304
4053
1986
287
4980
3245
296
-962
-1965
-4555
-3617
1454
-4177
525
-3397
995
1018
-4003
-2293
428
447
1926
3323
2899
-3285
3082
-3153
-4837
4740
4575
2533
-2937
-3776
4846
-240
4242
-3607
-2640
-1856
-1958
668
2110
1912
-3355
3045
-3530
-1679
4860
-2500
-4069
3590
-4257
-839
-1758
4575
-1295
-4468
3718
-3108
1501
-3931
400
-335
-3900
916
-1231
4946
1173
-15
-4773
-885
-4332
-1995
1498
2335
4135
-4945
-1216
-469
-4835
-4532
4632
4503
673
-3459
-1728
-495
1141
-3915
-3588
4010
-278
-2741
-528
3003
3636
2121
4841
-4995
4597
-3279
-625
2347
-1411
2449
2570
1051
-688
-1481
-3830
-1112
4227
-2160
-2878
1318
3683
3466
3117
4653
4157
-2688
1884
-4196
-989
3954
-4222
210
2968
-1397
-1939
1
-2221
-4553
-1521
-1481
239
3854
-2304
1699
999
-3572
-2039
-563
-4978
-2073
-295
-1059
-4052
1895
3965
-164
-3920
-2871
4036
1718
-2807
-715
4711
3352
-3340
1179
-4917
679
4471
-2513
2157
-1414
-693
3222
499
-4745
-2432
-1198
-2640
4017
1453
-1223
1526
-2412
1714
-4506
103
-2834
3310
1380
386
-4557
4670
1707
-64
1444
2766
-853
4050
870
4768
3341
-4778
-2812
-4341
4258
2894
-2571
-4710
4225
1991
848
-1982
3235
2106
1027
-3118
-1639
3658
-3356
3462
1328
-3578
-1154
-3439
-4000
1868
2792
-2494
-986
-1948
726
1726
80
556
-3382
3972
1391
-302
-403
1686
-2372
-306
-1333
-4075
-1095
-2553
3025
-1693
-3901
-2221
199
-303
-2465
4955
3712
2628
2165
413
-977
-1465
-2529
115
-4810
-2327
4032
-2311
2566
2482
2110
2155
-2444
-2572
-3303
-3501
4338
1225
2821
1980
467
-259
-2659
1806
-1661
-4532
3638
-4109
-1303
1502
3467
-364
-4179
4245
-4186
2726
4448
-598
-3600
3405
2831
2252
2104
118
-2632
-940
4541
3760
690
2029
-1600
439
-2743
-2830
-3787
2467
4326
2279
-4709
-2052
2812
-2001
1565
-2157
2703
-2339
-1189
3688
4003
-2183
-4815
-975
2847
-2801
-2673
-3344
4952
-1484
3543
4784
-1765
3473
1907
-2604
-978
2074
3541
-1714
-4105
3031
-3210
4414
2829
204
-3006
408
-1415
-4507
3654
1222
3471
2164
-3636
-3166
2924
835
-157
3583
-3056
49
4631
2810
-3905
-2013
4143
761
-3370
3995
4645
4206
-2501
-4167
2606
1645
4401
3300
-4595
239
-1781
-124
1698
-2561
-2282
174
-4807
1839
-209
-1258
2303
559
154
-1267
3823
4132
3155
-1762
-3793
4784
1124
-3211
171
-2430
3532
3188
-4167
-2471
843
-2895
-4181
-2272
1455
3385
3219
1675
-3960
1978
-4155
1347
4755
1235
494
1619
3240
-485
1327
4840
2440
-309
-624
-122
4437
3494
-498
-3989
-2596
-3675
-1396
3564
103
-2094
4654
2838
4368
-1969
3817
-2036
4073
2099
2530
2512
-1435
4557
2134
1175
-1147
-3498
-3854
-2374
-2651
-4131
465
1327
151
4984
-306
-4330
-3855
-3394
-554
151
3970
-2306
4440
-2717
-3295
4709
4936
-2097
2022
-3442
-1630
384
2451
2208
766
-977
-2006
3281
761
-529
1103
968
-3683
-2160
2210
-779
1885
-4415
-2436
860
4883
-1
-4800
4593
373
-1380
698
-4235
-308
4853
2625
625
3433
1553
4076
4233
3891
-212
2072
-918
-2587
1133
4031
-1589
1145
-4075
-4565
4730
4142
1430
-2490
-3660
-161
-2507
-3499
366
276
-4797
154
3282
3546
-2632
4605
3172
4585
-1520
-4926
1130
-867
-40
-4598
-1567
986
-4092
-770
-1185
492
-3943
1575
-3813
-3213
438
-1235
-4301
-4599
-3064
-4866
658
1839
72
-2093
-4192
-1346
951
-572
1691
-1170
4659
1085
2533
1459
2715
4216
4435
-2538
-4645
2774
-3540
3950
2341
-3465
3562
3012
-4420
-3050
-3722
3489
-556
2560
2331
4164
1000
-3422
-416
-4905
-833
-2700
1001
-2366
-4489
4421
2574
-599
-4733
2336
-1922
-1847
-4269
4629
-4942
1820
2914
2002
3969
2759
-414
1945
4796
-2293
-2591
-1016
-2225
-867
1957
829
-4728
4324
-127
-838
-4909
-332
3270
-3186
-2901
1596
1041
-3269
-3840
-4888
-1816
957
-3666
2584
2906
1108
-514
794
1109
-956
2816
3702
1788
-1504
-468
1160
3700
-3649
-439
-598
-3343
-1987
-3937
397
-2085
-145
3349
-1809
2251
-4504
-393
1161
771
730
-1410
3222
-903
910
2563
1126
-2332
-1622
-4660
4796
682
-4774
-3253
-391
3776
1805
2771
1788
1468
-2372
4920
3591
-762
-2999
-1680
1341
289
3372
843
1813
4920
27
-2136
-4097
-2589
-1897
-3673
718
4845
-1431
-3520
-4101
-3067
4250
1444
3512
4625
-4891
4506
976
724
-1781
3136
2518
-1097
4089
997
4418
-710
3764
-3302
-3207
-25
-3952
4464
1812
-4147
2634
1321
3126
2750
-348
-785
3542
1755
2595
477
3289
1251
-2061
2173
-3678
-4498
2997
3764
3946
-1610
3369
-850
4421
-737
-3768
4475
1298
3694
-650
-2344
468
-3709
-2420
527
2938
-1784
3762
2232
564
3790
138
706
4486
-3962
-1510
-295
514
-1147
-3195
-2550
2195
884
-4778
-3875
-1401
-549
46
3157
367
3529
2933
844
4367
3000
-385
-2911
-3140
1060
4813
307
-721
-3513
3719
4244
-1891
4449
3118
2771
-517
-2315
4388
3113
-1387
-2457
-4083
2815
-2224
-497
-2217
-3499
-792
-2924
-3957
910
-4548
561
-3150
-3224
3320
-105
1910
-304
4041
4642
2429
50
-3290
-1459
-2872
-1738
-4466
-4946
-3920
-2918
-2429
-4273
-2296
-1408
-2003
-3968
-1593
-3115
-1754
3468
-1983
-1289
3049
4209
900
1032
-164
3651
4852
859
-537
4839
-388
769
-1411
3297
-2800
-87
1282
-2828
-4371
-3776
1204
-193
-1928
-4800
-2473
-20
3314
-2859
-3289
917
2488
4083
1291
-4312
3472
-3753
4745
1161
1020
-2339
3596
3111
-793
117
3757
1388
4623
-1766
4311
-3687
-2719
-3496
3196
1725
-836
4864
-1760
1677
4075
20
-1936
-2003
1060
1548
-1032
1340
1802
3752
-2540
-2631
-2324
-1272
-3578
-1412
-24
-1956
1375
1543
-3316
675
-1193
2378
4893
2567
-3298
962
-3668
-4746
-3060
1981
-4490
421
211
-2861
1087
4761
53
4248
2437
-2881
1138
237
-1505
207
-3153
4044
-3733
2783
-4968
1727
-4996
-692
3047
3626
3376
-598
1634
-1827
-3960
2824
-4100
1531
665
3052
-3024
-3818
3982
-2500
644
-2478
2505
-326
2544
-3534
3254
-3357
-3792
-1598
-171
-4217
3581
-1865
607
-3778
4309
1234
1424
-4916
-2153
3815
-1706
-2093
3766
-911
-843
3112
1177
-151
4967
-3288
4265
4929
-4518
4476
-591
-1700
2093
1150
-2781
3736
-2140
1152
4020
440
-969
-1428
498
2364
4409
1840
3990
-3559
-4997
-980
4983
-4411
-1906
1361
-4065
3151
4997
-3190
3206
4185
266
4296
-3449
3568
-3094
-3201
4605
-99
-3400
3161
3747
-3977
1765
-3777
3465
-1192
3584
818
-1709
270
1479
-676
3621
2438
-3337
-1136
2338
-263
4386
-34
-1344
-1177
-4140
-4918
-391
-4831
3671
-3103
1002
706
4463
3495
1888
3645
4297
-1130
-1800
-4795
-4469
-2553
-2932
-4200
-3016
-2060
2155
386
3534
-833
2341
-2491
-294
-161
-3894
4411
-4462
535
3383
-4871
1621
-2744
-2196
3281
-1000
-79
1604
2032
185
3118
3200
2333
436
-3699
-1540
-1829
-725
3161
419
3515
3972
512
-2666
4470
-4973
4385
1299
-4846
2425
-763
-698
4179
-1515
4635
3581
939
-226
986
-320
4071
621
3291
4736
-1938
3850
-2245
2370
3889
3861
4809
4310
-4616
-2344
3320
-1242
2840
1309
-3607
2744
-3992
706
-4695
390
-1911
-3933
-4948
-2083
932
4946
-3890
1575
3595
735
-756
-3619
-3152
626
1145
3720
-803
1897
4221
-4704
-1992
-4073
3694
-4397
-2717
-4216
3041
-3401
-2394
-1496
158
-2116
-4
846
-16
3858
-715
-760
-1080
1840
1398
2336
-4908
1942
-3114
1301
-2376
-3476
845
1222
2908
-3641
4611
-2625
3076
1607
75
2780
270
3575
-477
4331
-1959
-519
1023
4124
-4804
-4099
-61
2335
-4110
-3688
1847
443
3816
-4685
3804
3327
1732
1587
-4380
-2617
-2597
-2036
-2650
-1865
-842
488
-1583
1670
1840
4405
-259
2395
-1622
4657
744
2186
-4437
531
3802
-647
1402
-3244
4797
3256
-4884
1570
3738
3542
-2075
-1965
4563
3841
-1421
-2697
-675
4260
1635
3789
-4690
-2508
1034
-825
-4179
-3579
-1927
-3373
347
4160
-3860
-2106
1087
-1920
-765
6
-2025
3149
-989
912
3910
1100
4496
-424
-2761
-525
1945
1270
2468
4941
-944
-2229
4369
992
3692
-763
2833
-468
1713
2738
-3755
1165
364
149
-1004
3053
-1699
-4288
-4356
1425
1158
4533
-128
2978
2470
-3047
1458
-3726
406
-1169
-4524
1483
-2310
737
-1851
-841
3246
3893
-102
2048
-3959
880
-549
1017
3370
-3640
1237
-1021
353
2551
342
-4583
3075
-159
3018
-2184
-562
-2091
-2523
4179
619
1148
-322
-881
-707
-1679
182
-4375
3953
-363
4739
-3308
1047
697
-2815
2301
-4490
-4572
2400
-1114
-1646
1511
-4060
2518
-2518
2405
3949
4683
2699
-4659
-3355
725
2502
-3893
-4203
-4112
-2708
2164
1419
-4725
3284
2600
-2823
3791
3012
-1733
-308
-2581
-1911
4984
-1519
4807
2151
-4013
1438
-2330
-4143
-202
847
3034
-1468
-3218
294
344
-2748
4605
-1627
-3034
3259
-4791
-2438
-1599
-4102
528
-4831
-3552
-4150
823
-2332
4380
-2138
-2560
2963
-3240
432
2737
-408
-2692
-2894
-4190
-4681
-3808
4771
853
2906
3495
-3974
579
1441
4964
915
-499
3956
4019
3559
3922
-3641
-1323
-322
-4648
525
2446
-4356
-1848
-4535
1256
-2030
-4303
-562
761
3139
-3156
4503
2581
1334
-1811
-1877
-1098
1565
2987
-4412
1579
3530
2272
-2329
2947
2101
3139
-4292
-3244
155
3862
2178
-1464
4740
-4639
-3927
-4941
-3651
3004
-525
-1874
1900
-278
-4198
3643
2157
1969
3510
-517
-1654
2982
3095
4910
-4371
-443
-2303
-862
4701
-4933
3858
-2814
-1141
-1968
4810
4350
2399
1466
3397
-1864
-292
2117
-644
1013
-3145
3059
-1832
-777
-3148
539
-2250
4692
2013
-1786
177
1084
-4700
2187
-375
-132
3798
-4968
2907
-1959
-3396
-4670
1031
-572
671
-328
-4820
-3320
-3321
-1673
471
839
1900
-4435
533
-1313
2437
477
674
-4014
-2218
4024
572
1381
-1584
1982
-3598
3867
4240
4513
1887
923
408
-233
3181
3695
-3138
3791
438
-276
2000
-4041
-2555
1081
-1758
-3798
4541
-2445
281
2872
1754
151
-3833
2192
-3638
-2353
-2544
4011
1401
-2640
4863
2651
-1424
-2808
-2045
-4103
2973
3392
-1813
308
2
-3001
-2149
-4810
343
3762
-176
-3100
3804
4805
-950
2597
-2974
3428
-445
-2725
4324
-4675
-1823
-2833
-3033
3976
-3045
-1457
591
-2520
-2690
4679
1774
3047
-2701
1764
-3170
-4496
-1495
-3995
-2933
3584
2155
1840
1181
1511
2851
877
1479
1387
3247
2460
1100
3982
-806
4554
1173
-4816
-2238
-1343
2891
-4886
4267
149
-4371
-3835
-176
3671
3322
-2157
-1964
1322
-3572
-872
3648
2216
3915
2287
-647
-780
-1005
-2543
-2712
4300
4053
-1955
-899
-2382
-774
-1143
1765
1229
4325
1847
-2921
3795
-3465
3620
3497
-2606
-2229
-8
2084
-1454
-412
-3484
4988
-1773
2341
253
-3578
-2618
-4710
4620
-682
-589
-3066
-4975
-1573
-3392
-301
-135
-4949
-2960
-2181
4662
1211
698
-1889
-3308
-3279
2930
-2940
-1218
4790
425
1601
-2937
556
2446
30
3527
3491
-4805
-3237
3548
-4811
-4138
2168
-1825
-3780
-194
2680
362
1050
313
-3508
-1272
2193
4185
4280
-4289
2824
-1816
4599
-159
4596
1903
-4065
-4667
4908
1961
-2133
-1949
-1309
-319
2549
3841
4661
313
1993
2877
-3210
-4660
282
-1627
1378
2426
2743
2361
-4157
1802
-3171
1088
2751
4519
-1198
-3995
-2637
-4455
3818
-3751
-3345
4256
2136
4939
-2987
-1859
2059
1809
-652
1477
-2797
1593
1046
-4135
-4878
2649
-1238
-22
-2083
1688
2129
2908
-1174
-1117
-267
-3656
1222
-2626
-3199
1682
-1401
-634
1915
-718
-4253
4976
-2873
3031
-2757
-2015
167
2411
-9
-2587
157
702
3562
-4715
-1901
3467
-1819
3893
4563
4818
357
-4203
3086
-4166
4419
-2420
4838
2240
-4002
-1779
4288
1600
-3679
-2598
1323
-859
-2690
1052
4496
1158
2522
-59
-1478
-2474
-835
1234
-598
-4853
-4804
595
-1634
-450
-585
-1170
2498
-955
-4644
3239
4662
2338
-3440
-836
-488
4520
-4966
-2939
-3334
4772
-530
1864
-4833
-4420
3154
-584
2401
-821
4459
-55
449
-4451
-3984
-2036
795
941
-1927
2034
-4959
-820
-4762
1588
3026
93
-1967
4076
454
121
-2677
1285
1447
4381
-2176
-786
-2252
-582
4715
1573
2780
4674
-3764
-1026
1191
3316
2792
2243
-1829
-3778
1815
4174
-4904
1814
-632
3852
199
-2079
2477
3531
-4768
-4776
3458
-3264
1577
-901
-2283
614
4265
-1977
-1517
4183
4616
-4329
4771
-3329
-845
1244
-3905
-3988
2466
-971
3545
2737
3441
-2073
2281
-2376
-2442
-88
499
-4317
3627
2067
4638
-2629
-4308
1885
4847
-1563
-1956
-4590
-1770
3380
4701
-2883
2437
-2968
-4723
-3615
-843
2071
4612
803
-4371
-1177
3889
960
1498
2963
4415
-4566
119
4686
-3787
-4999
4069
2933
-245
-1043
-3463
-1776
3875
-1774
4352
-3156
-1906
3135
-3662
-1591
-1608
-227
137
1328
2386
-3275
449
4665
-1494
190
-2509
-1444
-4519
2733
-3532
-126
-1602
2524
-3981
4513
2612
4272
-1150
4932
2464
-834
-2189
1163
-1527
505
2880
-2693
-4257
2881
-1632
1993
3087
-4935
-4953
1276
4047
-1671
2491
-176
-3295
-2459
-891
-4847
-3357
-3078
-1883
-981
-2837
3561
-1439
-1945
2507
-1569
-388
1118
3931
-4962
4552
-215
-1545
-3886
2342
-2395
-846
698
-3877
-3085
1864
3963
4541
-1697
-1179
4882
-1485
3250
-3713
689
3904
2089
1146
3127
-1912
-735
-3750
2973
-4165
1228
4031
-41
4813
-3347
-4969
4014
-4514
-3312
-2382
4576
1183
1284
713
-3360
-3796
4506
-329
-4573
828
2079
1279
1500
1613
-1786
4988
-3407
2844
3033
685
-1728
4931
-3029
2908
-1758
1981
-543
459
-4510
4209
-3245
-4118
4903
-3673
-2904
1216
-3353
824
619
-1898
4966
-1376
-3518
-496
2929
-621
-1174
-4817
-369
1464
-4987
4792
-1746
493
4514
3164
284
-2617
-73
66
-2727
-4293
4995
-2115
-3958
-1638
-3744
-1002
1309
-2226
-2290
2352
652
2522
-3000
-3688
3369
4225
4537
1639
-4638
-4836
-4727
-3243
-225
3586
-1616
4686
2384
4013
54
-2046
3026
326
1487
-701
-2891
354
1171
-457
-799
3943
-899
1290
4152
2024
5
2893
4236
-4157
-4153
-1837
-4766
-3412
1452
-1813
1071
-509
-4785
-3763
-2712
-3803
1987
1828
-4956
468
3738
744
17
456
4116
-365
2992
-1021
2580
-763
-265
-390
-321
440
441
-4822
2290
340
-4372
4006
2897
863
-3710
4684
-3240
2546
-1114
-1465
4807
1704
1077
-835
-4007
2264
3923
-4347
-3906
-3519
-1489
-3705
-1830
798
-4968
121
3694
-737
-573
-1454
-1506
2061
-1566
-1155
3611
2430
3651
-2177
330
350
-4301
-1093
-1254
1711
3304
2392
-469
-241
2641
-1878
2738
1474
1881
385
3247
3755
-3719
257
-2205
1069
1623
-620
-1294
-3985
-1916
-803
-4477
-1737
-4639
-2837
4090
-2211
-610
3591
3896
2687
-1300
3570
-4916
-980
888
-2995
859
2564
-2576
1926
2655
-2862
-1797
3987
-2562
1571
-3793
-2565
1414
-3389
-1175
3431
740
2139
3048
3212
2096
-208
-2669
3139
4564
1840
2778
539
3927
4605
475
-713
-185
-2850
1705
-3420
-4116
-1021
-3738
1282
2769
-2004
4257
3783
-2802
2862
-3722
-1234
-4135
2733
186
2763
-243
1204
4499
4917
-2546
8
-4898
-3930
1723
3943
-2356
1184
1327
515
3573
1329
-3622
-2635
1234
-1643
-3753
3134
4503
2880
1661
-152
2914
-184
1882
-4070
271
4812
4559
-2517
4731
4632
-1791
2731
1369
4346
-1242
-385
3024
-3764
600
2889
2585
1669
-4539
2508
1526
478
-979
-1588
-2661
-946
1136
2576
1110
-769
270
-588
-4133
-2039
3156
-3202
101
-2264
-4374
844
-1132
-565
4520
-2976
-262
-2235
2071
-2605
2328
2642
-1523
4758
1653
3536
-569
-4245
-43
540
4091
-4948
2330
3673
3054
4143
3575
-413
-4944
3220
3874
3992
4047
4205
1621
1106
2087
4133
-4497
4490
-694
4293
4675
-2695
-3439
405
1559
4742
-2586
465
1426
2113
-4889
74
-732
-4535
-3337
-2055
2105
4034
3859
-219
-1610
-3208
-2479
2393
2938
-2530
-2466
-91
3808
-4345
-4512
-2017
-3910
-1443
-1369
-1883
-1715
77
-391
3598
166
-4069
-2367
531
-748
-1812
4512
3222
3237
4786
-4280
1213
4322
1305
-4242
-351
-1175
-2
-2914
-1261
4118
-4418
-4194
904
2796
2549
15
-4583
4977
2752
-4451
1014
-1008
312
-4800
-3698
-805
-2245
-394
763
1733
-4448
-1913
-1074
434
2253
-4826
-2158
187
1834
-3635
2280
-3456
-1994
2132
1610
-4601
-3984
2207
4553
-2892
3415
4768
-204
3110
-1567
-2266
-3064
2113
4789
-1304
-3410
3595
317
-4787
96
4912
-3139
3059
-2915
98
1127
-3997
747
2666
4104
2930
-4260
-977
4566
-1416
2918
-2829
-3065
-3861
3607
4102
-1664
2447
3945
1836
-1655
-2490
1728
-159
3242
-715
-3839
-2825
-412
-3347
-4132
-4590
-4996
770
535
611
-3680
-1360
-71
-1125
-4416
482
-1604
-1607
1451
-1691
-4616
-3539
1228
4312
374
632
-1499
-2022
-4066
374
3086
-2186
2677
-926
-3532
4322
566
-130
4364
-116
-6
-4811
4799
-4838
-1850
758
2457
-396
-2383
93
1462
-4693
-3754
1030
-1108
-4720
2599
-1259
4025
-1796
-3113
4339
-4985
-4526
3818
3209
-1929
-3321
4169
4997
-1787
4257
-1144
3170
2134
4701
462
798
-3952
4429
-4086
2312
-154
-2312
-2394
-2991
1016
4146
3346
-2074
-1673
-4622
2176
692
-104
2028
1287
-1807
2489
3418
-1025
1124
-4254
-296
3595
2323
-554
1702
3077
-1648
2637
-1100
2586
-4196
-763
-1264
-3743
2885
-897
-4621
-721
4096
-1607
2855
-3057
2709
-1594
-2540
4739
4127
-3065
-2023
2143
-596
1190
-2634
-2079
-2404
2443
-753
-1226
1207
701
-2686
3339
-1321
-668
-1680
1131
-362
-2242
-4105
-3691
3543
-1480
1062
-1722
313
-2890
3121
-2327
2469
312
-2855
-4421
769
-3650
472
-2328
-612
-3602
-1812
1810
4528
149
-307
1280
-379
3339
2328
-353
2924
3832
136
2925
-3697
-167
2810
-1359
1051
-4051
4715
-4989
-225
1045
-1128
-2011
1678
-3289
2606
-4324
2968
4100
4457
4137
-2555
-2422
-4152
2050
2032
-265
3661
-1478
-2207
-399
-3628
-2132
3308
2642
-2310
4987
-993
-4543
3246
550
2227
-2731
-316
774
2908
-4518
2078
892
-289
-4444
-2726
4068
2318
-1154
2028
4575
3884
3864
859
4897
-3193
-554
501
-4794
-4835
-1652
-1918
4846
2721
-4514
-2346
-2487
-4745
-4255
3575
-4671
-2095
2775
4336
3451
3108
-1859
-4594
4399
1488
-3178
-2242
151
3644
3999
3244
-419
-4643
404
3963
-621
-262
3604
3604
2022
-4752
302
-3883
-4747
2753
-3098
-4829
-2965
-19
3600
890
1391
-3249
-590
-4187
2108
-724
33
-4375
3944
-2673
-4837
-373
-4812
683
-524
4091
679
-744
-3718
-3391
1077
-1679
3698
3747
166
-975
3084
-3012
-343
4461
-1587
-1536
3771
268
3204
4216
1602
1856
-471
-1443
-1676
3565
3659
-2987
2501
-130
547
-4948
2315
-4166
-4416
2323
1288
3488
-3981
-4091
-4307
-4722
1423
463
-565
-4379
4030
2486
2181
-4734
-3364
1600
1133
2644
-2495
1275
1340
-1617
4472
-1292
3369
2526
-2300
2585
-815
310
426
2967
886
-190
2981
3071
-4552
1919
263
322
-3279
-863
-974
-1859
3280
4349
-2067
-2338
-132
3173
-3700
-23
3440
-1167
-2667
2864
-2550
1841
-1866
2768
574
3541
3140
402
-3159
-1299
4038
2831
494
1061
1065
-727
224
-486
-1143
-709
4841
4774
-615
4656
-958
1553
3141
2250
3146
1727
-4658
611
-381
-1671
1033
513
2760
-2499
-481
3921
2335
3455
-116
4435
3544
-1476
1685
4606
1616
4413
-2755
-4349
-1256
-3590
2475
-256
-3051
-3529
1496
-3314
2339
2918
4974
-306
375
-2584
-901
-1607
3520
148
3918
1863
-3396
-2886
-730
-828
4748
-2324
-1460
3299
-4687
-166
4768
557
1349
-4068
3829
559
-11
2493
-4035
-3256
-1451
1085
-2211
-4416
-3121
1592
2906
-1449
738
-571
4749
-4417
-1423
-4674
-370
-2618
-2484
1193
3759
3930
3213
-3557
-4861
832
-4832
-3638
-1890
-1032
26
2227
554
4263
953
-2691
102
4517
1702
4724
-311
213
1074
4601
99
-4984
-4886
-2505
-3163
-3814
1319
-1327
-3404
3318
4490
3983
-4425
3389
-2947
677
-1423
1794
-4409
3245
-285
2347
-1835
-2302
3157
4933
-4604
289
807
4018
-3747
3088
-1483
1570
4971
-3138
3146
1990
-4240
4617
1937
4044
2583
1584
-2851
-1255
3071
1559
335
-3225
4741
-489
1656
-3211
1604
3171
-3033
2393
2486
2123
-3198
-825
191
3000
-4080
1876
-387
4705
-2856
-3274
-1261
-633
-4501
2095
-4600
-425
-2501
-2342
1805
1354
2762
-3261
-2429
495
1581
-4678
-2530
-2030
-239
-80
2311
-620
4746
-455
2048
-1453
-3368
-4106
378
4696
197
1970
-2347
2658
2485
4018
-3061
-4860
1933
-4596
4383
3268
-1047
1126
-1820
3211
-4376
-1321
-2939
613
-2769
4643
1847
254
4036
-2700
3825
-2829
-4811
1966
1632
-3331
3639
4820
-4367
4720
4027
-3666
-3413
3690
-3720
1343
-4
3687
1381
840
-2806
1032
2431
-1845
3925
-2976
66
-3328
-2716
-1353
4426
3474
-4636
3142
4600
4923
604
224
1763
-1334
3333
2626
-4432
3514
-2781
4282
-3631
-3227
1282
4951
-4490
4779
3647
542
3534
-521
-2276
2773
-2654
4204
2188
1453
1157
4258
3250
-4861
4621
1317
3625
3369
145
4885
2710
-3881
4489
4398
1151
-1108
-538
-3928
1111
-1289
1222
2262
1443
307
-856
-4737
555
3997
-657
1706
-2273
4900
-2644
-2349
-3419
-706
-3001
-1294
1030
4709
4374
-4015
-3743
2376
1513
-1146
1093
529
3250
-2132
-4039
1397
-4531
-3214
-2532
2222
3888
-1420
-575
1768
1033
682
3864
691
-4568
4521
1290
-3466
-440
-4484
-4458
-2561
-3027
-16
-4800
-4470
3357
1681
3475
-2817
-4582
-137
-3461
719
1574
705
2762
4240
-852
-4940
-4927
4552
2280
-1949
174
1277
4811
-20
2063
-1558
3450
3400
-3724
-4359
3395
-4918
861
3572
-2920
-3881
-3224
4827
-656
4731
4487
742
1845
245
678
-4446
587
4212
3510
-4939
-1796
4403
-372
-1378
-268
2163
936
87
2896
2938
3210
717
3945
3307
205
2122
-1479
2620
-1023
-1973
-2227
3916
-3288
-3528
129
-627
3625
4154
4187
4732
2650
928
1823
157
-3770
1360
-1460
-99
-4179
-2561
303
-4359
-2029
213
-2503
-2563
-3796
-4164
-2386
-689
-366
-4303
-1363
-3219
-4902
1654
-4
4483
-4900
1788
-76
3171
834
2647
855
2932
1421
-1572
-1084
1592
900
-4648
1039
-2787
629
428
789
1718
2262
-1391
2013
-2725
4868
3981
1755
-1676
-1554
-1919
-4013
3116
-1309
-3026
-3317
-3172
192
261
-3470
1632
-2332
1208
-1341
-4965
1137
3579
-4995
-4276
-2995
-1235
-4194
1850
2253
4396
3444
-2078
-1510
-4284
-4821
-184
-2914
3715
1206
4730
3016
-1537
-3195
3843
-4705
-3969
2779
630
4634
4232
3820
2516
4451
-3193
-4024
-920
-4031
-3448
4104
1660
296
-3542
-3492
1869
-774
2969
1582
-3685
1230
954
3949
3581
2173
4735
4993
2899
4918
-3053
4330
4345
-1884
-992
-926
4210
3420
502
-1319
4201
759
1255
-1222
-4349
-2845
1895
462
-3104
3162
-669
2486
-3173
3144
519
-2263
-3762
4779
1738
-1836
1495
3959
1517
-4756
-3277
-905
-1257
2550
-1633
3285
1423
1532
3618
1050
-2143
-353
-1225
-3344
-4736
-2360
4986
3499
-2192
-2712
1611
-1415
-4116
182
4177
3750
3615
-2452
231
1655
71
632
1767
235
-2222
2845
-1121
273
1772
-1729
-2514
-4232
1138
241
-70
-3115
-1468
-3672
-2672
597
3496
57
-88
2698
2760
2198
384
2829
2775
2085
-307
1148
-3897
-3416
-3498
-552
1504
-4589
4894
-1832
-3479
-1853
-788
3783
1470
-3920
3031
-392
2732
-1739
2861
324
4915
2379
-4416
-1208
190
3762
-4303
3743
1823
4526
-105
-1474
306
-3906
477
-3065
-1833
-2415
359
3334
-4719
429
217
-579
-3052
-1644
-4693
4630
861
-3190
-2245
-423
-4553
3366
-1962
4079
462
1270
-4351
3875
-4902
251
2431
891
1474
896
2544
-179
2267
-4779
-1886
-4023
4169
851
-3336
684
2689
3686
943
-854
-650
-1707
2321
2871
-1491
-2595
2557
-1882
-2147
-4679
2001
-1635
-3978
-4706
-2442
-1111
-505
4778
-1308
3881
-1806
1726
-3845
822
-2920
1923
-1926
-1390
1428
4010
4136
4147
-2157
4176
-4583
2876
-3735
-1686
-3032
-1154
-23
1297
-4859
-150
-429
-3308
-266
810
4413
-489
13
1376
1632
-4287
394
3323
-2304
2528
4492
2596
-346
4559
-528
4017
-699
-839
-4035
3299
1875
1905
-2618
-2914
386
-3133
779
4482
-3039
3566
66
3562
-4786
4881
-705
3807
-3036
843
3456
2832
4620
2698
2891
1292
-687
-2740
-2936
153
-3254
3706
-4722
-3396
-2178
3953
3818
2398
-3702
-2830
-1146
4149
-4818
-3885
4291
-864
-2596
-760
1784
-4616
2215
3661
-4621
2481
3335
4060
-396
4530
4742
-728
174
-3821
4847
-2516
3059
1532
-306
-4363
4228
-208
3864
-1521
-3682
-2957
-593
295
-4684
-3421
3383
783
-299
4153
-2507
4601
-2749
-1163
2745
-4887
-937
1994
-2533
2779
3434
-414
3163
3984
-1648
-4118
2935
-4201
-4212
-1796
-155
-2183
1609
-2427
54
-1393
-452
-2001
3627
580
1520
4814
3142
-2255
-1530
2100
2509
-987
-69
4090
2194
3058
-4973
-1824
-112
-195
-16
-1035
-4613
-832
2166
3655
3213
4133
-2601
1848
-3033
-1908
-4828
3054
-4114
573
-2277
717
-3860
3302
91
-3107
4945
-1737
-1137
-2246
1226
-8
4854
-3205
4809
-1046
3157
-4860
3964
-2941
3231
3907
716
-44
4857
-4809
-4130
-4719
-1387
-454
3073
-3583
-598
2902
668
-2543
2337
575
-4975
-861
1342
2377
-4587
874
1272
-4524
4376
-3547
-3487
3324
3691
-1946
-848
-2730
1665
-3983
1427
-4437
3005
-3785
739
4030
298
-1369
-3781
-4940
4148
2219
-1407
2668
-3715
334
-4477
-4412
-4112
4492
471
4286
746
3633
3476
2220
-3125
3634
1539
2154
3214
-4441
1711
-4
-310
3112
-3474
-405
3969
-786
-3625
-3863
-3659
3879
-4480
2287
-4471
-2389
-1882
-1753
-1378
-1113
-2120
-265
-665
-1523
4171
-723
3010
-2685
496
-4432
-1298
4361
1295
-779
1986
4674
2272
-3932
1922
3410
1930
2349
4055
131
-2501
2106
2118
922
1981
1977
4492
-2766
2701
3674
-1274
4462
-2528
-4563
1093
-750
1526
1407
-3693
-737
4038
1858
-3230
-2884
3979
-1007
-4457
-1938
2151
4292
4548
-549
1583
3082
3076
-4195
4440
1314
546
-232
688
-3239
-2272
412
435
2825
1495
-552
3568
-2675
3930
-401
2016
3776
-801
4034
-4345
-1471
-1500
3243
-4658
3661
2664
393
2650
666
-2873
-900
-499
431
-4958
-3288
-1374
0
-269
-3293
2592
1256
2739
2314
621
-4867
1080
4626
-868
-2376
-2328
-108
-1227
4555
2241
-4825
4
-3368
35
-2213
2502
8
-2918
-2481
906
-3246
-3769
-3038
-3478
-4096
333
4004
-3762
-357
-3992
-2163
3023
1050
-3993
-4152
-4273
-623
1812
-3818
2145
-4167
3416
4350
176
2823
1003
-1834
-3822
3118
-723
-461
-1774
759
-3886
4783
-1243
-3209
883
3053
-2126
-3944
433
3628
3452
41
1787
-1838
977
-4639
4334
4085
2678
2249
-4998
1832
3467
-2968
-919
4279
-1123
-3290
4957
4254
-4923
2644
-299
120
3562
2670
-3477
-538
766
-1201
-2017
-6
3250
-4301
2032
3165
2088
1821
2866
3085
4386
3973
-3196
-1940
2861
-2892
-2849
1019
3775
-149
-2432
2621
-2479
-254
4909
-3394
-4624
2181
4274
4937
2161
-1137
383
-3615
4197
-3550
-4038
-1306
488
-3993
158
-278
1007
2306
-1735
3318
486
1716
-4072
-4415
237
-1897
1666
4439
4598
3795
-1151
-1441
1543
-4720
-1566
-3670
0
-204
-2776
3343
955
-3787
3292
1381
-4824
669
-287
-3767
-2480
-2766
-730
3093
3069
-3268
-4117
1276
-2028
3022
33
-3074
4756
-1890
3231
4650
-4873
-341
-3386
-515
3868
4416
1433
3491
2080
4541
-1100
1174
-1508
-4107
-4528
-340
3450
-1734
-4407
2318
-4350
-101
-4174
-291
-2552
3279
-582
202
4593
-2779
573
794
-1775
-3465
-3995
-637
563
2194
524
-3814
3394
1759
-471
-2314
1281
2568
-1965
1008
31
1319
-3084
3911
3954
1683
1179
1345
-2233
428
-854
3844
-4436
2711
570
2019
1845
-3592
-2024
3179
-4105
-4710
-4916
4740
3629
3308
2403
2828
1355
-628
3282
1313
-4829
-3304
1237
-4609
-3931
-2186
1217
-3323
3400
-746
2357
1721
2956
541
-3391
3469
-1853
323
4913
-4856
-548
4511
169
362
-1142
-1247
-2162
2232
-2797
4398
-821
4978
-3141
3771
769
3267
-1571
-4657
536
3918
2175
4381
-4935
-2639
3854
-59
1515
-1595
-3589
3733
4857
1539
2123
1485
-3662
-4025
3342
921
-3274
1611
-1487
747
-126
-3529
-3979
-3811
-3448
-2610
1912
-2862
-4327
1349
3007
1944
2083
2525
3916
-2430
-471
-2491
-3301
4666
-3214
-2937
2341
-2225
-2687
-1491
2853
-923
3120
79
681
-1429
-3799
3789
-1555
-3160
189
3295
4669
-378
2001
1524
3806
2349
4605
-1099
-4166
49
-1753
2267
-2538
-3246
3955
-4484
-3931
-3907
3265
2238
-4773
780
1350
-124
1887
2001
2711
-179
1048
-1610
-4970
-4057
-1731
2076
-296
3175
-32
3308
-2181
4200
-58
3756
4582
2766
-3084
4134
1723
189
4541
4098
-4905
2756
-2648
-290
-433
-4983
4138
-2130
2244
-4351
-4139
-2262
4454
1853
-3707
4444
645
-4497
-3211
607
-110
-3424
3970
-4069
-2610
-1899
1161
3001
3579
-2077
-3613
-3144
4916
722
4364
4729
4520
4465
-3997
3852
-3748
-2543
3839
-3428
-2963
1887
79
985
-3305
-2668
1148
2292
3161
-585
4257
-1402
-331
4551
-2466
3505
945
-2588
3729
188
-3373
-80
-2988
2921
1479
-1760
1940
2203
2483
1794
-3799
662
-966
-3240
-1797
2669
-2278
3889
-3619
-2922
3094
-1246
-4106
-4799
3870
-3334
-1760
-2673
2095
-3688
3580
722
1807
4653
-2611
3534
-1408
2646
3722
-3809
651
-3309
-3260
3430
3691
1320
1213
3130
-4910
-11
-3547
-301
3937
-3506
-2684
-2481
-3031
2901
-1873
421
527
-195
-3243
-4398
544
-3230
460
-3283
-3762
700
3437
-3672
-3235
-54
4407
-4333
3076
250
-2551
-2021
-1284
-3205
1755
1831
3605
34
-1561
-4420
-2369
-4877
2939
-2288
-3090
-1254
1834
-771
2454
-4222
2560
-2438
-1490
2706
3029
3725
3262
-8
2530
1576
2564
3961
3273
-3633
2893
-1635
4022
-2152
-2923
-4531
-151
3177
2060
2913
-349
-3669
497
2849
1011
-800
-4647
4982
-1568
1700
-3013
-4346
-2622
-3220
-1593
4058
3572
-343
1986
1459
780
4704
4263
-2129
2032
-2248
2517
-4602
-4915
3879
-1150
4114
-799
3728
770
-3627
-864
256
4994
-3751
-788
-4602
1533
4707
-1823
1497
-4565
-518
653
4270
1704
-2031
611
-2702
1215
3737
3276
1307
4579
2709
2080
-1841
-3525
-2070
2080
-1933
-2225
935
-4316
-1046
2185
3454
-1977
2439
-1026
-3352
-311
-1541
-1833
-2613
537
2600
4052
-3523
-3552
2765
85
3249
1721
-2268
-3269
-4522
-2617
2740
4039
-2527
2979
-3094
-415
1323
-1498
2700
-3148
4415
-726
3575
1914
-3145
2455
-3709
-4491
2199
1364
-1707
2926
-833
-4677
3262
906
-3047
-2537
-4162
2604
882
1491
4057
986
-663
1081
-550
-897
2753
4339
-935
-4286
-1258
-329
394
-655
2376
128
-1428
-4398
1674
4985
3007
2067
-4355
2176
-4534
3652
-4763
-1417
3173
4065
3345
4369
-4537
-3353
704
4637
-521
-499
-2682
-1249
-2641
1173
-3384
-2015
1453
-3715
2652
-4784
808
-790
4326
2592
3679
-3007
3398
-3596
4745
-4326
971
-560
2824
1657
-468
1710
2658
-4273
1837
-1979
-136
2007
-2816
4603
3011
-4844
-803
-1372
3552
523
-910
-3260
-3357
4396
3770
250
2516
-4077
-2920
-634
-3786
-346
1620
2192
735
3770
-207
992
2061
5000
-4982
-2543
-3917
4267
4499
-4698
-2332
-2913
4024
-4678
463
4688
-3724
-4195
4611
4299
-2137
-688
-1073
4843
1020
1744
-4162
-1580
-3821
-2486
255
1206
-3837
4430
-4875
1082
3854
1378
1956
1344
4690
-681
4079
-4763
3006
3458
-4511
-1531
4179
2484
3382
-3711
3961
-2340
-4470
-4488
-4009
-4172
1557
354
3546
4922
4247
1183
-4775
-1868
2368
-4937
875
-1333
-783
1499
-217
3441
2668
4628
3850
-297
1421
-272
330
1520
-2393
-2120
-4555
325
-4861
4310
-2513
-2823
-2586
-3832
4674
3725
1484
-1651
3063
4210
-3606
-3188
-1537
-1315
-2332
4612
242
-3632
-2378
-3550
-2869
4384
-129
-826
53
-2240
-1404
-857
4573
-4061
-2013
2846
-1371
-2012
2227
-2501
-4288
-2580
2470
1301
4086
4136
-2421
-295
926
-4182
622
2544
-3918
-4003
2185
3577
-674
-1363
1993
-2033
-353
3458
-4734
-314
-2687
4962
733
-3004
-1543
3672
1088
-3563
-3576
-1161
2050
-2411
4965
3342
4429
-3340
-2455
-2745
-801
-1851
3802
1417
-3668
4288
3717
-1528
3611
-1002
2694
1375
1090
-1019
4883
-721
-2396
1747
4507
-4219
3274
-2067
-2099
4578
4909
-4335
3590
-4716
3923
947
3271
-2445
2360
-2736
3405
-893
128
1617
-2830
2095
4261
-1714
-1403
-4729
3078
3412
4483
3651
-1121
-1386
-3665
-2105
748
1189
-3378
-88
947
1294
-2068
1058
-3504
1585
-3597
4517
-2002
1537
-210
478
-2350
3938
-742
-2880
-2961
-4165
-4253
411
1872
-4152
-1399
597
-14
-3564
1446
-3146
2382
3910
-957
136
-3354
-929
1637
133
-862
-4999
4128
4814
542
744
3978
-952
631
524
-4268
-764
-3508
886
4193
2767
4032
-3201
750
-4022
3484
880
-625
1907
-3904
3091
901
-3005
1196
-328
-3028
-107
-3680
-3945
2655
1209
3276
4958
-2369
-3111
4726
4196
-687
-4070
12
4015
4602
663
-1272
3831
2633
-1865
748
-4321
1822
506
-4299
-3160
-2650
-3204
-4961
1318
259
3623
-3948
-2695
-454
-108
-3979
-1331
-4963
-1051
-4934
-1902
-3746
2605
2539
2899
-4087
4404
-2585
-1891
3172
3244
-3647
-4973
444
904
4017
-2289
-4402
-763
2069
4213
4385
4383
2873
4498
3929
-4999
1279
-4122
-734
-3167
-3072
2344
323
-969
3742
-1514
-3935
4207
3101
-804
-2381
2574
2096
-3843
-1686
-4939
-646
2250
-730
-4700
-4208
-618
2672
-2050
-4407
-4745
2767
-4613
-4352
489
-2350
-2068
2087
1221
4099
-926
1169
-2909
3832
951
-4707
-1721
2716
-417
2786
-925
3991
-3919
4763
4391
-1759
-3879
1736
4615
-3023
139
-1414
3864
486
4428
2174
2924
-4326
1284
257
-962
-3168
3094
-320
4221
-347
-1780
-914
-2584
-4866
4609
4068
-4736
-2293
-2571
4922
-1779
4447
-4627
-1221
-815
-3217
2526
-302
1128
4649
1539
-987
528
2781
465
2534
-4807
-18
-2279
4346
-4361
-2750
4650
-1770
-4957
-326
-1580
1836
2198
3790
-4360
1638
-2062
1689
-2578
-1510
2718
-3662
4145
1615
460
-2407
-2352
1798
-295
-4025
-1756
1984
-45
3415
-307
1025
1512
95
-4901
-1752
1048
1291
3088
-824
-4573
-2441
-4495
-4037
1493
2225
-1010
-2077
3944
4729
-3013
1576
-3012
-4678
-2815
3724
-1107
-4634
1697
3412
4041
-3318
-1126
-867
3420
600
-2949
-865
4298
-2017
-4536
-2944
51
1184
-1345
-40
-3166
4626
391
643
4852
428
-3490
398
-2045
-2999
2231
-1098
2048
3510
-238
-3306
1555
-4204
-3446
-3478
912
-1858
-2730
925
2362
-3842
-723
47
2179
461
-1300
-1170
533
3080
-2073
1934
-300
-2952
-2461
-1730
2675
2751
1938
4328
-3321
-3880
-3344
1585
-3962
-4475
4251
524
-3471
1714
-4332
-2794
2885
4150
3133
-4034
647
-4293
3381
-4183
-2738
-1185
-858
-2664
1155
-4247
3676
-4003
-3742
900
-3133
4868
1836
-1726
3935
-164
4904
3317
172
3615
-4939
1862
523
388
-2808
-414
3515
4671
-1777
4880
3447
-2770
3273
-1767
-1708
700
2285
1888
-2279
-2528
2434
-4772
4157
-2831
1618
2255
2503
4180
-1903
2571
-4682
-2198
1952
1239
3786
-1155
2850
4314
493
356
4414
-2094
-4266
495
-4026
-4967
-1993
-1748
692
2546
-1268
-2902
-2635
-4952
481
1433
-2405
2565
1940
2677
-3725
2248
3910
-1787
154
2547
-3976
3001
-3847
-79
-4616
2983
1246
3196
3567
-3010
-4898
-389
2414
-2854
2483
2087
1917
2319
4636
3365
-78
1147
3957
1178
-2303
3469
-4799
2191
-797
-1362
4246
-1588
-2288
-4492
-3945
-910
4085
-2171
780
432
3338
1000
1756
-1628
-1368
2746
-2605
-570
-383
1790
-3548
563
4798
-3746
-3978
2090
-4788
-3185
3967
-969
2406
3016
-2791
3261
-3884
-1335
4423
-943
630
4666
-1687
-1975
-2712
3753
-2499
-602
3121
-4026
-895
401
-442
-3185
3168
-3844
-224
-4169
444
-4185
2857
-1172
133
2867
-2768
2921
-1875
-2028
-1910
-1994
-150
1620
2602
-575
1089
-1275
-4865
584
-987
2794
2847
-3208
2791
3493
2529
793
-4029
-1016
-2964
-2120
-853
1282
4320
636
-1510
-3113
-1591
237
-613
-2328
806
574
4969
4736
-4413
-520
-4213
-2988
3970
-4392
1330
-378
-4259
-4624
-1092
-4993
1159
-4379
1781
-4653
-3620
-1205
3643
-3529
3482
-1471
4926
1093
1264
-110
4162
1418
-615
-2693
3383
874
-2907
3807
-4526
-2783
-2356
-1666
3571
-4754
442
-4351
2370
-2630
-2746
2403
2736
2089
4626
-590
4791
-2628
-1473
1530
-1381
-1056
3573
442
-1549
2152
2274
384
3189
2369
-1083
4803
-4850
4277
1211
411
-4324
205
-4110
2379
403
974
-3971
-1297
-4998
-2329
-2497
3612
-682
3900
467
126
1655
-1982
1848
-3703
2082
-4394
3387
1957
-4298
-2260
-54
525
764
164
-1639
2027
4050
2051
3340
1039
2389
233
-141
3345
-4417
-790
1441
2889
164
-765
425
4094
1768
1500
-2603
-835
4346
75
-2196
-1263
2936
3485
-2963
475
1877
-1176
3534
2787
-1253
1978
-3295
-4270
4730
-168
-1665
1607
4905
-2021
4822
4210
-3605
-2095
2202
-3615
-588
379
421
4907
2046
-2677
2022
-145
-187
-2636
-2180
-1708
4283
-4345
1566
-3712
-3579
-3569
1836
4327
2918
617
3265
-4890
-4263
-3814
-3282
-480
4139
-3015
967
82
-3101
3854
-2272
4949
-2860
2853
-2853
4502
-4240
485
-2009
1543
961
-3411
1119
-1290
675
-1979
-3058
4388
-1226
-3720
-1116
2058
1178
-403
2483
3257
-2319
-774
-1773
-4279
1325
-3870
2334
2546
2785
2120
-2038
1113
-4019
-2454
-700
1261
-2480
1773
4685
2319
200
3724
-4902
4006
-3386
4258
165
2535
1978
2514
939
3142
2703
-3616
1957
946
-4767
-1979
-2931
-1585
-4609
3916
2543
-2784
-292
4575
-4180
4186
-597
-232
-3884
-1623
604
898
-3931
3471
-778
687
-2697
497
4011
-4347
-1762
1006
4430
3370
114
-4677
-1022
-2562
4053
3272
-3722
-1363
2820
875
-624
883
-6
432
4037
-217
3733
-2063
3040
-2963
-905
-2785
1777
2330
-3689
3460
-2967
-286
-3865
-1548
-4654
-1296
-1015
-4735
1907
4514
-1921
-3531
2141
-1949
-3307
-1928
3531
-1397
-3946
4122
806
-2400
-960
-3032
3971
353
1392
-4754
3275
-4713
-3154
2503
929
-2971
1150
-2563
3154
4577
-4691
-3938
3147
-3637
3338
4586
1823
-286
-3766
-39
344
197
-1440
-3339
3817
3058
-3773
1835
2539
3263
-4595
-2120
-1870
-2440
3192
4879
-4788
3536
-2213
-2070
-444
-1413
-3403
-4851
-3880
2388
-3609
903
-424
-579
4446
-4650
4301
-1032
-2182
1429
-886
-3813
-4131
4005
-60
-2473
-808
4556
-2961
-4940
-26
3669
2701
4797
-4713
2110
-973
-574
-2890
2553
-851
1750
-3961
4250
-953
3611
-75
535
2400
1848
-4060
-4694
-226
-3786
-3378
-3426
-2550
3902
-2823
-4140
-2220
1931
-396
-2995
-3595
572
-3877
3969
-3979
3491
4145
-4145
1886
-1280
130
4956
793
-3771
-3879
-725
2442
-2134
-2770
1684
-112
-1669
-683
-4733
-2398
1899
-3994
1498
-672
-2841
-4666
-4096
-162
-4511
4311
-1415
-1347
-3764
-3934
-3041
-4468
-4298
-2432
-200
1273
1856
3988
-105
-3031
-69
-3225
3517
-3049
-4535
-849
-1624
-2843
3942
-959
-431
-929
-3070
-3096
4641
2482
2713
-273
2930
-645
-4649
-1753
-1333
-3642
2550
2964
-3504
4279
2790
1135
-2179
1130
-2782
-4632
-3001
-1557
3833
-4562
1432
1794
-2848
-117
4687
-1952
-4792
-181
-301
2162
-1023
551
884
1368
-4939
-2337
2109
4259
-2411
-4105
-1504
3432
3222
3019
3769
-397
-113
-1492
1313
-2357
-325
-3578
-170
64
-4037
4324
-2065
4493
2994
-3731
3965
2373
-1741
-1302
-1328
2545
-2789
1618
199
892
-2903
-2032
-4343
2027
-2490
108
4735
-4900
-4059
-3306
-1537
2312
-4763
2567
4043
-2023
-2741
3271
2219
-365
2567
2316
4925
-265
4696
-2064
-3213
1132
656
782
-2800
2868
2411
-2311
2075
-2316
-2877
-114
1538
-4412
-314
-1219
-2062
-2485
828
1624
922
196
4932
-235
-759
3838
1040
-2803
-4904
2084
-2974
-2383
-2363
2692
3391
-109
65
1063
924
3329
2679
-1671
3874
-1173
-2201
-3831
1252
-4196
3858
2976
2840
877
4151
-4962
-2627
-1944
-2147
-1555
-4235
1582
1752
-2977
1497
3196
-1907
-114
4938
2278
3959
2576
2020
-1060
-3586
2956
-1495
-3979
-1144
260
1795
-3644
4988
4193
-1245
-1248
-1280
-3200
-1220
-4322
3544
-4018
-2986
-814
1041
897
-2108
-2746
661
-1624
-2707
2162
3018
2105
3378
-2721
-1779
1273
234
-1853
3381
-1453
-354
4881
2195
-2362
-2355
1297
-55
3751
-3571
-1799
4292
-2635
582
-566
-633
-3669
-4518
2663
-2399
-483
-739
-269
1872
4922
1354
1547
-2711
-3707
-4877
2013
-1966
-1504
-4839
782
1026
-1602
166
161
2679
3093
3748
-370
-2469
-4260
-4459
3531
2829
1238
-1098
-4439
2562
-2669
2677
4147
-4528
1777
-29
2392
-872
34
-2105
2076
1702
-4322
1546
2589
-4276
-458
4646
-130
-3307
3861
2028
-3158
-522
2132
4169
-3544
-2619
-1197
1633
1971
-3621
4559
2782
1609
-4192
1842
3954
358
1860
3103
4195
4802
-2566
-129
2185
-4864
-549
-223
85
-4376
-4154
1349
-849
3194
-2759
-2655
2876
1142
-2295
-2926
3509
-1797
2012
170
1814
-1581
2882
3175
2667
-1740
-781
377
-1751
3624
-3226
-1608
-2480
-827
3696
-3428
-1394
980
-3393
-3187
4079
1463
-1737
-1353
4877
2359
-2832
-141
-2268
4032
722
2627
171
4765
1828
2281
4092
-3799
-46
-4191
-2908
-2108
-3954
1838
-3815
-928
-4417
3099
4365
3307
766
-3617
576
-3608
-507
3471
-3006
-2076
408
9
1756
2823
-3843
-3789
4258
-661
4750
521
3651
2208
1656
-4874
-883
-2617
793
-2558
-2412
4647
