9789
-5920
3173
7513
-6894
1673
9437
-4245
7899
3937
8153
2086
-7081
9554
4609
-7917
4839
706
846
-6657
-4939
6455
-7888
2233
8883
-1575
-8370
7835
921
7924
6850
-4672
-7418
7565
6511
-3462
4763
6686
9899
6840
-7457
-7307
1287
9601
-5018
-599
2217
-5261
-5361
-4174
-3244
-6547
3534
-2540
1411
9611
-8879
-8766
4391
-8416
-7581
-5174
8996
7181
7782
2628
9921
-6757
-5005
8220
-2813
4302
3887
7865
5317
-6374
-1206
2089
-2482
5174
-4562
-7432
8959
5640
-2130
-8003
8751
8285
8837
-6849
-9054
-4114
9363
1166
9314
9022
6833
-3684
-7506
-4908
411
-3183
-5113
-6787
3321
-624
2130
8689
1574
-7001
-1993
-9159
-6784
2887
4068
-1358
2119
9842
-249
-4486
-5189
-2000
-2259
7186
-2174
2305
-9331
-6618
-3556
-7296
-3669
-3538
4137
6289
-5496
-4715
1737
7013
1583
9113
-2331
-9190
5415
-2812
-6578
5471
7768
-678
9557
-1491
-1485
6809
-9065
-6866
-6559
5774
-8028
5555
260
5130
228
-2414
6672
4063
4398
-7128
-3314
973
1224
9179
-4618
-6298
9639
-7294
8202
-7771
5163
9071
1815
-1604
-5825
2422
4621
6018
5739
6136
-2335
-574
4445
8102
-2412
5212
-2923
4532
2875
-5646
-6962
-8764
3498
-3541
-6675
-658
-8711
-7508
-3079
8068
-6378
5149
-1848
-5164
1297
783
9429
327
4257
4148
-5410
-3517
7904
-8932
-3352
6687
6467
4591
-7166
-833
4755
2741
-7020
-4680
8621
8762
5703
9059
-7505
-9089
2857
-9772
-1248
7771
-5008
-3199
-6861
-301
-1267
3441
-8333
6548
-4304
-8291
-435
-834
7201
3342
4957
2813
8374
-8857
-1264
1234
7441
1957
-862
9984
4678
-579
9900
-7037
3698
-1015
9305
295
5421
-7542
-7981
-456
5766
-5820
-8816
6683
-5320
-1255
739
5003
6425
-9668
250
-5407
-5334
6789
3019
3296
-6567
8353
8660
5423
-3024
-3528
-7834
107
1812
5194
4861
99
2865
9090
-8627
4475
7184
2012
3232
-5014
-6933
2611
-9164
-8827
-8728
-127
2939
8338
-2409
-620
2540
-9222
2545
-4686
-3955
6126
6398
2944
-5866
-2696
167
7004
-712
-4163
-7228
-6632
-8250
896
-9533
-8259
2301
8848
-7051
3161
-456
637
3337
-277
2142
5446
6784
850
4098
-949
5345
-3148
-5065
-6777
7083
-1531
3066
-903
-1140
-9536
-6603
-6647
8913
-7714
2608
4074
-2415
-3098
8331
9284
-256
8547
-7122
-1158
-7026
9762
7949
9606
8711
6570
3210
4331
-450
-278
-5979
-7483
-9319
1485
-8469
-3889
8532
-747
1630
-9599
3197
-3306
-6163
5384
-4795
-6380
7777
-6974
8059
66
5614
-6396
-9208
-8668
2879
2373
-592
5807
-87
-8189
2880
3782
788
-4881
-7327
6452
-6079
3233
-9776
3092
3354
-875
-6411
4840
6555
-3715
-1390
-2033
-7919
9985
-3788
1953
-5960
-8078
134
2785
-3276
-2707
-1037
-8342
-6384
-1155
-4542
7812
-1080
-282
-7885
9453
4636
-1779
-6575
-6800
3276
-6109
-2975
3952
9955
-9445
-9420
3871
-6947
-5890
533
9292
-8594
-356
6911
-8938
-5716
-9221
-2083
-8149
1002
-9264
-3715
-4213
1321
2053
-5869
4802
-2412
1160
2967
2788
9531
3448
634
-5414
-5741
4704
-7519
1813
7888
8167
3130
-9254
-1183
-3231
-605
4516
693
-3430
1652
-3326
976
-5427
5620
-6827
-3000
-1537
8228
7000
-4625
-4464
7310
2237
161
1875
8293
-8438
533
7010
-8740
6004
-4652
-9637
9553
-1859
-4923
-2608
-8074
-4402
-3183
-4744
-495
9377
9644
-8702
-5720
3988
9789
619
1915
-791
-1914
9736
-5245
-2191
4807
7514
3777
5776
6979
2222
3738
2338
-5815
8725
4154
-7408
-26
-4671
1874
-4558
-4482
7161
-7382
7585
-8873
8534
-2261
8981
-2119
9235
4437
-9573
-8656
-3410
-6685
-3833
-57
569
-4588
-4989
6434
8167
1978
-5211
6509
-8045
2811
1404
9643
-7113
-2704
5165
5169
6404
598
9261
6648
4285
9027
1488
9167
981
-1580
-3876
-1121
-1418
-3180
-3653
-9270
4259
3989
-6207
4637
9447
-3066
7240
7239
5497
1352
-940
-6877
-7257
2106
210
9926
8704
1011
6180
-4433
-1365
460
8639
-5756
4409
-3396
1837
-6277
6204
9060
-9247
-4942
-7230
6045
-481
1501
-2128
5299
-8627
2825
331
-4853
9008
4351
4000
-4675
5444
-2176
3869
-7431
-8222
6478
2858
-462
4950
-7616
-3295
-6203
-4230
8009
5280
3488
-2304
-7897
9732
2529
-9581
6796
-9028
-1835
-3030
9857
3151
-6927
9286
-8839
9140
-4714
-8075
5684
-5524
8968
749
-2739
-5381
-6657
-7487
-8245
-8854
-3107
2671
-8839
-1759
9799
-4989
-263
5297
4254
-1857
-4853
8349
5340
-1568
3630
-524
8616
6529
9624
-4366
5086
-3223
-1262
-8830
3419
4054
7730
3361
-5299
2734
-9550
-1599
-6422
-9365
6490
-4066
-7477
4450
822
-6640
4923
-7321
1114
-9503
-9481
109
610
7989
291
9893
-1043
6855
-6145
4097
-3551
5129
512
-9557
8368
2210
-9458
-9612
-7384
4925
-9046
8243
9193
3976
-2206
-6118
-4530
-3442
785
5205
-8544
4612
-4797
-632
9431
-8571
-590
-7193
-4120
-9437
4778
998
-6391
3897
-5652
-2863
-22
7375
6241
-8145
-4081
4848
4648
5302
1255
8448
6580
1730
7290
8842
-2231
-8284
4670
1841
-6028
3468
9903
2300
5466
7490
-1895
4748
-4021
-8685
-7303
9205
4722
-4189
-274
-6441
8860
-1223
-2624
1964
754
1348
-200
4873
-9873
4028
8985
-7865
8918
-1673
-4010
2993
3271
-9133
4729
5560
331
4599
-7374
8315
9106
4450
-1095
4116
5958
53
6892
-4461
-7179
-8232
-6519
-8148
-3397
-1327
-9959
-5818
-3638
1505
-8740
-2187
3631
-9705
-9411
-5744
-8908
-4429
8518
-4000
-7912
-9350
2570
-7321
-7135
7030
3071
6404
-2692
-4145
-1106
-6994
-7858
5131
7945
9292
4977
-8892
-909
9616
-9707
-2601
-8261
2444
-2047
-3471
-9125
-4637
8029
9233
-7969
-3914
7277
-628
8233
-6516
8944
-8610
-1182
-8969
-576
204
5378
9819
3877
-3151
-4450
-3353
-5130
5409
-8715
669
6651
-3233
1835
-9799
6891
6769
2889
-1164
7234
-3304
6525
-2989
-4499
-2940
7643
-2556
-3072
-6179
5258
-6842
-7226
-3721
1583
2991
-2832
4922
2038
8639
827
-631
3616
-1560
7534
-7382
7520
-7513
9534
-5185
-4722
-4791
-4152
-4644
-5698
-6173
3904
-9414
9098
9620
4945
800
6899
-2507
512
-6134
3171
2183
-125
-7134
-3780
4464
-6225
9066
8328
784
4625
-3026
-5668
-2924
3970
7811
-8972
279
6544
-7219
3808
6953
4695
-1024
7289
7520
-1554
-540
7094
2843
5264
-1028
-341
2016
4283
5702
-5518
6630
-2311
6100
-1277
7998
5318
9069
1878
-1136
1915
-865
-9149
9520
3222
-1434
1450
-3050
2754
1504
2357
-2476
-7543
5547
-9991
7786
-3599
-6100
-2182
8785
8524
-619
-4716
3119
4827
-199
1688
8829
-5451
6787
-113
-7903
-789
-7698
-1662
1211
1371
6748
7305
-8637
-4190
7222
4748
-2240
-3819
-1109
-3572
9943
-8252
3368
8775
9032
-3313
1507
-9962
-9558
7917
-7662
3817
8778
-9005
-3441
-346
1214
-8872
7102
-9435
6200
-6450
4648
-445
3318
1362
-1193
322
4144
53
878
-4985
4077
-186
-7333
-4981
-7347
3923
-989
1811
-5118
-6434
-8707
-4434
398
-6955
-7213
-3504
573
-1957
3733
2849
360
3730
8341
-6724
-3232
-9291
-7750
-2599
3840
-9138
5176
4999
-5902
-8393
9932
-740
-9015
3949
-7809
3253
-5373
3959
-5836
-2159
-4071
-4713
-3748
2317
6529
-2580
-6504
-5231
8643
6072
-3589
6908
-8055
-6323
1192
-9989
3616
-6492
-3488
-9567
3489
-1330
-1658
4797
9253
2507
7725
-1548
-5604
2775
-7330
5815
7063
8304
950
-3862
9205
-836
7065
-8100
1944
8657
-6309
101
1325
7614
-250
-1838
-9939
313
-8282
3933
6392
3877
3374
-4780
-9681
1728
5276
-1442
-5412
4024
2671
286
4495
-6175
-7863
4969
-6641
9152
-6142
9460
2264
3307
-7586
-3503
-4865
-5146
-9574
2546
3337
2869
-6698
-7580
-480
-8421
9405
-6386
3851
-633
-882
3207
-4454
-6979
5454
8209
3960
-5958
7335
3422
2999
6661
3854
1455
9526
-8676
3556
2682
-1774
975
-5270
404
711
-7655
-8473
-4419
7173
3624
-9367
-1106
367
-3264
-4448
-6460
2522
7344
-4501
-5277
-5304
-628
-983
1780
7192
-161
-7194
-1503
7602
1452
-4881
-5127
8089
2271
-9593
-3897
-5166
-1388
1041
5426
6775
-7353
2414
-8233
3810
-6508
4981
-9176
-313
-5264
3519
833
3261
-9203
4916
-5703
7029
-5784
-2946
-8687
-235
-5871
1447
5715
3091
854
-1559
8538
-4199
6430
-1269
-9753
-7266
-1371
4226
-50
-5199
3066
8081
-5554
5905
-9768
-3459
-1948
995
9614
907
-6316
-2187
-1017
-4246
-3092
-3125
-1118
-576
5260
7645
8733
-472
-3016
-111
-328
-1643
-2790
2876
4913
-404
3161
3882
-1273
2312
7272
-1846
-3667
-1814
2615
6431
6565
-2988
8061
-3974
-468
-5257
-6265
8228
303
-7940
-5178
-5380
8953
7028
9003
-7634
3403
-8582
-2101
1500
-5993
-490
9884
4253
2872
9446
3258
-7618
-3347
9505
-4427
4897
-2128
3839
-4429
1909
9261
-9766
573
1620
6210
8535
7507
346
-5034
-4425
1606
-9796
8899
7280
-776
-7654
6467
-9784
7331
5582
6774
5815
-3953
-7133
-3109
9533
-5978
6744
-9557
-7158
-8125
-4763
-9834
5033
129
2770
-4657
6732
7160
643
-4035
9351
-5579
8448
-5275
4523
-5427
-7691
-1892
2218
-1331
9621
4078
-13
4184
-2132
-1851
-4946
9802
706
-6823
-7019
-7316
-2771
7889
-5394
-4192
-4475
-323
7110
9523
6090
-4117
4343
4013
-795
-5750
3942
-6536
1447
4818
1333
-2975
-3400
-9107
-563
-7696
1794
-9712
7778
-8525
-3054
-1337
-7369
7074
-5903
-8674
122
-6806
-9296
-6355
1921
-9543
-2085
-4259
-7731
-6099
1219
-7960
9774
-2176
2439
9912
-2401
-5994
-4655
599
-6381
-5828
-3975
1879
3817
-5488
-2788
-5104
-7669
-8456
8464
9417
5637
5895
7312
9750
6780
-9845
8334
2816
-9182
-806
-4633
7416
5146
-2952
-9949
-5994
168
-7102
-9594
3398
-5614
-5265
-6950
4819
6523
-9066
4138
4840
-9677
7806
3923
-6975
2574
5226
5232
-9942
4566
5078
-7616
714
-583
1343
-6120
-4527
-1305
-9210
-5513
-9446
-1268
8711
-5044
5396
999
8610
2729
6029
-1892
3910
428
2770
-364
-9366
-9062
-1004
-1636
-3561
5953
-4730
-6959
4470
-3413
-2866
6283
-6629
-5189
-4815
4667
-7696
-7035
-1053
-5229
4306
5168
6961
-7477
1529
-9439
-3504
8198
-6780
3556
-1031
2255
4015
417
3135
9798
6542
-10000
-5189
-7477
-8767
4651
-88
-6966
1192
-3936
-1728
495
-5555
9822
1667
4649
2450
8412
-8823
-631
-3137
-1096
5349
-1923
4822
7136
-5748
-5841
-8548
-7729
8896
-4386
-7398
8041
6418
-1759
4810
-1734
-8578
-6402
1477
5685
-1218
-9301
3865
-7845
2620
189
6177
-3606
-5813
995
9080
-4493
-2144
-1655
-2004
3875
-7254
-310
3527
-1065
-214
-8693
1854
616
2343
-7788
4972
1866
-3301
3730
-9085
-9343
9385
7604
8140
7995
1724
-5988
-4916
-2607
1346
3637
-5887
-7555
6133
-8904
354
4308
8112
7188
4259
3752
-7037
-4137
5220
2162
-8237
3355
5052
6787
-606
8989
5505
7670
6688
-5291
3556
554
8526
6665
-9572
-5108
-4106
2304
-4616
4343
310
-9840
-8148
9354
-8686
1451
4904
7757
-8170
6279
-3259
7674
6755
5888
-4487
-3261
-7576
5109
8752
994
-5947
-6045
-939
-1469
8998
7097
-795
-5591
-8440
1766
6560
-7579
4578
-1062
-6315
-4115
-8635
-370
-267
-3342
-9052
7940
1937
-1855
-3452
-5669
3101
-1067
-5569
-9865
1113
231
-7810
9794
-134
3324
608
2438
2017
9013
2904
7039
9820
-8066
-452
-4532
8382
2243
1249
-4866
-1187
3554
9313
-7906
2961
5541
8306
8595
-502
-2802
-8657
9944
1796
9658
-5605
3350
7366
-1453
-4808
9366
-8061
6355
-5508
-9557
-5840
6695
9752
-385
-1614
-9416
-6091
-7524
-6549
-9761
-1131
-1297
-7725
8720
-2369
-8741
-8014
-8754
8307
-9644
-1737
9954
7025
8577
1651
-2451
1438
1550
886
5869
-6905
-2165
3024
-3457
4409
1695
6227
-120
-4360
5345
-6758
2045
-9716
-5617
-9867
-7674
-4021
-8912
-6026
-3024
-5727
8151
-6531
-7322
9304
-8023
-8468
1337
-5291
395
4217
475
1144
-3016
3688
8615
-4093
4248
361
-5491
1031
8152
-99
7472
-2931
-6025
-539
-2617
-7989
4054
-7722
-9065
-9345
-5589
73
-191
-3740
-9558
-2293
3190
7692
5561
-7147
-8549
-2172
-4173
1738
8186
-8407
8396
-3130
-8447
9802
8324
-6610
5561
-468
9973
-3751
8571
-7673
6535
-8054
-714
9417
-1436
30
6127
8843
685
-5910
-6444
-8387
4157
9604
4393
3373
-3344
-2954
177
1640
1896
-8125
-5462
6563
3991
-574
-1506
8524
9889
-5661
-8067
297
8715
-3261
-5186
-9642
9219
3336
9042
5539
9546
1114
8052
-5218
-102
-2293
-1622
5889
1103
-8461
-8888
9093
-1122
5583
-8012
-7246
2336
90
-8741
-4393
7435
-6653
440
4728
-8239
-3524
720
-4563
3671
-1978
4434
7251
6511
-2864
-9473
-4882
5795
8568
-6542
8740
1825
3930
-7579
-6695
-5763
2407
-2257
-2477
5558
8186
-3825
1649
4700
2011
2490
-7584
4549
-2998
-1882
-8108
5504
5085
6546
-1493
-9986
-6141
-5871
9735
4053
4091
-3905
-3358
4708
1575
-992
-4469
8374
-7492
4633
-2432
-1708
9536
4400
8214
-6371
8868
2477
-9495
9805
5704
-5252
-1883
-6861
4611
-7674
1484
-4469
-5329
3132
458
9965
-6510
7533
-6170
5456
9280
3975
8901
-1398
-3283
2472
-2896
6639
5121
-5721
-6968
-6823
-6803
6419
-3686
-4816
-9441
8094
-1908
-43
-2753
8039
-2290
-3492
-7220
9232
-1638
-3962
8369
-8963
5941
-8701
-6086
-1585
-8062
-4044
-5096
2722
8955
-1949
7400
-2379
-9517
9039
-9568
-1938
-2173
-9287
2538
-5759
-2675
-5949
-1552
2339
2163
2778
7149
-387
-241
7147
1803
1613
7295
6995
-6537
-7985
-8477
-7452
7257
-7292
5846
5013
-7273
-469
-9155
-7254
-3764
-6998
-6769
9259
9377
-9326
9697
-87
3382
3796
-1527
-9435
6832
-779
5040
-275
-8647
-3300
-8026
9683
7301
-9558
-9445
-1143
8820
-438
1730
-8867
7569
-4006
5310
-8107
-1190
6883
-2682
-1042
-5745
4051
5424
4928
3185
-6734
9047
2006
-3631
7229
-9662
2911
-6459
-4263
-6952
-6938
7385
6225
8299
-6365
-8821
1283
-1622
-2772
9323
874
9712
1547
8015
8900
7866
3572
3089
-5626
-5448
7914
6282
-8125
-4882
-2044
-3529
7484
-9390
9170
-7004
-7495
8464
5778
7758
-2857
-8021
-2676
2875
1675
-2632
-9791
763
3218
-1371
949
-577
-4701
3897
-4410
-9118
761
8065
-8612
-5040
-7985
3356
9353
2466
-364
-5768
7262
-1440
290
-2107
-9275
5410
8275
-9711
-6302
-5605
-3331
-7216
2963
7626
4549
8542
-6909
-6325
6317
-6507
-4364
7837
2024
-8695
-7933
3430
-7955
-1797
-8493
6074
-3642
-9628
2714
3369
-9080
2166
9685
-1731
-1205
-7300
8642
-3429
5858
8305
653
2188
-7849
6058
-6245
2921
289
6694
3548
890
6174
5168
8240
7793
5788
-3772
4389
5831
-937
-6660
6397
1609
-8247
2844
-3787
-586
-8271
472
4789
-1325
-9991
-3945
-5601
7789
-1248
-6354
-6839
8739
-8454
1343
4142
-3534
-9821
4026
-1612
3822
-4940
3081
-7189
-7930
-4944
6092
-7563
4844
7161
8084
2851
-1205
4066
2687
3370
-2859
2995
-7955
9281
-2823
6082
-1669
-306
-45
1720
-7976
5231
4718
-357
-6700
8842
-4273
4387
-5213
-7975
9000
-9331
-2526
7184
-2590
959
1409
-9662
-6807
-9675
9064
4256
1901
-3440
7339
5853
1859
2549
-1589
-530
879
2430
1559
-8178
-9923
2685
1676
6869
-3699
-708
6241
-8025
-8958
766
3146
-7255
4387
-5446
2024
6287
2894
4263
5384
-3430
-7444
-5222
-7238
3793
-8770
-4349
6991
-6999
-8567
-4785
4541
7587
-7579
8218
-5352
6592
3335
-3272
-3835
2425
7018
9733
5913
508
-3556
4737
-2243
7855
-9341
-5885
-8021
-8650
5349
450
-6129
5022
-9537
177
-7822
3113
-7845
-8539
5695
-2910
-5954
-6502
800
-694
-4291
6062
-4807
-9454
-1117
3851
-1592
-9166
-6616
-4131
8758
2300
-7705
-6826
-7389
4582
-4802
-1418
-9573
-2052
8998
9586
7925
-4209
6062
-1164
-3949
-3447
3738
6257
-2383
2898
-5996
8160
-9787
-9984
-6946
3622
-1255
4044
5602
4117
3793
8133
-6193
5170
1929
1879
7591
8735
9047
2354
-77
8969
5882
3365
-6575
-5617
-1569
-7572
-7801
5518
6248
-9929
9043
-5609
5334
-3717
2168
-9374
-9389
3371
-1458
2433
6413
-6592
-1396
-4930
8215
5207
-2370
3094
-4105
-1799
1667
1620
2461
-6147
6234
2455
-4744
-8389
-9692
9418
1285
5726
-2282
-8314
761
-55
-7294
-728
-4294
-3823
-8009
-4550
-7974
-5402
4966
7489
4658
-1069
-6907
-5416
3514
3360
-815
4257
-7899
235
4446
-5405
-2608
-9093
2993
-5852
-4521
200
3040
279
-3443
-6388
8309
-6300
-6546
-1685
-3097
1817
8308
-808
8108
9751
4813
4294
5180
7853
4571
-6835
9091
5277
-963
-9598
-1523
1929
8261
8962
-9527
9629
4808
-4538
-3878
435
5384
-2821
8558
-4266
795
7762
7626
-2294
-1562
745
9314
6942
-3168
-3526
-2923
244
-8280
-6648
2370
6499
-3496
6528
-5190
-4792
2154
-5606
-2743
-606
9792
3626
-9308
4093
5473
-208
-124
-87
4151
4219
5131
-7317
3378
-3435
3018
-4393
-2854
2811
-7506
8601
-489
-5168
-4596
-9341
9497
7188
-9762
-5247
-1505
3833
-9051
6462
7859
9533
-7502
-6064
-551
-2370
-2995
6149
-8358
3361
-2102
-5936
8348
1261
297
-8400
6753
7428
9844
9744
3567
7955
-5769
905
-4311
-7092
7369
-7961
8978
1382
-6201
4919
-2494
-2025
405
-2350
-4061
5629
3887
8526
781
1696
4689
4286
6136
-2164
-5112
-3935
2550
6635
-8465
-8649
-4717
-5746
-5060
-9711
-3925
1445
3591
8850
-8101
8778
548
-3882
-5777
-4737
6854
8073
8929
-8408
8264
456
2852
941
-9257
4235
-7695
-1823
-5899
8778
7984
8511
-3284
-1181
2999
-9004
-3862
7226
3139
3007
-5921
9132
-61
-7695
-7090
-6440
-4098
7238
-8504
-218
3647
-5814
-1249
1490
-91
-6003
-755
-9977
212
-871
-1561
-2110
-6225
-782
8871
-1579
-5353
-6826
-8776
-4771
-3579
4341
-8227
-8541
660
5652
7464
-5481
-5234
-1007
2911
9625
8590
1497
9810
864
9929
9169
-2939
-436
7245
8226
-9809
4137
5062
4128
8392
3093
-3843
-8388
-2379
1013
-9938
-2252
5604
-2111
-4135
-554
4093
-9383
-238
-1656
-346
8773
-7975
-8190
-2636
5588
9156
7479
3176
8094
-3485
-6460
-892
-1129
149
-6607
-4942
-6024
8264
977
-1754
2323
8435
4085
-7167
1588
4557
-3560
5417
-1409
-9381
2528
-6813
897
6157
1015
-4382
9017
7305
3368
-3585
-8001
3868
8911
4192
1328
600
5071
2047
1397
-7531
-6659
-1994
-6815
2903
7864
4495
-4442
-6382
-1376
3428
-5151
-5982
-2332
8188
-9802
6640
4529
8102
9584
4423
-2125
-4905
9359
-1075
3555
1236
2829
2011
7302
3114
3604
-2951
-4142
6806
-5257
4761
8828
-6295
3648
4226
1773
8506
-2075
6923
-2409
705
-1410
-4302
8518
-7118
3773
3336
-9275
-1306
2825
9647
5455
-6321
-4566
6118
2224
7616
329
2868
-7883
8589
-1888
-6098
1510
5730
2705
-6496
-3164
8306
-5085
-700
-7825
-895
7031
-347
9014
6034
5278
7708
-8193
8702
6214
7695
-7833
903
1444
4199
3639
2226
-7115
-8754
2444
-5873
9560
8549
-6235
-1094
361
409
5375
-1383
-1671
3034
8130
-826
8052
-8302
337
5508
9779
1286
-8381
2012
141
-7448
-6618
-3097
-9548
-7775
6874
3433
-7718
2228
5312
759
-3515
-4561
-512
9992
-4882
-4794
-1669
-1937
-6950
-8740
-8962
-2171
-6130
-9181
-8675
248
-2917
-4117
1598
-3716
-7660
-6502
-5162
-3989
-8737
-6297
-1874
-4441
5796
-6233
601
5305
2855
3920
3738
7059
5891
-5065
5426
7402
8045
4883
8151
1065
-8611
2072
-9830
-207
-3783
-4695
8998
4474
-177
-5371
3667
2921
9782
-3456
-5037
-522
-8540
4397
8006
-4356
3075
5648
-1756
-1839
4163
2223
-6680
-7233
5617
-6564
4669
-6678
4454
9335
4463
4054
1665
-3513
1366
-5364
-7053
2088
3477
6085
-2302
-5206
808
8175
-850
8458
-9302
-6723
5519
6308
296
4099
3256
6014
-3802
-2002
6895
8959
-7262
127
6451
-2081
136
-9251
-6316
5475
3262
-3295
-9073
1000
-3438
-4496
4197
2771
1098
9061
-1548
9376
46
-8493
-7517
1444
-276
1173
-6013
-1211
78
-361
5718
5050
-7964
-179
6140
4287
6477
-3506
-579
-6224
-1771
6795
2467
3658
-7557
-4051
-5437
1665
-2718
-2520
4002
4419
7775
-8919
-8287
6796
9535
4622
7731
-887
-8797
1992
-8024
-3458
8714
10000
-7182
2259
-9185
7634
3862
-532
-3146
-3603
-7385
-3084
8088
-9851
-1281
-5323
-3626
-6288
5436
3596
-2517
-3195
6225
3954
4259
-7678
-3635
-9360
-8664
-2095
8788
-4883
-5134
2748
-8248
4083
-8884
-1598
-2890
9013
-7155
-3791
4607
-9552
-7
-1453
-6519
3434
-9477
7315
5643
1216
-2509
-1498
4881
-1211
1584
-3576
-2470
-8934
8543
7364
-9535
770
-8917
8152
2902
-2806
836
2340
1176
-6907
1550
3761
3702
-6746
2499
1610
6881
-5055
6850
6730
-2031
8335
4960
7461
2669
-1398
-1999
-1030
2014
-9996
-361
1890
-8893
3451
-4710
3461
-2743
4094
7903
-2985
83
-5722
979
4905
8277
537
1186
5264
4675
-7928
-4912
4260
-5820
-659
900
310
-6590
-8928
4124
77
5919
-4448
-9715
-3894
-6206
-1476
-1972
-1846
3510
1420
1535
-6776
2637
-6889
-1299
-3384
3069
382
9272
-451
-4117
-7355
5177
-3443
9503
-3515
1167
7164
-3657
-151
8145
4568
1485
4317
-6071
-7185
-1394
-8531
5047
-6598
2435
1782
-3971
-7093
-6112
-9245
7255
-8240
6353
-5493
-7459
7186
-5148
2837
1082
-6194
83
-2922
8660
6394
-548
-3696
-2273
871
-5386
7712
4119
-8426
-4928
8468
-6824
-9000
3199
-5777
7523
2226
3626
7090
6392
1212
5654
1214
6319
-2933
8966
5811
6603
4089
-367
-4935
-8990
4312
6061
8782
-7568
-8143
-4843
-5043
-34
-7880
4649
-8635
2294
-5622
5948
-8301
1007
7855
-4797
9863
-7917
-7212
5240
-7749
435
-3503
-101
-5944
-5722
2263
5440
630
-598
-7609
-4054
7704
3124
-120
6799
4473
8873
4523
3442
7193
-8997
9426
3351
2454
3042
-5668
-5405
-3064
4963
211
-212
8961
5100
3161
5558
8989
-7870
-8604
3656
1607
-7264
1201
-9471
-5219
2888
-8312
-9586
-2579
402
-7237
1150
-6936
4145
4519
-8197
4651
3686
-965
3335
-5185
4203
3764
-3340
-9318
-9306
5708
-7541
-3710
-1973
-211
2583
4557
-3864
-3390
8862
6864
79
7251
-3785
-4347
-2406
4408
-1395
-4246
2078
-3702
339
-9964
1140
6110
2558
-3978
3528
7120
-9056
4742
421
-3460
-6059
6225
9378
769
-1417
-4611
-1207
8013
1393
2954
5139
-7359
-1200
-7862
-7233
-4040
-2374
9369
-7899
-3462
2513
8388
-790
9314
524
95
-2766
-4823
-3738
-1900
7329
-4002
8248
-4897
5569
-257
-3249
-9433
-602
4330
182
4555
-8696
7585
6527
-4307
6739
9443
2914
-9458
-627
-7109
3998
-4968
-7401
-8011
5904
6327
1772
9228
3248
3646
3890
-4776
-8522
5404
1096
-8656
-5007
-1672
-2425
8963
3702
811
-1516
-9647
1590
-3630
-2940
-8553
-7849
659
6219
-3716
-5243
-2979
2818
-8125
1657
-4964
-1410
-379
4192
-3145
-4903
2337
-3540
-9737
8176
-9126
-5298
-4230
-9441
6368
-6912
-6984
-185
-7305
2859
7791
-3099
-7324
-1718
4020
2379
-2362
-4388
7654
7224
-6726
-3704
-8236
-2197
-1204
2669
-3684
682
6136
-4365
-5551
-4821
2142
-5792
-6749
-3546
-3301
5792
6619
-7461
-6254
8385
-4123
9252
4702
9467
742
1831
6953
-137
1124
-9862
4518
5514
-6040
1546
1955
6833
-9044
6719
-9306
-5126
9970
298
4911
-9819
-9639
8803
-2121
-8346
8263
-6219
9170
7688
-3539
419
-3779
676
-3381
3676
-4294
6611
9570
-1454
-3256
4155
5037
-500
2885
-1936
-1863
7557
407
3590
-8606
-3802
-3537
-1322
2814
4776
5175
2359
-4419
-9929
699
95
8106
8773
-2051
-4231
8449
-3455
-2016
-6802
7259
-1041
8593
1023
-7468
4587
1666
9369
8939
-2982
-8068
-8459
-8740
-9037
4839
-3202
6701
2594
2178
-5154
-5553
7660
3097
5214
8785
8973
-9425
4836
2842
-2190
-2293
-735
7990
2929
-3173
921
9914
3295
1952
1807
-9699
4500
1911
-1501
7066
6380
4842
4747
8889
399
6627
2326
-8425
5486
-729
3661
1263
-7660
2910
3828
-2024
7974
6456
-6324
7518
-2964
3328
6095
-5814
209
-1131
-5065
2821
-8363
-7073
350
-7741
1599
7892
733
-3678
2953
9880
-5211
-8978
7945
4571
7508
5117
-6324
-2115
-715
2408
-7218
-7216
4924
-5984
4783
1094
-7231
236
7421
5315
9408
9151
8643
1135
4147
7767
-7296
1105
-4731
2509
-8315
-4546
-5203
7166
4131
6422
6558
462
5978
-7900
-9097
347
4619
4671
-8250
-9291
798
-8539
3699
-9669
-191
-5079
-7992
-7821
-1601
-591
1889
-892
-6420
8623
9582
-7246
2811
9295
2581
9980
9842
335
6958
-2110
-5936
2626
6773
572
-6239
-9234
-8443
4045
4091
-3774
-9702
7191
-8544
-7156
-1606
-4559
-8818
1369
-6949
-261
-3120
-959
239
8035
-1513
6153
-1787
4502
4723
-5839
4671
-3995
-17
-1822
-1809
-9195
-9749
5895
-41
-3905
-1530
6604
548
5351
-2360
-600
4836
-3308
-1998
-1238
-5747
-7392
3443
1176
4570
-2221
-1968
-1601
5405
3616
831
6754
4157
-5201
-5567
1135
5432
5821
4790
-3192
-4154
8702
708
-8326
-715
-5497
9415
-2900
-3059
2882
-7755
7433
59
4640
1456
6416
569
-3048
8329
3102
-8316
-7573
-3098
-2078
9750
-4283
207
-4074
5251
-5086
-5078
-8563
-9195
3003
-7388
7846
7635
2024
-4671
1505
-6449
5131
-144
-6124
8881
1825
2823
-7227
4853
9899
642
5998
-9032
-3442
-9523
-3497
2671
-6153
-7977
7284
7304
2851
8850
3208
-93
-1133
-4076
8861
-7221
-1066
-1303
-6615
193
592
-6954
-5097
4298
-2593
-8362
-2172
3996
-5122
4792
-3056
5465
-1977
1251
-6996
-7967
-9882
-6910
-3938
-5977
4317
-1112
-2921
2564
-845
6279
3859
-5560
6978
-3897
-7468
-8733
-666
-8564
-2863
-765
-8430
1873
-8649
3973
9434
3253
5740
6745
-6915
7116
-8895
5246
-2726
-5489
7797
2455
7097
-5204
4637
-241
1453
-4917
-6205
1502
4245
7243
3131
7888
2866
789
-7874
-9007
9551
4356
3936
1007
-9801
3728
-2137
1914
130
-6821
-3248
9799
-4841
-6461
-8993
1275
-6513
4645
2081
-5291
-8638
-4256
2696
-7515
913
150
-4548
-3969
-4553
9142
-38
-6770
-6983
1955
2644
6435
-9038
1187
5665
-1483
1429
8876
1938
7717
-4814
-5575
-4606
1170
-2830
-3217
3138
-386
6715
2873
-6854
-7088
7895
4626
5479
-5141
-152
-491
-2091
4995
-5357
4215
2339
8353
-2715
7303
-4134
-323
-4581
8828
-257
-9830
-1643
-3391
-8566
1334
3646
-6042
2014
6991
1287
-9263
6120
-5874
-5530
4933
3633
-3772
8659
5658
1306
-5867
-1094
6299
-962
5512
4744
9429
-2338
8873
9462
9282
-5206
9080
5946
-8563
1799
9469
5954
-5341
-8966
-9430
113
-633
-7079
-1212
-5892
3584
428
-27
6503
2540
4088
521
-6838
-7016
5417
-2454
6466
9662
3987
-7349
-766
21
-5194
-2448
1413
-4583
5468
-1413
7601
-7298
1771
-9974
-2557
-8612
1541
-9595
-5854
6869
-3753
-7772
-3006
4967
-2450
9681
-3558
2192
-5812
-3222
-5121
-7057
483
-6401
8014
-9197
-6427
-2509
9541
-7090
-5053
4873
5483
-7259
-5958
-9179
-1906
285
5016
5731
-4908
-5575
-4412
-8613
-1997
-5711
1566
-8486
-8621
-1135
-8847
-1262
-139
9792
6814
5571
9634
-1151
4813
3854
7378
-3969
-8447
9210
1731
2999
-3842
8731
-9213
1118
9966
5013
-1162
246
2360
-9547
3276
891
-4738
-9221
9526
-792
9691
-4162
-5556
-6312
-483
-6288
-6369
-6995
-2427
-1199
4718
-841
-754
1514
1492
7919
546
5780
-4097
-9993
-3031
-3791
-1872
-3134
2111
2341
9613
-4796
6104
8028
3326
-5637
8530
-2394
8330
-4844
6128
9731
8169
-7482
-1964
-9592
-712
-7566
2912
-8636
-5366
3983
-3473
-2128
-65
-439
-7398
5317
9873
4520
-3385
-8385
-6542
8089
-384
-2774
3170
-6381
-8432
-7974
-9996
-217
5109
9177
-1145
4142
-2681
-4137
-7917
6187
1011
-9481
-2371
6929
2392
9610
-2972
9106
-2938
-8767
-6229
1504
6534
2360
8280
7051
4218
2365
-70
-2556
-3276
6237
-7899
-1267
-5319
8131
8375
6727
-8199
-2523
-1223
7799
4382
-7349
-3928
-4720
-592
-7823
-4185
-2328
8161
-6493
6902
-7926
-9958
-3844
-4708
-4492
8676
1783
2611
-442
-158
-6905
7859
5105
-6446
4053
-3316
6125
-7731
-3473
-8739
2456
-6754
-887
9066
-4244
-1565
6558
-241
8552
-5477
3603
-6929
1664
7429
-9124
5577
-2748
1087
-3703
-9588
7730
-1837
-5390
-1659
1722
-502
7661
7932
-3312
4069
4936
6282
5476
-6856
6611
4468
-9969
-5283
4956
-9102
-3606
-8007
2824
1004
-6003
7228
-921
8742
4670
5445
2937
4772
7359
7547
1296
-5413
-4810
1756
-6945
6717
-203
-5551
-174
3133
-6874
5525
3465
2717
4468
-6680
4415
-9007
-4071
8964
-5402
-3655
3350
3270
-553
-8331
-4236
-240
3849
9728
3331
8375
-3947
486
-6689
1751
-3641
-9209
-6510
8806
2937
-322
1704
3638
9586
-3678
-6607
-4297
-6382
2977
-1737
843
-2129
9035
-3789
-5157
9545
-3879
1051
-6069
6100
-7237
6197
-5455
-4203
-7447
7967
2978
-7476
5955
-9675
-6265
5762
7599
-8247
-9091
698
1264
-149
-2761
-7352
922
7894
-1049
5696
-8704
9789
-507
3506
9384
-3409
-8091
7004
7124
1088
-3530
-7988
-3853
-2847
-1612
2389
-5856
6622
9755
-2181
9209
2568
-6658
-6598
-1805
6675
-9159
1925
-9656
-3179
1407
6439
887
8921
-1403
-6051
8145
-7810
7950
-4029
6195
-9235
844
-6719
-6653
-7536
-6191
-5506
1404
3407
5213
-355
525
1352
8202
1072
-7747
-2958
8893
8769
5156
5288
-843
-7051
7877
5086
-857
8930
4793
8909
712
-8544
-5984
-4627
9134
2459
1406
-1603
-5652
-7238
352
-8847
-1067
6411
8515
323
-2589
-4098
-8316
6999
-3246
6894
7796
3644
-508
-548
-6336
6771
-9013
-1937
-9096
6382
-4669
-191
4312
6283
-1715
5914
-1075
-1565
-7568
9690
-2921
-5322
-3067
-7201
2057
1389
1805
-2617
-3818
-7237
-3159
5709
8029
5534
-2223
-6696
-1547
4338
8156
-8368
-8811
305
-5207
-9541
1657
-2541
1323
-5818
3388
3511
543
9908
7957
-6826
-1958
-4561
9175
1683
-839
1534
2833
-3479
2325
-1354
-7799
-4850
-2332
7682
6522
1001
-2206
13
6054
-1310
6068
887
-4522
-551
-8130
-992
-2785
5470
766
4373
-6401
-3336
2253
-3979
9501
-4583
-5466
4890
7066
-179
-9074
-2529
4908
5549
-3920
4650
3392
-3072
-3994
4132
-5199
-7588
2529
-2696
2461
2506
-6337
2111
2229
633
7346
-1340
-411
-865
9517
782
-4697
7817
-7599
4153
-624
1070
1036
-7101
3753
4904
6693
-7322
2309
9731
867
-2736
8441
-7387
9580
-4756
-5011
5633
9810
6023
2036
-297
414
-542
-8994
-5523
1385
4086
7377
-8806
-5303
-1919
8460
-4772
-636
-3567
8397
8977
8310
6428
6022
-292
-160
-3831
-489
-7046
-4302
8253
-8972
-9021
-4239
2240
974
-8017
2698
9586
7262
-4304
-2342
629
9118
-185
-401
-7111
-6933
2903
1779
-2617
898
-3836
1700
1462
-4420
8187
6900
-3997
-6158
-4121
-8308
-2806
2064
-1053
-4673
-4149
-2341
1065
-5475
8129
-3162
-5948
-275
-7640
-3971
157
2984
-6412
-8885
-9872
-6836
-9273
1211
6305
-8459
-1804
-8975
2833
-6184
8803
1460
4739
3224
-1719
-5658
-6408
1989
5334
-3261
-1914
-7278
9758
1359
4990
-6415
6534
-1522
-9328
7670
6180
-648
1243
-2925
6072
7132
-1929
567
-2246
-290
8534
3076
-2763
-297
3086
177
-976
1619
-126
1828
-2397
6680
30
-8190
-9241
4742
-6505
-1100
-3630
-3197
1644
-3462
140
1787
6022
-7302
2319
5895
1444
-1904
4013
3754
1164
3797
2166
-2202
-9362
1812
1288
2246
-435
-4595
-4498
253
-2733
2463
-9091
7187
3078
-4833
-2748
-2867
-7060
-8793
569
-4816
-3416
4017
-4739
-3432
-7296
8375
2576
4228
-5456
-3366
-7885
3551
-5834
9646
-9559
-353
-4076
1026
7341
7794
5595
-4812
8688
-8290
7080
-6082
3670
-8483
7903
6514
2272
-8413
3867
9439
-4223
289
9399
-4505
1857
-7773
-8127
7796
-3537
-6934
63
1775
-9042
1320
-192
-1523
8221
-8552
5044
-8960
-4586
-3229
7110
2794
-6435
8509
-5708
1987
8701
4028
-6078
-9464
-6744
-1654
191
-7531
1227
-488
-1588
8392
6510
-4902
4781
1771
9322
-2433
9873
1195
-6317
1752
-6479
9060
-9720
-2846
1405
4714
-2707
9836
-2743
-462
-3255
7600
857
8287
-1350
-8074
-5423
5525
-7257
-2654
6275
-2891
-6571
-8255
-362
6335
-6788
-3177
-9435
-8669
1639
2872
-7303
-8580
-8017
5584
2753
-2233
3891
-7241
-5573
-2823
4962
-2988
-6401
-4989
-109
9008
-127
-9788
8076
7012
9605
-2939
-4000
6334
-9243
-2230
8898
-8553
88
-4853
-3173
-198
6420
3724
-8950
-3367
1157
-8917
-5612
-2102
1484
-4971
-84
2465
-2304
8928
-2841
5061
-192
-4896
5869
719
6335
3511
346
948
6892
-4853
-7856
1257
9122
2280
-9189
6649
2166
-6696
-8243
1915
-9579
-1006
-6778
8893
-1307
-6210
5911
4301
-5104
-675
9514
-8608
-1678
-9480
-5513
-7306
6873
-9929
5656
-4232
-9372
4994
5167
2004
-9286
-7854
-4634
2111
-267
-5362
-803
-1241
1358
-7741
-6145
-7199
-9464
8056
2757
2817
-4324
-4105
4182
815
7809
-84
3152
1535
-4361
-4284
7011
-3747
-2188
7073
-3081
7783
-6899
8124
-7828
-4831
-2135
5534
3782
-852
9140
6268
6963
772
3403
-4819
1837
6509
-4367
-629
778
-3181
1623
-4452
2226
431
4594
-721
-9100
-5561
7565
5111
7069
-9482
-315
-8658
7184
-8203
1760
-1222
-4207
2457
7701
5417
2412
-8781
6791
-6011
-8411
9508
6416
-9578
6115
3314
-9296
-7288
1326
906
635
6130
4606
-8888
2398
-4730
-6883
-2266
6062
-6680
-1098
5255
628
-129
-4
7667
-1204
9430
-3017
4359
-8811
-2684
-5387
3695
-8134
-8701
-9677
-9284
-451
3828
-8785
-8010
-6967
-724
-3649
-6369
-8655
4236
3071
293
9386
-6449
-904
3038
972
6549
199
6027
7830
1857
-3101
-9844
5154
8509
-6706
7416
3080
1025
1392
-1736
358
550
-4665
-5856
-4906
7585
1897
-2721
-5538
7483
-350
1257
-5884
35
-87
4780
9903
3915
7328
3616
7573
-3776
-9159
6528
-4665
6723
-3016
2439
1180
2235
7138
9228
4276
218
-9163
9632
-2739
8004
4280
-6878
-6895
8567
-6626
1166
7548
-4389
-2733
-3834
-6826
6457
-784
4330
3707
-309
8813
9228
3947
-529
-2109
-2381
-2571
6384
-8071
6668
-8456
3788
-8640
3556
-1752
5681
1961
-6942
4095
-8067
-788
3977
8005
-9810
-6831
-1106
300
-5718
9290
3469
9203
7815
-9483
3280
-3696
-9525
9322
2132
8839
3600
-5968
-2926
9351
2433
-8649
-9121
-2266
-539
-2174
8511
-755
-1216
-1848
-5013
7227
-8787
2306
3240
-1905
-4357
-3037
5342
-5251
3199
1950
-8126
-3263
-2509
8673
3426
7334
6994
7338
-9992
2134
2669
-6486
-8015
935
1393
3014
5217
749
1889
-570
-3009
-6445
-1482
1846
1780
1901
-4910
6069
1440
-831
2808
-4753
7164
7671
9794
-297
-6312
9972
8805
1876
-727
2844
-4693
3212
7418
-8620
-7050
-9251
-3924
-538
-9947
4320
16
794
5457
-6887
-9083
9721
-2456
-7412
9683
4593
-5394
4236
6506
-1793
3039
-401
1617
-9676
6682
-7820
-4788
-246
-9449
2619
3362
-6366
3919
-1921
8305
5989
2132
-6868
9486
-1368
3749
-9516
-2753
4220
-1594
-1911
4059
9776
9648
-8807
-216
5095
8291
-5396
-5034
-1966
9320
5102
-7524
9934
1674
-1801
9128
9152
304
-1630
2348
-7446
6851
2054
-5383
-6978
3655
-442
6734
3858
418
6645
-2027
1143
-3293
-9993
2907
-3087
-618
-4139
4229
4635
6262
-2032
6840
1172
-1358
5569
262
-4121
6216
7120
-1855
1234
-1100
-3206
-6679
-5551
138
4025
-147
9161
-4156
4529
-4630
-8349
2517
-6105
-1694
-9816
-6205
1555
-443
7761
7758
-3832
-3895
-2568
-9964
-1666
8977
-6432
-4953
7868
-8037
1360
-7651
6208
-9160
5752
-8767
-3713
740
-9608
-107
-7005
2439
3299
2308
7166
-7209
2805
-678
-1829
-6587
-1723
9833
-7728
1448
-6620
5713
-5040
189
-4516
3512
-976
9029
8016
-3626
4592
-5342
2054
6259
-5374
3520
-4323
-1816
-4999
-7520
6879
-162
-3621
-5768
6773
-7821
6556
-8232
-6790
4861
-2978
-2943
-7541
5348
-4871
-242
-475
-7755
-8965
2685
-5520
-5965
-3640
-4865
3907
8026
-2214
3538
9763
3941
1651
319
-9616
5369
5372
4851
-640
6799
1431
-6164
-800
-6498
-9309
8018
1897
2703
-7420
5036
-6445
3765
-2430
-1333
3617
-8875
-2694
7996
-3739
-8543
-5430
-4660
7820
2604
2601
7054
4546
-9880
-2874
-7177
2624
-6178
-9664
5090
8046
7084
8670
4166
6999
9222
-8721
-2590
-8140
4431
-9430
6739
-7914
-1276
-4678
-4213
5380
4842
-4060
-2206
-5511
1585
6878
-6034
-3933
-8018
6360
180
-5105
6750
6565
9254
-1218
6401
-7816
7183
9008
-1779
7502
-5408
-5596
1532
-4453
5591
980
-3619
-6007
7586
247
2137
-5978
559
4604
3919
-1024
-8065
46
-9007
-624
-2029
8548
-9022
-3566
5316
8761
-5838
-8626
6342
-8056
1627
-2943
3383
3243
939
-6864
7868
6659
-8158
-8489
8970
-3218
8927
9257
-9828
-160
313
-283
-3435
846
2171
-1469
4553
4364
1119
-5186
3007
7150
-5049
220
7906
421
6572
-8913
-9240
-4769
5038
-551
-2631
7605
7673
3161
-4420
-7548
1346
2357
82
7896
-8286
-9026
145
9596
-8775
-8038
-9723
-9455
-9971
672
-5669
-7356
-4810
2333
441
-7557
-8432
5035
8910
834
-1892
-1568
7026
826
7926
-1798
-1253
-4505
-4115
2121
-4177
-3804
3268
2235
-1901
-5518
-6487
5390
7285
5747
7603
-9403
4406
6795
-4558
-6993
-9600
6336
7975
-6494
-5268
-7307
3488
9798
6988
7014
-5105
9603
-8904
-7356
7420
8351
3910
2421
4716
8584
2040
-4211
2223
225
626
-9192
1679
6930
9997
4649
3243
6787
-9286
5718
3657
3567
-7610
9394
-9856
4344
3452
2856
-7103
1737
6337
-6179
327
-1430
-6075
-9220
19
-1010
4721
770
-6509
-6803
-9312
2170
5900
350
1945
-5427
5654
5705
8587
-2709
380
5175
9968
8124
-3097
-3234
-7530
-9735
7451
409
-1136
7366
-7345
-3805
9620
5482
5532
4298
-8020
-4585
5140
-1478
-8056
2875
-7927
656
4357
3072
-9585
-4640
2944
-9298
-1625
-313
-8960
-1155
9731
-4951
-966
4725
-4589
1074
4424
4365
-8160
-9855
279
-9622
-1646
-3333
-1173
-7736
-8259
7719
-2022
-1540
3966
8392
5044
6815
-3450
5234
1296
-8809
-5720
198
-4630
9351
-1469
-5758
-8660
5933
9568
-8160
2
-357
8984
2186
5249
6507
4803
-1793
-6439
2286
2599
1860
8260
2616
3347
-273
1949
-3908
3223
3323
8522
-1644
843
4405
-6674
6417
225
5376
5616
-3472
-1991
-6700
-1192
1755
-2147
-1148
-6941
-3347
-6886
18
-4191
-2349
-4592
1353
7510
5765
-1189
5799
1844
-354
5725
7286
3347
-1784
-4410
5419
-7344
-4863
-686
1213
-9004
4784
1321
-1696
-4327
-1011
-3801
-4368
6599
4529
-8122
1513
-3976
-9274
3350
6343
-2578
-6921
-6662
4140
-173
3847
-3264
-6497
-4471
-2472
-561
-8686
-9014
-3455
-9645
-6195
-8165
5429
-195
-3507
6584
-4275
-345
2863
9896
-4558
751
1025
5529
-4791
-681
4268
-9474
-5858
7905
-6196
-6836
-7230
4578
-3208
8829
4731
2421
-184
-2985
-8966
-7107
-4298
-6781
-9636
2034
-9358
5836
-5377
-4412
-6196
-7572
-6101
-1020
4687
197
-326
3320
-1589
1269
-4747
-405
8049
-1301
1407
7359
-5236
-590
-4004
-7211
3846
2250
-4091
4941
2040
-2777
7125
-1574
-7209
9689
-3935
-1297
-5099
-5591
2501
4034
5816
2685
8043
8305
-8273
-4622
2622
-3845
9850
-3516
-9080
-3172
-4751
5476
7260
9032
-3327
5141
7898
2902
1392
-1593
-3896
7212
387
-7792
-7835
7901
1332
4403
4998
1522
3622
8998
9546
1841
-9683
1356
-7684
6690
7254
4810
3445
5396
8452
-8877
7126
9062
4416
6708
-9415
7121
-2809
-8479
4393
8300
-4662
-3096
-739
-1734
-7977
-1500
1646
7027
-6288
-8637
-6644
9860
2523
5269
54
8988
9873
9614
2938
-3818
-2407
-9389
6537
5220
-336
-8402
-9287
1289
1549
-4503
2619
7747
-5571
4821
4990
6379
-1226
8696
-2369
5445
-8137
5936
7070
8061
-4254
-1026
193
-857
7089
7476
5364
7316
9068
-4198
6591
7251
-4368
9768
-2196
-9764
6979
-3426
6682
-4628
-1793
4051
-775
-3327
2861
5511
-1193
4445
5255
-1165
-699
3671
1165
-8003
4409
4499
8191
6420
9515
641
-4647
-8489
-7584
-9890
-1888
3457
6189
5866
-3172
8925
1726
-8169
-8182
1469
-1846
-3821
-408
1467
8605
-7759
8337
-3664
-7234
5783
-9261
-4814
1348
5378
3906
5544
-7647
-2657
3921
9997
3528
6303
6954
6333
5360
965
6826
-7105
3411
1430
-4006
9634
-7079
-8071
-8766
-394
-5249
-385
-6522
-4858
901
6016
9936
-7318
-1153
-6645
6023
740
-4538
-4679
8704
6580
-5300
6640
-3738
8427
8157
3680
-9674
3854
809
-6703
-3783
5057
1287
-3573
-5567
-3129
-7316
-9547
-3574
-3035
6752
-5257
-1654
5038
382
-7041
9875
6079
6804
7243
1012
5390
-6083
5105
-2934
4162
-1913
-1141
-1503
-1647
925
-8982
6572
-6911
-9294
2657
-7194
-7230
-2272
-337
5884
-6404
4734
345
9326
-8591
-7352
3359
-8552
1590
6400
1257
9577
-6226
2727
-7347
-6872
-9343
3362
-4674
-6851
1387
-7100
-8889
3314
3993
-5752
2814
-5442
-9784
4530
-672
-4567
1575
-8441
7351
2296
5597
-9939
-2935
-7964
-5306
1639
8583
6029
-6116
-4765
-4046
6706
7403
-6651
6199
-565
4969
3965
-9159
617
7211
-962
6362
2459
-228
-52
-211
6104
-7731
-8027
4110
-8018
1045
7766
8860
3378
4848
5968
952
-4622
-6173
461
8883
8061
1422
4594
-9351
-3963
9854
5189
39
-9074
9807
-6019
198
-6471
3846
-6927
2413
-9038
4695
6717
-272
3488
4841
-881
7600
-6707
-6595
8482
-3201
9653
-2286
-4647
-6698
5767
-4493
3735
1522
-9138
563
4651
-1680
3997
-8803
8097
7426
270
6743
-8878
8323
-2493
9347
4607
4174
-2042
5630
7873
-1213
7049
3746
102
-9732
4513
4088
-5587
4708
-8780
8287
3737
-7398
5455
-1902
8598
-1340
-2090
-3607
-3244
214
1309
7138
-5076
6756
-5239
4400
-1980
8379
-762
7687
9308
-1082
6777
-8797
4010
-8151
9466
4321
-4787
-2537
795
233
7281
4976
4202
5280
899
736
5436
82
8357
5420
-2727
7891
8191
-2934
1461
1068
3008
9032
8950
-1422
2413
4576
3861
-9498
3857
3056
-4747
9785
3305
-5745
9010
-3304
2624
8415
7636
4150
9250
44
-9343
3413
-7587
-3361
-4031
-52
1478
5152
-6133
2986
-1268
-1226
781
7995
-5909
7355
5805
-6197
6690
5697
5668
-686
6721
5332
767
-1061
6897
6510
7626
8802
7857
4654
-2172
2046
-1612
6283
1979
-856
-8360
7938
5778
-589
-6943
1407
9088
-8226
4374
8197
4351
6898
-6563
2393
5193
217
-7188
2283
-6163
-8722
5676
-703
5523
-2660
-9323
1214
7389
-2420
-4720
5605
3732
1603
-2324
-55
-9967
8974
-6010
-3161
-6212
-4531
8126
7896
-4869
-8510
-1292
60
-5639
-4868
2903
-8645
686
-8459
2043
-2875
-7777
-7269
-1221
6613
9298
-9706
3724
-2248
3551
5267
6917
8764
-7753
-8408
5896
9672
7710
-2349
-6655
-432
8182
9058
-603
-945
320
-5127
3801
-6926
6596
-3156
-8124
7511
-4358
-3813
3964
6772
-5438
349
418
-1898
-7404
-3706
6024
-7515
3922
-9908
9715
-366
-232
3470
-5070
-7909
5512
-7560
-9267
2068
4117
-9955
6035
-2401
-8731
-4657
5104
8903
7119
-8281
6571
-2447
4409
-9724
1407
9192
4649
239
-6290
-7614
5403
-8399
2221
5269
4077
-1155
-3307
4451
-4347
-9264
-6097
5605
3165
8415
-8237
294
-6044
4468
-1990
-876
5391
3264
5359
4066
-8334
-6925
1473
5700
8003
-1880
-7825
-96
3379
-7910
5453
-1272
6482
-4316
-7477
1685
-2081
4807
-4884
9729
-3230
8531
-8929
2497
-4060
3126
-7622
9814
-326
-1766
2787
-3177
1020
9539
860
-9126
-3785
-3919
2682
6751
6820
9414
-7681
9616
-5053
-5204
5382
1947
-3916
7522
6377
-2073
-4873
-9836
2269
6721
-2497
8086
5593
-7240
-5944
-6272
-1524
6430
6748
-3584
-2103
4723
-6694
5562
-2449
5773
-5354
9724
-8538
-2999
7938
2181
9856
6785
4889
2724
-1550
-7973
862
-4106
-9421
8548
-8011
9371
3953
7923
-6357
-4422
-308
-6650
6092
7863
8236
3702
-5983
6643
-5921
-340
-4409
246
-705
3424
3409
994
-6500
-1209
4861
8474
9113
-5210
2865
8770
-7004
7481
-8600
-877
-5628
-1221
4065
-462
111
-3804
-3134
-3273
-3941
1176
1860
-3936
-955
5187
-2070
-5632
4708
2471
-1892
8837
-5816
-5466
5783
-7990
8592
8403
7279
-6831
8900
-3245
8175
-6758
2102
-7571
-4445
-5916
-9982
-9120
-998
-8169
-2809
-7942
-784
3767
5874
-7127
-9194
-7458
-1084
5320
-4695
-1758
-7576
-1291
9740
-8058
-4393
-6771
-7913
-7340
8811
3669
310
-2924
-8611
-7352
-765
-8233
-7737
-3936
2837
9877
3716
2263
9078
-9893
-2357
-7129
9136
1269
5161
7188
7393
-6397
8494
8362
7369
-3464
9270
-2463
-7127
7714
-5214
4164
-8750
-4916
-6164
-9821
-6739
4976
-7168
-4222
-6447
2851
-5736
-7297
759
-5290
-1126
-6484
-4568
-7662
2753
4253
-9515
4010
-9240
9315
-1383
5945
-9017
3496
9113
3023
-2351
-4367
-7681
3160
-7875
6782
-7055
-2706
-2001
3170
4176
-7888
-1456
8474
5579
4553
8346
-8773
-7998
-6505
-3225
2976
5365
1003
152
7467
558
-131
-4594
9432
-2054
-9168
214
3226
6481
1391
-1583
-9146
-921
6120
8009
-5048
880
-6129
1423
5930
-5308
-1506
-2093
-2697
5662
-5339
9910
5139
4118
-261
1626
-5604
-5325
3996
-1898
8133
-848
380
-3073
-5236
6939
-6473
-4734
3523
7704
-4728
-2643
-3509
4107
3357
6191
5189
-6096
-1544
-6090
-7184
-3738
-8807
-6697
3707
354
-8178
2821
3559
-1434
4073
-5045
9130
3013
-9984
3967
3819
9314
6152
7893
-7215
3544
696
-5599
7877
-3896
-6517
8837
9323
-5964
-4395
5910
7576
-7861
-3500
-3622
-5247
-9064
-1214
-2583
1631
-1936
-972
4857
-4603
6430
-5505
4232
2990
-2571
8857
5963
-6033
9729
325
-2442
-2297
-6492
469
-4641
-9157
4907
-2136
-2149
-5529
-5567
-978
2274
5773
-1874
-9917
3165
3977
-7124
1111
-8760
786
348
-8315
1411
-7149
8396
-7603
8895
-1906
7324
778
8372
7761
9732
7248
-1741
7161
4547
-8115
-2503
-638
-9264
-4307
-8055
-2345
-7744
7529
7046
-8470
-2911
-8169
-9186
-2191
4277
-3570
-3199
9330
-6126
3584
4327
-874
-9371
8386
-5198
5494
-9106
-1064
9057
-8297
-9684
5482
9865
324
-8007
-3880
9940
-2915
-4603
5967
-9527
5358
9063
-1763
-894
-8196
-8795
2481
9875
6868
6294
-4245
-8482
-365
4796
-1241
5786
5875
-2545
9267
3069
-2067
7716
-9597
3533
-1998
-9016
-8367
-4839
-7779
9741
9198
-4787
-9193
-3781
-950
-6620
-4795
-5709
8524
6391
-4295
7404
-7518
180
3982
4318
-378
-5838
765
-5566
-3604
3585
-3827
-4931
-1502
5956
1659
10000
-2587
-9921
-2778
-3863
-8796
-2169
6048
-5256
-9648
749
9228
-1913
-6694
8384
-2667
-9391
-5905
5485
-5149
-7845
-6276
-389
3314
-3402
-419
4033
-2480
3135
2435
3951
-5383
2327
-8594
5699
502
-8836
-103
1690
4925
-8868
8734
5066
4000
-7651
-8591
1369
-6528
-738
-1196
-2296
9182
3920
-4695
2606
-1813
-2570
4284
6581
-7813
6241
-829
1276
4556
4896
-6728
5304
2901
3453
9411
-358
-3312
-4931
2380
216
-758
-297
6768
-2651
-6292
-6445
-6378
-9024
3699
-7706
-8116
4013
-7670
-2034
-7606
1144
-417
8788
-6611
4579
4536
7912
-2479
6321
2488
-4371
1946
-8929
-7104
-8144
-2368
4362
1935
-8822
-2681
-1904
-4472
4631
4842
-4802
-343
9404
6056
141
-8359
-3445
-501
-1500
6486
9554
-9506
-5312
5048
7310
9522
-2625
-860
-4194
8896
-6586
-4212
-6348
-4741
-626
-3116
3979
6117
-590
7815
-8752
8875
7711
-7851
-6745
6649
-157
-3718
2656
-9081
-6559
-9830
-3740
-7795
2107
8413
-2476
-4944
-3954
-3620
1147
7894
830
-1904
-6959
-6606
2157
650
8378
-6124
2953
1865
391
-5264
307
-1645
8746
-1666
6587
-4811
9436
-8739
1397
-6815
5691
-5203
8877
7285
-6279
-7687
5864
-5602
-4655
790
-2141
-2051
6328
8200
7652
7988
-3688
2525
-1207
-2941
5444
6916
-2031
-6573
-9952
8212
3996
4784
3246
-1935
-2964
-2730
610
4014
1714
9676
-8533
2623
-138
1372
-2401
-4987
5988
991
8474
6301
7788
-840
-6307
6757
-6453
-8789
-355
5888
-5214
-777
453
934
3083
3026
-759
-622
-3756
9733
2205
-68
-4089
4502
503
-1563
8347
9668
-2416
4358
-6025
5104
-7365
9960
3117
5499
3996
8432
-7388
7931
2304
-6528
6426
-8911
-1643
8006
-4976
2596
-2580
5003
9696
-5313
-8227
1887
4776
4893
-7976
-3061
6689
9738
7977
-7488
2773
4089
-5567
-2358
3556
2730
4278
-650
4986
-5981
6418
596
5183
916
6421
8978
-2715
-6803
8321
-6199
7842
43
-8040
-706
-7648
4319
-7466
-8407
8526
4079
-1043
-7826
2182
6636
9332
1952
8425
5970
-6298
7705
9113
-5844
-7053
-6852
-6703
5091
-5064
1347
-7832
7973
-8929
-6129
-1055
-4569
2116
-1857
9441
3614
-8682
9053
6576
-7582
-1381
8742
1276
-8153
812
8649
-867
1366
5694
-1117
-847
-6229
2372
9126
6278
-2249
-6285
-9500
-9077
4006
-2902
190
-4436
-6644
-7303
-685
-5931
-8606
-3629
-6776
-1372
9281
9745
3496
7039
-8016
937
-7425
-6975
-7135
-1362
-8177
104
7954
-2489
-928
3228
1046
-1343
9169
-9195
-2229
3347
-2581
7027
-6798
-5680
-3237
-5843
-738
2583
-5490
8350
3423
7653
4908
3529
387
9848
-7494
-2980
-5473
-3454
-843
-3057
-7018
-7314
4252
-8969
5558
-906
4744
-4285
7385
-5569
-3993
-1965
-6514
-478
-8410
821
3486
7942
-5470
-7036
750
-6549
2815
-5070
-8232
-5879
-1547
-8084
-9478
510
857
-2033
-9654
-7514
-4643
-5826
2566
-3575
1756
8426
-2499
3216
1453
-3649
1050
-2569
-6763
-6451
-3588
208
9061
746
5637
-4770
-8961
-3163
-9123
-8600
5490
-8466
-652
7325
3527
-5308
-9133
-4912
2384
4865
2002
-6486
8548
7495
1064
6426
6892
-5399
2498
-8006
5870
5476
7144
-2103
-4661
6582
8121
-4039
-5810
-2343
-9108
-805
-2744
-2847
-8101
2623
7885
2816
423
-4724
5281
7008
5539
7596
4757
4464
6502
3082
-1203
828
5712
2401
-1226
1294
2830
9929
9016
-9806
-7453
1510
-7589
-7406
1939
-5077
6696
-5415
3564
4084
4313
-9937
4464
773
5061
-5038
9226
4893
3083
-408
5741
-7739
5042
-213
432
-3151
-5037
-8136
-638
-2423
8728
1199
-937
6365
6621
-5722
-1138
-6710
-4152
-7150
-32
2677
-3016
-1092
9870
-7359
-6219
-6459
-2281
4752
5173
-7832
245
-8918
-9411
5036
3373
7879
-2159
9786
-8360
-468
2423
-120
-4932
5488
6657
-9737
-3183
8895
8956
-5466
-6780
-1447
-8574
-9042
-8730
-4769
5636
-9539
6599
6124
-716
-1018
-5672
-310
-5377
-1051
-5451
-8379
7252
-5431
-348
-4979
-9454
3275
9583
6201
-3244
-5434
-8124
-4662
3760
3526
-6402
-6403
-2039
-330
2411
9057
7585
-8983
6580
5265
-6643
5628
6397
6983
6444
1014
-2575
7094
608
-5403
-9864
-4141
5611
-1993
-4846
9563
-4860
7162
-9960
9040
6909
1507
6868
8662
-7374
4538
-1685
1474
8454
6654
-5574
-9901
7424
-9677
-5072
-9519
-5486
-4321
8076
6906
1731
-5034
-3176
2648
6057
-984
3197
7985
-9631
-231
-5598
4077
-5649
-2918
1808
-8742
-7948
9359
4617
-430
-7879
-2675
1713
-3477
7897
-6095
-9672
-2508
8515
7819
8796
-4111
5489
858
4782
-7872
4526
6699
-5570
-806
-2342
-6868
-7838
-5273
-7811
-2644
-9903
-9762
3471
6382
7883
9915
-2991
248
2117
9622
-1837
1023
9660
7728
-6401
-1885
-9370
1317
-7277
4536
-4868
6664
-5223
9179
4369
6488
6309
-3259
3992
5850
-3643
-9168
4732
7249
-2112
-277
-2239
-7784
7805
-9659
-1161
1121
-9294
-8067
-2590
-2969
-1160
-3465
8144
7192
-2536
1258
2833
-9607
-8246
4887
2876
3852
8986
-1435
-6967
2385
5755
6395
-5287
1677
-7365
3278
734
-986
6434
-7675
-8382
8638
-9068
2817
8183
-1035
4325
4252
5918
-1053
-6321
-2140
-569
-2792
279
-9139
-7345
4095
518
-4441
8044
-8628
4841
2802
6027
3679
-4798
-5549
1644
2506
-9879
-3389
7098
-2189
-7740
-9427
3122
-5908
2466
6737
8605
6172
1383
8802
3517
4312
-286
-3679
-9072
1237
4671
9427
-256
-8544
4756
9729
-3340
-23
9459
-3139
5926
3226
7392
1993
-6141
-8284
9323
5401
6341
4800
5389
-716
-1951
-4133
-3554
-2638
3599
-3742
9163
-9775
8776
-825
-1925
-8618
-5057
6285
7847
89
-5263
4217
3442
-8839
6241
5479
9091
-8820
2372
-322
3002
4001
4534
-1224
8350
4317
-4040
9664
8371
1700
9483
-7984
-5122
9163
6774
-3954
2182
1348
-3342
-7482
-9644
-4369
1137
1788
-7772
-1155
9587
-889
5473
4234
3466
9340
6664
7829
-8101
-1210
-936
-5349
-7482
-3287
9979
-1006
507
-8508
7183
-6672
-5438
4631
-9645
3207
1023
3621
-36
-7760
6855
2256
-1667
-6392
9571
3845
-9893
714
2023
-6580
6107
227
-5925
-8902
9215
-7707
8716
-8967
2510
6610
12
6025
8919
-7481
-8389
4589
782
1282
-7659
-2834
2687
6840
-9356
9019
-9626
559
8318
1892
-7746
-1093
5011
7365
-263
-3997
1742
-8136
4815
4136
9073
-8964
-1567
-8209
5569
-4577
7417
7795
-2413
-6970
3924
-8072
1624
-1446
3686
-2981
8753
-9902
-9984
2231
9020
-8778
-5232
2810
-8536
1841
2652
-3209
2997
8941
-9826
8139
1314
6581
-5080
-6437
2408
1468
4014
9148
-2601
5243
-4865
2813
5955
-1055
3318
-8689
-8664
-2155
-8645
-2334
-2296
-8483
5818
4702
9227
-2157
-4424
-6687
3315
-426
259
-2655
-1767
-33
-4081
4896
1518
-9920
6108
-4845
7277
-8467
-4873
-7465
-9062
-8882
-2485
-6357
3834
828
-4033
3554
-6281
-9909
-3125
-9327
4249
7176
6429
3472
-5198
-1692
5159
-4595
-6259
-6320
-8944
586
-9377
1548
2111
7498
-6245
489
6253
3892
-2861
-4644
63
-1709
-9851
8531
6712
-6264
6894
1416
-6304
-9817
-5111
-7256
6519
3776
-739
-8261
-4000
-2899
-9793
2536
-324
3759
1221
-2214
8462
-5617
-7851
7495
-9838
4257
5298
1647
5798
-9199
1427
5907
164
9398
4624
3012
-4324
7710
7897
6163
3647
7475
-274
-4851
-103
-2162
-6997
-4203
9020
8085
-6525
8601
-1354
3927
-7107
-9371
7976
-8813
3515
-9152
709
-2861
-1018
-9908
6724
2983
-261
-2910
-2529
-2798
-6760
-4587
7759
-5024
1860
2266
-1987
9532
-2986
1829
-5064
9434
1671
2569
250
6425
9945
-4958
-6487
1390
-9863
-4562
8021
6704
5312
6606
8784
-4566
-7168
1994
-2342
-2127
630
-6966
3016
-7077
-1903
-5519
-9345
5643
7633
6895
9658
8284
9606
-7594
-9791
4472
-4394
2194
-8327
2569
3804
8673
1339
-3331
-1109
-944
8015
7343
-263
4826
-6478
-3053
-8422
8521
-6120
-7572
7840
-8665
-527
4621
8477
-9568
-5652
7374
-5032
9508
-2947
8082
9814
9609
47
-7491
787
8798
6222
-1578
3895
-840
-2331
-4410
-7781
-4712
-2319
5857
-7423
-7281
1198
2818
4652
7396
5226
4333
-3552
9558
-1993
-918
2737
3942
-2127
8588
-9418
-7963
6851
1941
1016
9547
-6207
67
1793
-5368
-2594
-9342
-6167
1434
130
-85
6476
8990
-3763
464
-1802
6631
9710
-8476
7357
1263
-8849
4789
-618
9215
9098
-889
3414
-2964
-1070
-4321
557
9117
-3690
6534
-4053
167
-6288
-7345
-4000
8848
-431
8279
452
246
-4682
4697
7663
5053
-3922
3141
5423
-6086
7734
-2789
-6638
1706
6372
6754
9983
-9946
-5554
8115
-1662
-5679
-3997
6924
3569
-4146
9057
-5217
1044
1769
-3817
9816
5456
-428
-9048
5100
-9792
-8360
-2986
27
-1462
5731
-563
5871
-5845
-8134
6805
-6009
4816
1910
-8321
-8902
7522
-7002
1922
-1121
1105
-663
-8656
-7593
3140
-1021
-7024
6422
-8287
9755
8801
-9930
-931
4726
1913
1586
6229
8323
-3658
-1710
5105
3139
2295
9625
-6450
5400
-4441
-9821
-5406
-5489
-5012
8741
9941
6515
8834
751
5599
-5087
9858
-382
-9068
8773
2864
117
5842
-3097
9943
-617
-9113
6313
2539
-8345
-3912
-2431
5353
9463
-6848
-5640
-3955
-8675
1871
130
1971
1827
-9846
2915
5249
7820
-3474
-8834
-672
3040
-3786
5709
7499
-7348
-9209
8505
-9394
-5391
7520
-385
2637
8932
9001
5670
1348
-1974
-4844
4336
-7189
-3430
-929
2522
-9933
-5689
9634
-9286
-7837
9513
4968
9765
5478
-9236
-1896
91
8526
-1854
2178
-7560
-889
6323
-8733
-4357
6605
-9105
6425
-917
1130
-472
1544
3914
8617
7706
-6776
-2847
5570
-2055
4184
5421
-1853
7459
-4478
8986
2757
4700
3119
4912
-3952
6438
-5169
2602
-396
6647
-8841
5612
8124
-5530
6273
2771
8643
-6277
-3440
5279
5493
-3703
9866
-4521
-1704
-7114
-8218
-293
4456
-7734
-6026
4871
4601
512
5977
-575
-7587
8906
-2887
-211
-9082
9458
-8651
1575
-1162
-8831
-3245
3504
7262
-5773
9431
-8292
1532
6728
1409
2750
5017
-2621
-3683
7255
-6264
-1271
4903
8096
-7739
-6882
4924
-5898
-9884
-5395
-6869
-2502
1377
9740
-9136
2544
4597
-1773
-9472
8694
591
-609
-6802
6054
-504
-1516
-410
1506
-9141
831
8306
-1904
-3590
-3061
-2032
1567
5413
-7751
5907
-6976
7542
8135
-7282
-7337
9321
-4183
7781
9541
8026
7895
-6757
5832
-6106
-6214
-1264
298
-5030
-980
-6290
-4909
2878
-4297
4871
8368
-4699
-1858
5914
-2527
-7046
4213
-52
-5171
9455
-3190
-8200
1982
-756
8759
-955
9363
-2468
4677
-2835
2554
3383
7802
2578
6670
9865
2547
1904
3260
-7682
-6345
-4238
-3244
1768
3155
216
4631
2008
3607
5877
2416
7308
4723
-5172
-6884
4133
2097
5270
8700
9371
9694
3878
4546
2582
-2309
-6164
7087
-6425
8798
-6973
8709
6766
-606
1067
-3446
-3691
-535
7761
-8590
-637
8750
889
5290
-9765
-2668
3485
-7907
6937
-5322
-4671
-2362
4746
7221
9749
-5214
4009
4426
-4622
8563
-6675
7931
3669
-5065
5252
-2362
-9961
5312
-7782
3811
7078
3301
7866
6707
5074
1141
-7152
-5903
-4523
-9684
-4695
8292
-2302
8217
7473
9065
9883
2905
1131
-8856
-7200
-3962
-1876
-4451
5548
-1679
-7361
9535
-334
6528
-545
-8539
-2555
2721
-8813
-1150
-3145
1723
2216
-4143
5563
5157
-412
-929
8333
9329
3950
4049
8250
5751
-9124
-9932
2147
-4697
1883
-6481
3838
8618
2280
-5409
-7120
1531
4006
7133
6831
2865
-4937
-7337
422
-9327
2197
-5037
-3070
-4577
8705
-8944
1886
-4107
-7939
7641
-989
-3672
2319
-7233
-5914
9895
-9589
-9742
-4779
-9037
4847
8225
-1344
-845
3487
8421
-4948
1788
9774
3150
-7427
3304
635
6223
8658
-7797
-1441
-1990
9125
-5784
-1884
-1143
7309
9291
-5343
8571
-9403
-1100
-3088
-4204
-2275
624
5430
-8737
3234
-164
-2881
7947
9915
8681
-3729
5830
8962
-3692
-5057
9117
-3166
-7890
1223
-207
2655
-5707
-9326
-7679
5909
-9257
-6609
4683
370
7068
9719
-8371
6447
-2598
942
3860
9325
8289
7934
2530
-1174
2642
-6459
-5176
3879
6350
-570
-8769
-7373
-5224
7590
-9915
-7949
-5532
-2881
646
-7611
3156
-3016
-9939
-8128
-8610
2556
-887
4076
-2966
-9893
-9980
4372
-5704
-7203
-3697
-8884
-1389
9150
-2821
-9702
-3135
182
3976
-9139
5150
1528
5796
7592
-1819
3447
-9794
-3349
-6350
-1280
4549
-6465
1698
-8883
-3924
-8156
5386
-3875
3213
7284
-3160
-6142
-9076
-2441
9255
5299
4970
1123
7106
-1125
-2656
-62
6032
9692
-1964
-4359
8674
777
9296
2782
-9421
7486
4528
1664
6349
-3855
5703
-1264
6726
9870
3497
-9817
8113
-8999
8698
3267
7252
6797
-7422
4945
2755
7419
-5952
-7137
-4135
6417
-6098
9399
8996
827
-4343
4304
-5331
-8694
-2789
-9688
6937
-2238
-3782
3077
-5551
-7912
-3244
2035
-7620
-7812
5494
4979
2678
2529
4701
6456
-5678
-4447
-9587
2959
-4826
4316
8044
3466
-8397
-778
8657
2589
9497
3289
3417
4488
-4762
7041
-8415
1127
-4092
-8790
5002
8354
4505
-742
-5603
4320
1833
-7166
-3168
1081
8839
6734
-3071
7374
-7161
2434
7614
-2106
-3601
5315
2242
-8697
-2571
5725
4865
3355
5405
-2750
-4457
-9998
395
8197
103
-3661
-762
-3154
6545
9218
9377
8686
-8942
-4223
4256
9189
4252
-7110
-1003
2866
6194
-6860
3753
5774
4321
8599
-252
2143
4714
-7359
7941
-1997
5593
7261
1544
701
2391
284
1969
-4518
8873
2056
-4485
8975
5038
-6870
3448
6421
3751
-5943
5103
4207
7799
-1365
-7257
-8173
-6242
-5925
-5581
-6288
-990
-6839
-2808
6570
-9668
-9732
6672
4800
699
2612
-9042
2192
2588
6249
-7687
744
3586
-2574
-9027
6331
6388
2754
7214
9954
-9279
-5679
5603
-7538
4318
6971
8186
-3217
8856
-128
109
504
7606
-5248
-737
-4622
-8318
-6852
7565
9233
7580
2047
-5304
-6570
-4296
5151
-1591
765
-4954
-7625
6494
434
1545
6512
6732
5802
-5209
7246
6750
-6889
2606
-7830
-3514
6784
-5658
-1415
3393
1116
1056
7354
-4386
7848
6528
-4902
-8278
-2451
-4149
9202
-8754
4187
-1065
6135
7301
-6836
-7861
-9319
5118
-1000
-2142
8269
-6737
-6330
6028
6771
3358
2346
-4016
-1513
6284
-9094
5998
4879
-7886
-7241
-2695
316
5271
-1132
-1912
-2739
-7884
7356
-3138
5920
-1977
7156
7549
-9284
5416
-9311
-589
-6006
7831
-3326
9005
-2769
980
1372
-1853
71
1506
-9029
3784
6477
-5286
-4959
-4954
-9641
-2385
9259
-6651
-5227
8258
-2745
9546
5970
9234
-4525
-8185
5962
-934
-4224
4339
-8465
-1210
-7187
9861
8368
-3754
5435
-2150
-1332
-4386
649
-1915
-747
122
8034
-5967
7875
3361
-3958
5077
-6085
-896
-8172
3548
7784
605
-7672
6525
-7626
2360
-4876
9982
-6653
1480
-721
-468
2041
1772
-4535
-2621
2200
6349
-4927
9746
-4659
-9489
-2059
-8716
6098
-5551
-5363
-6038
2090
4986
9548
-6065
1389
-6963
-6151
-5136
3757
-1692
6853
-114
6398
401
-1782
-5300
-9928
-9267
1352
-4019
-9603
-9558
4614
-5381
9408
4278
-3848
117
-5658
-5027
-869
7952
-8860
-9396
2587
1250
-5361
7798
-8434
7471
6529
-7488
-385
7514
7078
-9092
-9037
9089
-3138
-3830
1935
-5522
-793
-9684
-2989
-8455
9879
808
7441
9014
5861
8852
-2753
-9537
-7861
-3629
-9537
-8417
-9249
-8893
-7980
-2483
4751
8136
9939
-9314
-2616
9085
-8397
-3107
4404
-8152
7184
-4097
3176
7036
-1238
-6175
107
-3895
6654
-1771
7407
-9616
-1207
-6840
7210
-2413
6352
9105
6861
-9729
7503
-2141
6095
-6927
3882
-8017
8534
-818
-2563
-295
-6551
8894
-5526
-9482
6376
-9313
3895
7807
442
-4846
-2417
-2581
-5953
2628
4182
-7643
-1015
4094
3694
1783
8738
8229
-334
2561
9575
-9638
8736
-8649
-5757
-7704
3437
-9474
25
-3344
7143
1466
-5131
-5610
5491
2724
-5759
-1709
7596
-3206
-3052
1733
2264
2677
-3064
-4694
-4063
9605
-1997
407
-7686
7014
1421
9067
-2380
9975
6591
5153
7197
4774
2491
-380
602
369
5687
3400
1776
2759
-9137
7574
-723
-8317
16
5761
-4705
-136
-4034
-271
3486
-6762
-6059
7263
6875
-2068
-6236
-3346
5693
7350
6626
-9129
-7181
-5780
-1234
4358
-8868
-5639
4576
3676
9201
-2362
-6011
985
136
4253
9227
-8096
9138
-3468
-3063
-3262
-230
3375
9450
-374
2338
8692
-8513
8701
3677
4555
-9624
4483
1183
-3131
4410
-2504
9219
6283
-1810
6322
7212
-4479
-8973
-9522
5961
-1438
7023
-7307
2775
4486
5335
-8992
-9620
1359
-2061
-916
5399
-3991
2789
-9631
-476
-872
579
8323
5768
-5195
-2576
-6672
-1829
-2577
-4445
-9307
2906
4527
-7276
-8911
-8991
1187
6472
-8673
-2635
4222
491
8785
-9248
991
9133
-5849
1764
-4107
8165
6887
4102
-683
-6732
9778
-5737
-1303
3789
-8263
1980
-5850
-6107
8163
3458
-9958
8070
5341
-660
-9070
-2884
-6225
1500
-2060
-8763
-2054
8958
9012
7188
4846
4044
-4582
1095
9219
3623
-5261
-4875
6483
-4282
4498
-3246
-5264
-399
-541
4872
7055
2928
-8301
-1078
501
-6028
3265
-1417
-4264
-6787
-5095
-7602
-7682
-8276
5642
-6105
1443
5908
5522
-3413
-9527
6887
-9830
7522
3486
-8702
8371
2786
-2905
-7387
-7487
2326
7759
2863
-512
3989
5005
1654
6436
-3999
-5400
2936
6137
-5523
-4136
-549
3867
6300
8766
-9021
5830
-1452
1223
-9117
2898
6345
1007
-996
-8131
-3742
7801
-7773
8974
9513
-8484
-3556
8614
-3821
-7301
-6600
-490
-9310
2198
-7356
198
547
9774
-6793
-1584
-3395
1442
7817
6284
-7044
-8697
1111
4532
4380
352
-6415
2451
-315
6816
-3877
3894
-7517
7802
-362
8890
9772
-3167
4782
-5248
-4422
722
1411
5054
-5721
7523
2525
-8756
1559
8645
5488
-5512
-2571
3759
2467
5770
-4714
-8404
-5100
3165
-2436
3975
3938
7324
5451
8625
-2141
1851
1518
-4724
-6897
-790
-1762
-8637
5061
8174
-5273
5687
6709
-147
-9288
8640
2852
3816
1341
-931
-6703
-4724
-8849
6373
-8177
-5049
6797
9793
-5183
-8359
-8561
-912
2245
-3334
8178
-1532
4280
-1362
2887
4768
1314
-6316
-9949
-259
3871
-3588
8490
-5650
-9358
-2889
-8576
5527
-6415
-6659
-6187
613
1069
-1137
-956
497
-5218
5337
347
-6668
5361
4196
-2863
-6515
-4549
-3178
423
-7894
7276
7731
-9567
-4618
1158
4656
-7403
-103
-7466
1787
186
888
3590
5619
6833
-7097
1530
-2882
-6804
1457
3840
-6801
1917
-3275
-2397
-7540
-6573
8142
4547
7063
-8491
-8744
-8198
-9479
2638
-1418
-2304
9962
2353
-6880
-877
-4171
-6917
9709
-9262
1718
-5427
1350
5235
7
5177
-1340
-4405
1197
2331
1620
3464
986
-2566
-6365
-7517
7411
8004
9560
647
-4532
-8308
-646
-201
-1642
-2891
-4585
9161
-2747
2715
-7261
3849
-9677
-5148
-3935
8981
4350
2908
-9074
-6021
-6240
5102
278
-9992
-2562
6936
4064
1577
-403
8649
3448
4812
-5796
-1285
-885
-3384
-4690
7023
7617
-7689
4505
-1012
-1580
2521
-4107
-2324
351
829
2767
-1313
4900
-7907
-3551
6941
4537
3476
-8193
-5104
-9485
-6696
-8654
2055
6794
-7622
5488
655
6880
-7963
9939
1815
8
-4247
1422
-7310
-5348
2037
5341
-492
5600
-785
-1042
-217
-4152
-1534
-1766
-6770
-8403
-5542
1068
2295
4417
2162
-5427
-7712
-989
8663
-4547
3047
6419
3544
9434
-6933
5973
2878
5557
-6929
-601
7054
-5968
9384
-497
3452
-5574
-3505
3715
-4612
899
1266
-3074
6620
-5243
1584
-9321
-6203
-744
-8445
8751
9407
-6405
7516
6459
2364
-4278
-2541
7880
-2928
-3785
4347
4917
-6170
-24
6069
-4631
-9276
7467
-2654
-7108
-8807
-7988
2079
-474
-9616
1026
-6853
-2444
4536
1586
-4101
1567
3452
-5632
3471
-1384
3369
1355
-196
-4514
2111
-7082
-8414
-3185
-5284
-3981
-6693
-1075
6029
5865
-2761
2734
4763
-6340
-6596
8278
-3981
-5290
3778
-8504
-6815
9238
-6984
7361
-9792
7567
7015
2032
-1626
-6600
5114
-2802
2262
-4653
8791
8377
5185
5215
8399
-504
-1489
-5284
2912
-1739
-812
-1834
-8468
5561
-8158
1205
4975
-7269
-4968
397
323
6570
-8777
664
-4879
-8751
-2090
-786
6285
-4582
5526
798
6089
760
-1045
9674
4711
-9673
-8023
2880
2292
8034
9332
-5878
-7061
8103
-4044
-738
-4422
-3974
-4741
7918
8159
8793
7286
2127
7991
-9022
-1631
4947
727
-6140
-6237
8985
-1368
8374
3005
-6458
5386
3833
4070
-7197
5975
1305
-8763
-6380
-2911
9001
7418
5420
-3780
7361
820
-5813
121
-8442
-9674
7879
569
8592
-7445
4808
3291
5164
4590
6235
-7487
5410
-7007
4572
-4982
9903
3717
-2205
-1617
5304
-4705
-7770
-9016
-3652
-285
2485
4163
5235
8799
1253
-3495
-8164
9616
-5668
552
9003
8372
-5274
6849
-2396
-3023
-8549
6207
8321
-6434
-8339
7442
445
-5110
-6479
1348
6510
5260
2090
9190
-6408
7684
5038
-4129
-4762
-2611
8556
-5057
-8385
9020
-6910
2499
-7809
-7949
-2596
-1593
3937
-5345
6066
-2313
-8724
-1594
-3944
-9829
7255
-2092
-7967
231
-2114
-4333
-125
-1209
8640
-9780
-3723
87
-7550
5831
8079
5774
-8158
7799
-2769
-2637
-5477
-3484
-2805
3668
3889
-2133
-3026
-2899
9702
-1369
7123
-7799
1700
-3901
7618
-4988
420
-7468
7764
-1493
-3010
5506
-8295
2051
-1546
-1529
-37
-201
581
-6377
-2805
1742
-3257
7529
-9009
-9847
-1493
-2420
9812
-6214
3744
-2190
-2417
9413
4810
-5346
1088
-6609
-1811
-1410
-5482
-5277
-885
-3049
44
8309
2214
2206
-4838
-3010
1113
-2326
1708
-3727
4134
-60
-2147
-9915
4393
-4959
6420
180
6199
1001
-5758
277
375
-8903
-5920
-9573
1781
3422
5560
-8843
-5395
3522
-4910
-6318
4740
-3666
-4657
3905
-1654
6839
722
-9527
-8747
9047
-9834
-4559
-957
7611
-1640
7653
-1378
-5365
5662
8483
-6921
-9067
4539
-3618
8412
-6452
4020
3387
-4568
-5039
3423
-6494
4780
-8756
-1497
6004
-6760
-6984
-9842
-5162
-2572
-7245
-8865
-1331
7219
-5373
-8229
-4787
-6881
-1146
-5116
-7175
960
2783
-6758
4515
2992
1418
3194
2812
2689
-274
-8783
3380
-5638
-8184
-1300
5060
8836
-4170
-1938
-4042
3088
-4730
2575
6900
-959
-5713
-453
-4433
-4233
-908
5326
-8742
4960
-9910
-7765
6536
8386
-4709
-7376
8321
-9493
-350
-8492
-1906
-2837
5352
7640
1643
5464
4123
-1496
5714
-7576
-5070
-4003
-9830
-839
9310
3816
2595
-2458
-8422
2526
-1937
-5345
-9638
5505
-1705
4531
-280
3801
-5024
9256
5468
-3385
4090
-1369
3224
6054
2771
-6655
-2445
-8586
9169
-1509
-9022
4795
2594
-2247
-7146
-3349
8325
7626
7266
151
732
-6173
5098
-7784
-2475
-214
2635
879
1278
5040
-5820
8679
7606
-5236
-3360
119
5727
4564
6878
-1688
-9616
-5812
4750
-9992
8332
-6674
1618
3597
8125
7163
5886
-9301
-3941
-4953
923
-5562
-122
-520
8789
7467
6641
8710
-8508
6836
-1502
4720
5112
-5494
-9390
1738
-4858
6172
-3041
-742
-5123
-947
-3118
5074
-746
3893
-7877
394
-5020
-38
-3422
-9025
-252
-6076
-5195
159
5484
3342
8596
8905
906
-4168
2217
3064
8937
-5790
2996
-6544
-2955
3861
7455
-1828
-5279
-8596
7301
-7534
9062
-1355
-5265
-8138
9115
-8696
-5279
9253
7077
-1317
-5954
-4092
-1985
-3750
-2536
-454
-933
2707
-4684
3643
-6520
-1322
2910
-2328
9765
-6359
10000
5240
387
2550
-6029
-2258
291
-5454
2641
-260
-5243
7176
-5224
-6872
-2765
3404
-6781
6795
7210
-3883
404
-2163
-454
6872
-1716
2263
-2676
7491
-5064
-269
-7620
4904
3852
2922
2846
4353
-3581
1226
-4453
-8400
-5944
9830
555
6926
-2794
-429
620
7547
9972
1317
5510
9732
-7947
-4134
4320
4139
5788
-5618
-8854
1526
-8813
-7273
-5357
8110
9044
9489
-7905
1950
-8928
-8305
-2798
-9765
-7378
-4658
-714
-2659
5100
1084
383
582
-1223
8937
5481
-6636
3507
-7216
3520
338
-4348
8950
-1402
1898
-7780
-148
7198
-5350
1033
-3792
5656
2333
8703
-3750
4901
5941
5417
3542
-3018
-6330
-4008
6768
-9653
6614
-2988
-1056
7500
9224
-9323
-7027
1036
-6992
-4983
8305
2239
2013
-9186
7642
-6549
-2442
2103
-6902
-2942
-8472
7460
6
3121
9128
-6901
3629
-7529
6517
-7383
-2901
9654
5932
-2599
-5270
5571
8599
5071
2848
-4755
-3218
-5002
8655
41
-2717
8000
7158
4489
279
-7265
-7657
-3077
5102
4098
1317
-866
6436
146
-7997
-1539
7627
-591
-5605
5568
9011
-9795
-3146
706
3319
3536
2560
4213
-2385
492
2748
-7307
3085
-2394
8781
-1354
-6304
-7448
7103
-3707
6767
-5897
2699
1284
5296
-777
-4425
-352
1912
428
4024
-5412
-6106
-5691
1603
-42
-8393
-6002
-7056
-6584
-3213
8735
-3585
-9074
-7182
2582
2928
2153
-7299
3246
-5501
1825
-3227
-3415
3991
3697
-6454
6382
1005
-1209
-2575
-1024
-8117
-7383
-2320
4759
317
-5144
5490
4072
-833
-5352
-3330
-67
-9345
1455
7431
845
-6582
-2199
8286
8327
-3290
-493
4234
-4693
767
-825
964
-8545
3140
4822
-3697
-8021
8480
4582
-5944
-6680
-6228
7355
276
1147
8007
-930
-1518
-3594
-99
2994
1106
2376
-5527
409
116
1556
1202
-124
305
-5853
5431
9133
8407
8962
-7577
1777
3924
-137
1293
5945
1408
9739
5947
-6085
278
-4435
4831
-4532
-1305
4822
-8080
-4695
-4051
3541
691
-2168
-2062
3681
-8892
5506
-472
1067
5581
1621
8554
2752
1316
7695
4067
-5303
-7261
-589
-116
2377
9938
-1248
4264
3653
6517
7967
-6647
-2373
3706
6957
-2460
29
1896
-5301
-5268
-57
-5993
-2706
-7483
-555
-1070
440
-1286
-8095
-1065
-1176
-1488
8598
3741
9474
1677
-9019
-1135
-5144
-86
-3439
3521
-3485
1357
-8570
8280
5016
6357
-2510
-626
-7396
-3654
-3287
9558
-166
7764
3882
-8053
-7076
1189
-3179
1813
-8571
2837
2355
1142
5299
5606
5967
-7481
-2314
-7362
-8145
-5253
8466
-6865
2515
-9870
-5711
-6174
2075
-3530
-4125
5661
-7770
-1966
-2602
-640
7921
2213
1854
7734
7218
-9938
2329
-9432
-4174
2236
-9608
-857
6755
8737
7203
-7643
-4591
-9399
3790
6021
-7860
2581
2704
-4416
-768
-6498
-6272
-5970
3684
892
1840
-1105
-9731
8878
-7500
8424
-5892
9910
-8365
-5330
-5931
5045
5752
1406
-9278
2022
2227
-5272
76
4954
7515
-9707
2740
-1556
5070
9729
-1265
-6572
-2803
5560
-1687
4809
5208
7858
-4639
7677
-2813
-2478
7894
5722
-8828
7585
1461
-1057
-7209
-2333
6824
6550
-3529
4794
8925
-3890
5535
1634
3180
2259
-9046
-4783
-339
-5192
-6970
4283
-3768
7020
-2238
3593
8897
-9027
-700
3121
8565
-7661
-7570
-3899
-375
-5925
8505
9313
5715
3356
689
1600
-34
-3211
-5588
7560
289
-5528
144
8440
-3598
6485
5361
6419
9821
-1228
5766
3382
3125
2880
-6961
1216
6889
-8974
8804
6798
-401
9867
2173
-4790
-8255
-4877
890
6004
2468
5233
9096
2616
2566
-3899
-5582
-3819
7623
9682
-5726
-7943
1954
5856
-6413
9684
3249
8188
5532
-4544
4981
8080
-6870
-1235
6071
3358
5678
-3254
5943
1966
7986
5225
-2767
-9358
6839
6786
-8934
-4875
8013
-4305
7031
-1712
-4041
1115
8445
-3488
109
-3884
7193
-3545
-8978
-3842
-7187
-6466
5309
-6287
-2459
-6279
4233
-5145
-9808
5491
-5253
8034
2887
9359
8754
2459
3514
7311
2526
859
-2093
8098
-5093
6801
1493
-5386
-6185
-3861
7273
-7381
-5336
-2095
-8167
-4630
-5002
4685
-522
2607
7738
3695
-9786
9247
-7080
-8882
7640
6455
1269
-1754
-683
290
-9259
1320
-7289
-3180
6656
-549
-631
-7495
-5436
1458
-795
-7982
-7828
-353
2829
4628
-8698
4656
8345
9004
5776
-6771
-5672
5417
7442
-8128
7033
-4760
5937
-4503
-4818
3255
2912
-1788
8376
-4880
8983
-7464
8209
-8638
-6448
-5827
2022
4069
3853
-27
1054
-6447
8370
-2339
-4560
-705
-4418
2214
-175
9851
-8322
1445
-43
-7782
5377
-5098
-6968
-7619
4150
-3912
-2337
-1542
-9995
6147
-1922
2854
-2012
4301
638
-1711
-6377
-797
1743
-1644
-3341
3132
-2343
-2190
-7525
-1357
-5976
-549
2917
-7450
-9942
4807
1337
-7698
3640
6699
7314
-1208
1713
1673
9900
9668
856
-3547
-7155
-3471
7592
-2478
-237
-6202
7214
3836
3193
585
-9553
-2238
-6469
-5827
3097
4605
-4411
1416
6161
-7742
2034
8734
364
6507
-1275
-2833
-9279
-1378
4076
-7383
6654
8462
-549
-6628
-5055
9927
7678
-6109
7946
7302
4377
2519
-5884
-3628
-5376
-6835
-2056
7131
-4838
6102
-4457
-8496
5038
-4067
292
8490
9231
-598
9208
6582
9750
-3582
9955
-8481
5821
-8593
3033
1845
-6630
-7587
954
-139
8704
-4474
8705
8237
-2873
8854
7722
-7028
8017
-9474
6541
2408
6116
-5806
-3925
4955
711
6074
-1721
-7980
6461
-2082
7479
-5040
-9153
-8286
9251
5882
7635
9837
9266
2601
-2351
1781
-9925
5880
-4281
6457
9527
-2419
-5838
-4809
-9990
2543
9034
7789
-6281
-6933
-5672
7469
8120
1915
5250
5254
122
-8843
7112
-4997
-8155
7384
-2966
7782
-9134
-3802
-680
-9298
8927
9306
7452
5099
9928
-920
-3239
3606
-2075
-3914
688
-1399
2067
2906
-3618
7987
-2889
-3096
2374
2862
8882
6420
8624
-1104
-604
-7598
-1406
-3673
8018
2338
3888
-6565
-3333
-4247
9200
7726
-6133
4638
757
5223
1571
7220
-1854
-9679
7002
-5796
-38
-2322
-2889
9563
-6861
4487
-7886
-1239
8829
-5461
-83
-9922
-1213
4024
-7096
5720
-6
-1472
3730
-2613
684
9256
7855
-5773
-3220
-8162
7539
4224
2274
-7586
-600
-667
8143
3925
8045
6947
8878
-6370
-4536
2464
-4222
4471
-6330
6979
-8660
-3832
-8144
-4891
-1255
3745
2778
8462
5092
-2285
1833
-1059
-8649
-9710
-1995
3169
-2161
6242
1486
-6165
6374
3734
3949
-6724
7141
6431
3874
-3553
-9721
3396
6568
4273
-5876
8488
-8167
1286
-1509
-600
4312
-5849
-4445
-2264
6467
2025
-8091
-7976
-7413
-6280
7816
-8824
-7329
-6941
3263
-6046
-77
-9275
-9140
2141
-3445
1643
774
1750
519
-9147
9477
-5628
4327
8110
8351
694
1679
303
-876
5949
-6127
-5273
4131
1038
-5849
8638
486
1760
-7004
4336
3522
-905
9183
-6938
9423
6235
7610
4799
-7067
3552
845
1010
2937
9032
-1906
-8161
7468
667
3649
-5927
3929
6144
6327
-5743
1026
4610
5018
-6155
-7308
-398
9842
4673
-3797
367
-3826
-4306
-4809
-688
4550
-4833
-7054
-3244
-5424
-9933
-8116
8602
3121
7745
7626
1945
-5810
8986
3495
-3221
6852
6186
7183
-3176
-8009
7799
8660
-7837
-2711
-7538
-3884
-4611
7047
338
7699
-8842
-9583
3980
-9781
-6493
-493
674
3524
523
3752
-3713
4887
-6357
5184
-2014
-1141
-6498
3308
-2855
7296
1867
5533
-9608
5850
8344
8040
6276
-2301
5446
6386
-5279
6213
9476
2448
-1934
4324
-5353
8277
-2024
-655
-4634
-2254
-4187
6357
7835
92
-3220
1126
-4383
-6501
1173
336
-6642
-4125
6343
162
9176
8382
-5761
9514
3029
-3819
3367
3192
9454
-5879
3100
-5993
-5919
4933
183
5290
-4470
-272
-563
-363
-4181
-1465
6128
-7222
-2660
-298
772
-4216
-3246
-1663
-1685
-9560
-3425
-3177
5529
1183
3900
818
-7798
6554
-8207
9778
4655
2254
-3325
345
-3589
6745
9485
759
-5603
6869
4399
-7424
-2963
1543
-4004
-9824
-5712
-4405
9972
7470
-8353
9401
-2506
-366
-9113
-6108
-2897
-7873
4205
-6309
5711
2418
5928
2759
-9660
8695
-3276
2126
5175
3927
-2393
-5027
-1528
-824
-4182
-2126
-6332
-5735
-3163
8687
8517
-1247
4377
-6614
-6798
-8779
7270
-6526
3517
9355
2454
7396
-6876
-7951
-433
4715
469
-2643
-7523
-3885
8531
2981
2828
-2012
-2053
1511
-2232
5429
-2173
9056
-5895
1974
-8270
6496
7455
-5353
-4737
1818
2951
-9414
-2635
709
-4337
-8190
8495
-1309
-6865
-3313
7764
7681
-985
-8092
-5121
5495
-8689
1605
2971
-4290
3529
-5391
-1480
-8875
4901
6863
2320
7576
-6082
-8944
3962
6118
-5347
8599
1618
9509
-8201
1895
-5940
5824
-1975
-2150
8068
-6818
7068
550
1180
-9239
-9738
9864
-911
-2351
-2478
5263
-1068
9261
-4577
-9226
9217
-8472
4287
-424
404
-8902
-3112
-5529
251
1728
-5923
2727
9094
-320
-3077
-3251
4240
-6636
-8711
745
9682
3004
-4103
-3261
28
-3045
-7622
3649
-2890
6043
7805
7362
7689
2814
9488
3229
7655
-2857
777
-2745
-2637
-734
-2286
5496
-145
-5113
3530
-8222
-3058
5808
-9112
76
-9497
9599
-7187
-6845
-6893
5507
1906
-3072
-3461
6992
-5829
-3269
69
2746
-144
4991
1491
3972
-1401
8650
-1309
2133
1564
-522
7534
-18
8816
2242
-939
-9663
117
-2743
146
6008
3303
5414
1703
6796
-1535
7072
2467
7852
-3592
-3049
-5619
3132
2359
8771
3152
2396
-6765
8791
8908
8380
-7528
3087
5295
699
-5969
9453
-3267
-3627
-4743
-2574
9261
9096
4642
-9037
-7322
-3429
6008
43
-1408
-9833
-8912
5849
-5777
3160
6050
-7282
-8231
-859
-7795
2687
439
9492
-8503
-8631
7041
-7740
-2267
-8419
-230
-1752
-4467
-6788
8020
-6240
-747
-1433
-8179
-1969
-3363
-4013
3268
-4484
-9399
-3518
7312
-1017
-6475
-7286
-230
-8822
4124
8052
-9130
-56
-8838
4040
1473
-9894
1190
-2458
6155
2127
9787
-6892
-623
3249
-5853
8510
3575
8111
-1234
4221
1829
-5964
-1953
8754
-2235
-3184
8558
1743
3965
-2198
-5125
3352
-3046
-4500
7277
9629
7630
7496
3866
2292
2394
-9248
1205
5704
7072
8513
-9990
6200
4377
-5403
8120
-5522
8114
-1321
9258
-3776
5285
-7990
-1451
-4739
9069
-4822
-8268
5452
5161
9992
7997
7375
8886
3890
1707
-613
3483
8503
5190
-9345
-5216
8067
-6305
-6606
3408
-9302
9247
-3832
-7849
4611
8653
-6028
9431
-9813
9498
-9714
2087
-5349
9964
-4856
5484
8325
-1298
-5271
-7608
391
-9104
237
4009
-3305
-783
-3449
8161
-3218
1426
-7916
-2554
-2144
4352
5446
-5389
-9154
3183
-8483
-392
-9897
693
-861
-5676
565
-7735
-9548
8271
-635
9268
-9130
-8067
2757
-9294
6331
-6465
2140
121
7509
-2161
3732
7546
-9403
-9142
356
281
-7406
4509
-6214
-4792
-4165
1226
-781
7397
-4213
5101
-6854
601
-6855
-6778
-2339
5773
-5960
-6643
-5822
-2796
9488
3006
8428
9776
192
4555
8916
-7378
4801
-290
1061
-4084
7867
-2766
-9876
3915
-7983
-7297
7901
8288
-280
5288
2396
6890
3150
-7537
-7045
-9971
-1832
9560
5802
8867
-1575
1904
8104
-6415
3654
-771
-4470
9047
8172
-9734
588
2252
-592
2127
7308
-8055
-1253
8104
8058
6732
9387
5533
127
-8355
2917
-5717
-768
5413
3501
203
1467
-9757
-9718
4823
-5661
6702
4316
4981
-7499
3556
2390
-4626
2702
-3172
4712
-112
-1589
-653
-220
-8412
-4718
990
7090
-4961
-7085
-475
256
9485
-9255
-7355
1137
7941
-3106
-9708
7395
-7922
5734
6890
6825
2673
-8345
7850
-319
-2099
2455
-347
391
-2749
-1910
-9376
3745
-1385
-4697
-9871
3877
2620
5444
3659
3824
2027
-1571
-2917
-1649
-1539
-9350
5030
422
-4672
8341
-4297
9146
5779
3341
-8742
-8891
1460
-6902
-294
2570
5846
-8038
-3286
-905
-9238
8514
2614
911
-9488
-6913
2029
8949
-2074
5637
-8199
5827
7962
-3167
9843
-1204
-464
-33
831
2272
-472
-1650
3317
-3797
5810
-7384
4221
-7381
571
9449
2121
6019
6338
3519
-9017
7072
4739
8923
-6992
-5732
-8479
-7717
-7673
-9560
7857
1223
-3727
3243
9836
-3764
-4939
9476
4876
-9091
-5598
660
-7243
-3479
4383
3337
-9315
-5567
9076
-5733
-3710
9679
8693
-5716
5623
-7446
4322
3353
-3419
-4942
-5990
-1410
4826
-8703
5332
-4529
-3783
-9878
-7033
4777
-9946
9583
-3785
-4612
2196
7157
-2979
6127
3312
-7153
-5493
-1837
-2664
-6190
-4860
-4503
7116
6745
-3807
8543
-5601
-6813
-2299
2606
1944
399
-6490
-884
6374
1300
511
-3938
8818
-8172
913
-4473
-9815
-2694
-76
-4925
421
-1787
8683
-4564
6335
-1476
-8365
-2358
-7601
-458
-9111
-2769
-3571
-8941
-1852
6274
7711
839
6797
1258
1391
-2501
1654
5748
5238
-826
417
-8466
1649
4320
2016
-7756
-7893
-3944
-1497
-55
-8515
5620
6498
-2007
-9220
9245
-4809
2550
8471
-6449
-8637
-3707
-4773
5545
-7816
6294
-2001
549
-4243
-2967
8239
-8356
-1834
-4840
2762
458
-5311
-4763
-6397
-7544
-2621
-9330
4096
8038
4928
-9055
254
5846
-5209
-6342
-5512
5735
7945
-3806
6975
7480
2798
-4777
7358
5095
-5554
-9652
-6756
4965
8028
-4813
-7683
-1573
6206
6597
-9599
-4530
4928
-1267
-1576
4690
3834
8418
6846
-311
-9762
-1175
9162
7574
-4540
3788
-7659
7414
-3440
394
8071
-2601
9455
1982
-6187
6170
-2803
-5899
7063
-4259
8819
7580
4886
8117
3121
1853
-1326
-8164
-3747
738
4654
5605
-5198
5505
-124
6170
5920
267
-5663
5112
-5753
-4299
-6718
-7309
-7116
-6347
2932
5793
7908
9567
-8364
2936
9675
8891
-8327
-1878
4710
7357
1936
2458
-4425
-656
-7870
4135
-8646
3005
-427
7940
-9733
5697
-7265
9289
9001
-4947
-5232
2246
-2217
-8655
4115
-5284
-6954
-893
5989
-8489
-4474
-5496
2132
902
-5947
6891
9821
7336
2516
-8968
1092
-7415
-1375
8444
850
4888
-2557
5435
-231
-9891
-6150
9672
6647
3394
2186
6216
-8406
-709
9861
7155
-6553
1353
4777
-1396
3996
808
9628
3449
-3682
-1790
-5430
249
4755
-7874
-2206
2999
8826
-2359
1437
4418
5465
-2480
-1840
-5581
-6724
5363
343
5963
-8182
-6002
4255
5742
-3796
-3242
-3063
4820
-4457
-3101
1277
4034
-668
-3965
3885
-4409
-1728
8473
1185
5539
7676
5331
-6154
-7881
7773
-2398
-157
1042
-2092
6432
5771
-7653
5335
-1468
7246
6848
-5313
-7861
-8436
2791
2
7793
4815
4417
-5227
1424
-636
-8002
2973
9665
-2651
-7666
1379
-6942
9911
-99
5490
689
-908
7121
-303
-2387
-2427
-6316
-5326
1305
5663
9337
-1585
-7532
-6899
8622
5304
-3253
-5642
8146
-7030
-3110
2902
-9895
-3650
8802
348
9329
-2729
9823
-9763
-6454
5162
-5773
-2854
9159
2291
6767
-6185
-2580
1274
-9797
-2143
2452
148
2544
-4281
2784
-811
-4628
-7475
7198
9079
8864
7803
-5298
-1148
-705
-1849
7001
-3497
-8157
7678
5842
5838
-3678
-2519
5704
501
-9345
-9178
6541
-1120
-5862
-931
-6940
474
-6048
-5268
-8494
-7653
4669
-2771
49
9408
-2667
-4953
-5297
-3534
-4279
-2649
180
9229
-7671
-6545
5591
-8798
761
93
-1225
-5253
-1063
7946
-4428
6342
7748
3615
-3444
4144
4665
-2717
-7551
4457
-1501
-3806
4519
-7850
-5190
8435
-9775
797
809
-5558
-3511
4653
-9823
9009
5570
-2956
-3975
-538
5746
2195
9506
2187
-4597
-1968
4646
3820
7637
-5727
6777
-9502
-6160
-2160
1956
7666
-6733
2032
-7138
-7643
-9320
-9197
5389
-339
-8444
5060
-7290
4066
8209
2488
2957
1018
254
6344
983
-8328
8325
908
-2514
2279
314
-9182
-2133
4591
-4337
5924
9407
7204
2421
-7582
1720
7785
-1611
-9993
3873
-4134
-5552
-1386
-1317
-6767
-5599
7670
1080
-1905
-1050
-8962
-3209
1467
2539
3291
-3287
5765
-3537
-634
5786
-1075
-4454
-123
3693
8833
2271
-7802
5496
6605
-8892
-9306
-5828
-5492
612
4039
-7090
3906
-3490
-363
-7885
-2141
7450
-5121
-1312
-6955
355
-3054
-5777
-7567
-284
-7861
-907
7335
6110
8763
9682
-6891
-8207
1425
3571
7853
6963
-9559
1749
-6591
2511
-796
-7436
9285
-2415
3195
4666
7453
-9265
-2734
-7116
8616
936
9107
8305
8992
7805
4100
5371
-8706
9363
-1665
4318
-8053
-476
-1762
5778
1201
-1704
-3854
-4800
-2611
3331
-613
-2002
6553
7541
8395
-178
778
9267
-8056
-858
3011
-2434
2887
7399
-9513
2574
-9784
3960
-1411
-143
-713
6468
9777
9320
794
-9869
1706
3846
-716
933
9157
-4542
-3822
3390
-3152
-6536
7527
-7667
-919
9044
2620
-577
2747
248
-6109
2890
3905
-4141
-7157
-472
-7345
592
-1612
-3615
-3235
7194
-6541
953
137
3841
-9935
2693
-2817
6311
8753
-6
532
-4740
-6384
6390
8828
5391
-6396
-5468
7250
4545
305
-6590
7687
-640
-4114
1601
-4455
9959
7564
-6846
-9734
-7892
-2066
-1094
9382
4173
4756
5656
-8085
-6516
6994
9304
936
-8383
-935
2878
1418
3581
9828
-8668
7075
-7654
2647
4385
9995
9001
-8252
-2740
-4289
3837
-5032
-8566
6506
-3887
-5723
6355
2197
-792
-6738
8950
1180
-1358
40
-1893
-7947
-3107
-9127
-8801
8800
4705
6171
245
-211
4816
-3213
-7638
-5172
9376
-1025
-3472
-4978
-842
8777
-4599
809
6776
5995
-2414
-867
-977
-9007
-9511
2483
8520
8640
207
3601
5793
-4409
687
2690
9209
-2836
3553
5066
2148
5440
9684
2743
-6926
3996
3921
-3622
-6278
-9021
1471
-848
-3039
-7201
8845
7223
4293
977
-331
5688
1801
5692
7513
-5407
9149
-3982
-3204
-3972
5923
-4968
-2878
-5842
2585
-2267
-2996
-7923
-3483
8534
8212
-8791
9692
-567
-514
2435
9158
-792
-7836
-2865
-2474
5021
6157
6831
-6269
-2201
-1598
-9367
7351
4723
5837
1973
401
2356
-7146
-9152
2074
6367
-8271
-8044
-2011
-4257
-8313
-3929
9598
9814
-3693
5257
4836
45
5189
3503
9110
-3855
-8243
-6671
-8533
996
7274
3620
7092
-102
-8468
-2514
956
3375
-9559
-3188
4535
-5062
-5537
-9812
-1286
-6308
284
8804
3173
7694
7772
-8441
8855
-8481
-7219
9580
3970
3194
92
-9593
9962
8634
-5627
7121
5129
-3685
2992
4887
9165
1769
3777
3840
8216
-3825
5782
-4868
5012
-7188
-6440
65
1238
8799
6829
-9647
-2385
7069
4745
1108
4106
4958
-2059
2416
-7854
2073
-9816
-125
-515
64
743
-4206
-3284
-8700
-2357
-6431
193
-7278
2146
-9463
-8987
9184
-3199
-4858
-2126
9696
8045
3108
2529
-3452
4104
6185
-9627
-4555
5733
4615
3948
3861
1851
-194
-9352
-1972
5645
4711
9187
762
-9082
-1968
-3962
3858
-4883
-5755
5853
-3283
-5217
-6610
1963
-6283
-9591
-4223
-4801
2015
-4474
5493
-9278
1388
-5034
6381
-9997
4423
1059
-9677
6163
1139
-936
-3392
-5205
4481
-9715
1321
4928
366
-5420
-2930
-9715
-2062
-5075
-8216
4531
-4300
-7530
-3502
5549
261
-3832
5293
-689
9951
6958
-5110
-8228
444
-3966
4011
-5841
-2573
7367
8108
-6629
2913
-6243
-2979
3309
-690
4754
-4841
1607
2735
-4059
7021
-92
-2657
6624
-9141
1736
-3774
-7473
1888
6743
-2138
-2953
6208
-94
-3216
-6828
5287
-5726
6925
8796
1263
224
9599
-2197
-2111
-2948
-6266
-6683
3689
1814
-16
416
-1364
975
6926
6725
-5801
2881
6684
-6940
-1326
3653
-4635
-3581
8479
4063
5572
-9953
9449
4697
8405
7347
-9217
5181
6505
-6857
-5927
2451
6948
-7829
6155
3603
-403
3588
-5796
1936
-6793
-8344
8304
6830
9699
-1204
8194
2904
8586
3979
-8055
-1428
3021
-1970
-1103
2973
3389
-8011
3967
-7061
-298
-2590
-754
3850
-5682
-767
890
5911
-6401
4472
-3637
1973
-1776
-1512
-3034
22
2318
7989
-9768
953
8073
3214
-4783
-4123
-6647
3071
-490
-9712
3073
-3226
-8602
-172
-9633
-8921
5076
6983
-8791
-4196
-6566
4893
-7601
8885
-3178
294
-8336
-5776
6678
9265
-6969
7332
-550
-3578
1474
6756
9657
-4690
1859
9669
6060
5674
-9171
-1165
-6710
-1878
-6518
6045
1136
1711
7605
7716
6222
4779
-6598
-5306
8046
8906
-7542
-2514
5476
-6648
2735
3818
7540
6858
-5404
6843
-4143
6220
8473
-6905
-2161
-1877
4078
-7433
-2832
2148
3732
-6854
67
-6522
-6749
145
4293
-3755
4240
-1677
-7276
-5182
2343
-7877
2821
2689
-3880
-461
-9207
-4251
-3793
133
4734
7427
-7724
-2618
9201
-2579
-5636
7539
2055
5374
-5955
-876
9751
-2944
-5978
5662
6843
4619
-7009
-682
759
5470
6341
-9393
1108
2166
-3186
-2180
436
7659
-6093
6274
2301
3362
5084
5579
7589
679
9243
-2013
5495
-9726
-848
-7813
578
2471
-2499
1593
3019
7971
8263
-4348
-1145
85
4740
-1874
-2391
3848
9520
4868
7009
2773
-1379
5234
8659
2073
2666
4032
6856
-5829
6897
-5864
3772
-9246
-7946
-8026
-1674
-5308
9048
7514
-4443
7485
5002
8177
2916
-2544
1445
-3840
817
8130
90
1034
8754
-2364
-9537
-2711
6260
-2600
-4475
3920
-3473
1476
8137
7432
4763
-4871
6307
8377
3185
-2988
-8703
3364
5904
-9906
3200
-4890
-231
-6032
39
4894
1467
2785
9819
3940
8280
1442
7176
-159
-4404
9534
9327
8556
4784
1126
5913
5387
-8057
5665
5304
-8256
-5188
-5094
7168
6865
-5491
-206
-4584
-4401
7294
-8993
-6226
-5618
-7558
8021
9173
-4434
7037
-8480
7399
995
1835
-9421
6947
-8714
-7718
7910
1908
-9258
2528
8710
682
3570
-8186
8913
3637
-9734
4143
-3585
346
6953
-2550
3670
-7613
-8412
-8293
7354
2022
2542
7434
357
906
5767
-1267
-4706
8745
-4836
4063
-3336
5657
-3533
-2416
-2597
5947
-641
-3801
4903
-3337
-5383
5028
-2295
533
2592
3012
-7989
-3648
-1631
5937
4449
-8621
-8628
-1730
-6570
-9752
810
3472
-5817
6775
1965
6693
2857
1070
8486
9403
7111
2686
2946
3910
683
-7610
5928
-1979
-2717
5874
-8845
4528
684
7262
942
-6228
-155
-4639
9822
2449
-843
4997
-4087
-6820
2607
-1215
-8511
-3374
4897
-4404
-238
-1430
7679
-4734
-967
-6899
6555
5118
469
1275
8890
5067
7932
1716
-6079
-2536
-3468
3041
-5565
-6638
9833
2182
9135
-6172
-4964
-3521
-4786
4682
643
5662
-2292
-3125
-7685
3393
-9844
-4633
-6555
-8228
-8323
3893
7844
5780
832
-8842
1808
-709
4960
3565
-4516
4897
7969
-5941
-8933
4851
4769
-1365
-298
-3288
7089
4623
-1255
-1198
7578
-981
3702
9551
-2536
-3845
8208
-1482
-1761
1422
2560
3930
1326
8839
965
3459
2230
8382
-357
2155
5565
-2142
343
-7180
8849
-6890
6126
-9017
-7518
-7906
-7227
-3214
352
3412
1607
-5019
4516
-9203
-4920
-205
-5737
-9034
-8675
-4316
2560
-2864
6733
5261
-674
-9759
3370
-3953
-894
-1284
5302
3093
4453
-8767
-5381
363
-7900
4722
-922
-8425
7664
2387
-4622
-7359
-8670
-7950
-2903
6167
-4100
949
7373
370
-3645
-5015
-1052
479
3895
-9207
-7062
8824
9403
8297
8659
-5572
-308
-9094
-7009
-2043
-2514
-8004
-6204
-6105
-1376
-6830
-6342
-4986
2216
-6423
1706
6747
-1167
6676
-1072
-6255
1538
-9724
-9120
2858
5586
5994
5170
7749
3551
-5543
-1294
5882
3998
9603
-6126
-5359
-7906
9890
-3460
5796
9666
-7518
2729
2065
2671
-7638
-294
-8988
3884
5184
3935
1303
-9475
1613
-6675
3143
-189
1332
-4155
3276
-4724
-8837
-2401
9671
1330
498
4751
4013
8073
5697
3494
2801
-7987
-9946
95
8254
4983
-8248
-2520
6351
629
-8803
4778
4080
-3796
-9331
-976
7536
3040
939
-2813
6342
-3299
7157
-1926
5510
-9308
-3429
4397
7442
-1564
2151
-186
-2192
9693
7022
8166
-5209
439
-7827
-473
-3198
2970
-7734
1813
-6229
626
5326
-7889
8010
4437
9872
-4122
9822
5376
6808
4455
1878
