13188
5436
38983
14390
29843
3920
15306
20634
44752
32381
39290
15451
18835
40899
19071
46271
29674
49178
43298
5125
5039
7593
38773
33983
45196
13704
24780
6114
32588
16514
30461
15300
42658
16933
41432
17962
43816
42821
21068
23677
4752
11227
23782
35336
40910
28115
9874
4058
16527
31644
20545
48873
36788
46769
43359
12629
8214
27651
28588
14976
701
29115
5004
7428
16789
38153
11609
17358
16963
7878
21786
39814
1377
11160
2581
28997
5074
20342
15781
28263
29990
19568
22267
14543
49008
36589
49611
39746
46495
12378
38537
46975
8217
10775
11847
37446
37952
30628
34294
35623
44629
29238
8620
8658
49385
44342
23264
29733
27490
37959
49278
9010
9230
42364
10487
42849
26522
37501
32664
37966
44870
2251
15845
28989
21949
28932
32429
13385
27222
2267
26703
25795
26400
40112
4037
40825
41666
23762
13432
43523
36015
9992
49709
35194
34671
16537
40828
21572
40165
16913
20979
22641
20964
30649
37394
46209
24007
42368
30102
49014
44901
7763
45222
26784
15466
42100
25071
38434
38136
28796
622
26805
40725
34425
44174
3895
29568
1452
11239
42687
29903
41039
49394
41179
40603
11900
30807
33787
24291
5082
46368
8295
30918
1195
47649
19615
13587
42505
37871
22814
38441
13935
15646
43469
12995
44699
3399
6197
2924
13627
40545
24126
2327
48332
14313
47731
2129
31505
49864
46085
42494
7031
15289
11601
31619
16789
19055
4083
18057
35547
31189
41378
30718
25814
8973
28002
43234
29417
32867
27197
8897
45628
47336
47879
41538
1876
6159
22925
33648
16112
35533
23923
17790
31626
4159
30254
41148
31013
14766
43383
27147
34258
4389
17261
5631
41583
17656
31409
35405
40613
36043
17189
8124
17916
7686
16193
32560
2258
1954
4522
41318
12894
5081
46334
32582
44291
25767
16999
45475
25468
48519
40575
14759
17167
19648
31737
42040
19984
12903
14830
6318
46444
26913
13368
43731
45172
35721
39008
7327
18428
32471
44207
24393
25637
41555
16072
17830
15817
47416
22670
48752
14167
45674
38498
33166
37707
33941
42267
38776
17224
46551
27221
2194
41506
7129
12849
41603
19965
33711
6873
15286
10084
1975
5180
41702
10684
13960
7230
31787
34642
37611
38324
10213
44682
49995
48374
30028
2712
48833
14391
41248
11161
26393
11909
46646
44248
14801
19395
26298
43799
25487
41498
38866
30733
15222
41107
40474
34122
42696
556
29364
37473
8059
38895
35472
14589
46255
12715
44403
8134
45802
13232
33415
3689
29523
23307
44092
39716
20187
43460
42571
33398
17814
33305
49579
19753
37664
28479
31896
45946
10674
1331
16185
42107
12909
42652
11972
45819
44659
1766
41112
49777
29102
10355
11559
1867
21374
18934
23849
15197
18976
10869
17761
28704
3902
38721
1330
31228
22620
39358
47656
17953
17396
41064
26665
48060
26991
21684
15977
43934
10563
36802
26768
19958
29049
32864
43742
43579
14212
10141
12537
23161
38288
12529
20682
47819
22910
4862
1981
18757
3108
39900
10781
10688
12670
19245
2055
36798
14522
7517
41788
2016
13374
10799
48626
25492
37364
26360
1783
39967
45657
22336
9651
24767
38660
24628
798
16248
16137
26051
35111
23763
11571
35269
16549
16335
12764
39388
47453
20657
47024
20511
30402
8837
42976
31930
12278
44270
15731
42430
662
7127
13210
471
49984
9530
36398
31522
48614
46772
9977
43441
26226
41822
19158
7119
40489
35667
40306
22434
34601
9501
37960
20057
21665
18433
10515
7463
29819
17818
20343
8141
5736
36777
47819
10082
13086
41850
1890
32909
28549
48210
32455
5246
6206
35414
9148
1524
49503
9515
25076
49276
32059
10802
7999
17124
37804
45147
49175
7220
23772
8155
30684
2096
38893
20243
36979
42220
48189
21770
23172
38172
33603
12244
29076
623
30195
21261
14643
35497
47934
45426
15394
28981
3409
32977
33061
11750
48365
19112
28585
42851
1577
8733
34259
4296
42298
47761
26238
25256
11866
33844
32794
5693
4813
14131
19473
27170
4949
36008
870
13049
32626
34862
36449
29508
2387
11343
48424
17401
29326
49189
12841
12424
29884
39137
2360
3425
6800
27747
16239
11961
12025
13944
25618
6608
7860
16606
47816
12255
28209
19023
29936
45439
11051
19144
22134
8403
37152
32473
17640
45665
42549
13729
18683
10735
26271
41907
20954
17289
3286
49624
8847
19200
11775
27780
2509
9799
15549
35781
24899
41823
34887
7718
22032
5186
29896
18513
45502
12493
34782
49974
46344
14524
30467
31465
5188
42468
18276
29385
9513
22897
16080
18994
6745
17588
4396
35666
12286
14301
38265
18358
1589
36739
21025
19096
22317
13319
25172
24638
4029
12666
47875
32585
3886
47907
48304
2041
18990
15449
48050
40112
28
10009
42910
9926
21853
7326
38761
37330
12380
21439
29092
34851
433
8567
20109
4493
34113
36328
11553
13403
1383
41013
1285
9377
32561
6848
17157
29974
7334
18100
18171
30853
27339
33743
10347
11741
6881
34944
37052
17071
19735
40232
40673
31364
31604
47176
28399
43078
4172
33359
22227
36844
22383
29180
14201
33959
16097
38509
3560
31439
48798
16692
5152
47819
27872
21107
49470
23033
13542
31932
24641
2495
23079
15181
38092
44634
36287
16373
33652
4854
29764
47965
1761
7610
3299
24339
15778
9048
37956
4446
47039
9699
8429
8636
9246
15244
44213
44233
22755
24098
48255
29626
14452
40300
4240
37261
5645
37132
24743
12077
47933
28496
36239
26029
24055
48126
22351
35785
39123
48536
21628
12841
8339
48847
25892
12083
11746
25024
8969
18966
49704
4933
21518
25899
15133
7929
37249
11385
49023
35460
42890
42088
36795
48309
47321
22282
15615
43759
12778
2605
8378
14791
43010
4672
13273
34303
17732
28692
10508
11856
13358
41098
17524
20867
30636
12895
19843
9148
12279
39534
44081
34955
49469
42934
22902
5469
36054
48780
43842
11734
20430
15721
30941
172
43708
3109
37789
27391
36902
28515
33628
41849
4826
9736
23383
17842
43840
35626
39854
22267
39470
9680
34230
10534
22902
8068
6827
44586
29121
37003
2274
19388
15668
31390
27952
1829
47992
4691
28150
17522
11704
47067
30392
4324
1020
33861
12735
795
27189
4054
32621
34352
15117
2485
687
393
28800
21082
17506
39884
10208
23735
31502
33841
12533
18485
1058
35173
14853
14555
49959
16056
7139
39249
7360
24803
33163
16925
17954
27394
22580
31377
20576
32385
29588
13554
12458
8447
16825
6174
982
17671
547
37529
36801
9009
45673
4173
7065
2147
3523
26709
2937
38583
48254
41037
1763
17310
3671
6801
391
9723
1215
41839
12146
39272
9436
40978
16814
32388
169
5362
45068
48702
35342
6929
16921
37522
26873
46209
19377
20528
25395
34699
45414
42674
3888
32211
33896
35170
27353
7425
29895
48601
24346
48538
14812
2941
21003
12035
16613
17778
6479
14406
19719
40339
5703
10549
37840
20034
9294
36049
41323
6912
41122
28017
34762
13786
33330
38101
3907
20781
6875
27133
37697
31504
19703
36705
19067
44486
15670
8062
23237
33303
25055
24242
42557
32313
24883
35870
1814
26611
12433
44339
28709
21677
20441
21725
764
38302
17615
22263
6903
7622
48104
21003
31035
41481
35151
13028
11994
25747
15827
6466
33462
23673
28024
42068
22375
46413
41210
19957
29
21300
36285
13840
45729
29661
27329
46729
10089
15263
9511
33895
34557
31419
32722
13889
18255
27034
39090
17226
42013
38403
46974
37327
44258
17424
16998
29655
30894
21061
20075
18474
41223
34943
14320
39266
17241
36220
32041
9728
20454
40282
48643
938
11732
28238
49661
40885
38025
48133
46124
42456
16979
7420
11977
1258
17598
22408
48796
1804
28322
18261
49235
12925
16577
11959
8863
38663
4858
9140
42612
12444
6282
5985
16397
12327
19674
6997
16682
43670
35255
25664
43449
6214
11166
46236
47208
44870
1041
17850
43408
7545
38736
4161
47588
2029
12455
42585
19245
31944
1075
46933
10949
30551
37015
24009
37381
10000
15328
29250
8863
43207
48529
18634
3667
13044
6270
36105
22993
29700
10583
13978
33404
31473
38145
27120
39923
19376
37507
47911
32721
13645
44494
18474
49348
22587
24656
19387
28413
8752
19528
27220
35215
13500
43306
42574
5021
12871
9987
20736
5230
46616
43649
3093
3862
33712
203
25526
15899
34502
37146
22935
23310
9054
10028
7793
45675
25772
20695
7537
49389
36142
39070
24129
8708
15107
29512
5504
22549
4818
47875
49738
9342
36630
39844
40707
8520
44877
19071
32500
11987
42390
9212
34244
28760
8273
26510
27884
11406
23484
3885
19677
7067
31469
2913
3426
32543
1578
7726
4140
17712
36495
39723
43461
31718
10128
37898
24694
11226
48975
46389
45031
19886
1379
16094
6841
39258
18490
42765
15439
37478
46407
2406
43427
31956
610
21037
47939
38278
46779
28981
24588
41702
47484
23565
44250
30930
28580
12176
44084
36979
34646
36610
20745
37121
37611
29156
9121
5712
39905
49796
21873
44691
35439
19795
44401
31955
32060
259
2028
28261
22397
20003
11226
1386
47166
24804
39700
26883
49785
38424
7252
20600
20557
43660
40017
49294
12313
5777
42858
10120
3564
48412
1878
44178
16436
27767
26876
20477
49978
31647
24307
47477
48571
38368
25091
5800
464
16785
44911
12157
49460
24980
20510
43079
35145
8124
25217
48607
49678
39327
31854
12964
6544
26738
36230
28749
24031
9556
8658
7036
47044
5872
35137
16578
30383
21171
6778
7448
1876
33403
39338
22960
29046
33707
42257
42728
7596
19020
20448
8963
48847
6220
49328
34502
38312
17843
33348
34875
23568
6372
121
25664
38616
45695
16588
3235
17697
21895
21936
19449
353
36973
7991
3163
1060
43842
15124
31985
1876
46527
31366
10929
35907
43651
39228
21297
10821
20856
113
1577
33363
41129
43624
105
16783
11761
11649
29735
11108
28629
40103
19124
43233
39282
6829
41897
48746
37728
24826
5808
46223
3249
21119
32140
44591
44675
38292
43722
8399
986
44616
7571
40918
15696
34476
23294
41822
4440
18237
32739
46236
12912
41637
25234
27894
21637
40801
13321
40276
19197
5783
35397
45268
20936
19169
46004
25651
38191
21019
32587
3862
10329
1862
29705
29562
25599
8334
20779
498
11705
8360
34518
4613
16118
41927
26423
24345
27293
46260
30172
34376
39001
32763
38520
2519
13051
11810
24297
44235
912
22291
39549
13162
20282
49034
9207
38169
15593
39487
19051
10409
1527
1425
9876
44266
28937
8858
18895
38382
19495
32605
26230
45160
19214
29363
47506
39742
8710
11372
22666
31199
37520
17054
11874
36542
19133
11641
31599
12512
22761
23459
30091
46542
44518
17887
22605
36358
37588
40522
40936
31342
47408
38122
18348
24034
20726
12580
43071
23479
17080
1116
2263
31021
36110
24102
37352
8642
4918
1492
8782
10523
16453
32269
36733
3872
41360
37901
6883
3275
42624
6960
19309
45212
49440
31316
13380
7711
21609
26890
19986
30991
42002
34733
28650
40051
40141
22547
15997
42201
21962
40079
41499
26488
38190
7643
4452
21462
24404
47620
34203
23916
4776
24934
28286
34171
31014
18668
47719
41802
26974
41537
10198
18651
39091
36886
14260
6757
44679
19618
22952
7750
20336
1090
42060
34920
43943
21585
12349
41927
3144
11853
1482
39800
37548
2448
17231
23050
37746
15870
36598
24465
21505
14033
2600
33955
29506
11474
860
18008
29504
2733
22421
39419
25362
43656
26073
7226
41517
49031
6674
13274
9499
15541
35382
21956
31284
7530
36523
25152
9031
39225
29506
4825
5753
49402
1704
4078
38068
49887
12447
40809
12308
38696
44814
24057
21697
15095
19043
44815
40017
41297
1762
26230
48286
37993
7211
21709
13660
26326
35213
28070
27283
34559
1429
5058
7512
3271
48148
32688
4461
33045
21723
16389
22590
35356
40706
28412
36689
27740
20265
9211
40061
17206
18399
38978
17178
26604
9507
30990
11792
10503
31861
22686
40502
37675
14534
18093
44173
47848
9837
12988
34132
42245
5247
49199
38838
21680
23792
15872
46195
8477
33732
170
5387
32664
6320
49177
27666
32990
9661
40346
47939
10235
2040
25623
1563
15136
3373
33737
20226
24654
7336
47704
9975
4499
38528
41882
19695
32064
205
8576
6
4315
22481
22448
14198
16545
43330
2945
34812
12395
22939
19188
12151
32125
34821
46442
46914
8379
30653
40066
42461
11586
41303
48134
44722
34538
26372
11974
24198
16544
19650
29927
6668
28010
5342
1107
10449
604
19822
23955
38795
13529
21322
36913
37797
32406
10488
23829
36526
3393
39280
5552
11659
25287
30106
1790
32754
21057
47380
35123
2866
40335
10739
33396
39600
15534
31272
45928
32610
10338
29051
29275
16334
42325
36139
42746
2903
20778
4016
45085
28396
21916
16059
35377
33734
18571
8200
42933
1794
43975
46090
3797
25228
24387
48763
46928
5868
5078
42958
4430
23241
32183
37904
13900
34812
20259
47392
40327
1813
2261
41155
2481
3864
48721
27533
32067
14510
3708
41490
33339
44270
5781
36486
28331
44441
1875
11166
1496
21483
35192
26320
15497
43727
25645
45492
18361
11407
16258
44999
2709
8913
46597
27929
23193
40420
24895
40993
12722
18669
14018
22098
14261
5852
9827
43217
2237
13096
11068
28294
8550
18847
49417
42680
14798
2972
16207
9052
8131
30515
36920
37183
24367
14796
25757
5556
46461
32247
34411
26448
9417
9498
37623
11903
33873
21280
16467
34365
12548
36134
3092
11452
46282
9155
3565
9212
10276
29481
30623
14779
16177
5278
2706
15007
2937
45779
41180
35741
18279
26724
34334
33061
19973
15033
27642
6524
31208
9243
42492
34573
33912
34618
14519
39999
42405
4599
33365
7856
13875
36429
23709
35581
8233
21571
17640
35295
49180
48996
30172
22782
6634
31325
7302
5988
41397
33724
17414
45665
19300
31444
14030
43285
37862
42678
11566
25886
26189
42432
22866
6785
30199
2316
39995
46224
43184
8207
42311
12099
6348
8052
44390
43867
19913
5396
19006
34820
164
16593
49693
15957
11561
31601
41669
1475
26312
12206
35645
44787
35873
5348
10027
8592
12173
811
12970
8435
5826
35956
14598
6172
48719
46113
3116
41439
34228
28277
11344
22391
21129
14206
30180
42315
3163
43151
36880
21144
47479
14093
9298
49391
19063
41740
4458
29978
33690
30254
48541
10044
14759
19291
28897
20995
20210
5930
24129
17431
31910
7648
46798
38440
17778
39762
47327
11284
15965
4412
42543
17483
42208
8464
6924
29681
39004
26702
26659
3462
47558
19839
32055
2103
3331
33881
17018
38349
18104
32202
3804
8073
21066
1750
29746
24023
43358
26544
9780
2770
27125
43219
8865
34138
28568
46556
20408
5188
3386
39453
10222
44113
38630
37547
22747
41237
12818
3374
23592
11715
25648
20710
30592
28766
37792
43490
36945
23322
15757
15311
39426
10441
20056
17684
43261
35338
17232
35414
33670
27388
46172
38913
45949
41838
44846
38662
49601
14725
49323
6709
18827
7199
30941
84
3668
48574
43797
1530
49179
45827
17869
5525
43073
4640
35620
21215
37476
20413
26971
3091
47419
31143
1228
38789
40348
27068
28617
10117
18663
6848
1179
22836
48513
10940
27288
5280
11755
19726
22206
20389
20147
32603
38726
23599
2359
38605
3599
38495
42495
10336
46783
40292
48309
32944
3341
35825
14921
12796
35640
44762
15714
15042
9637
40496
35086
11330
34538
37932
35748
20715
7586
32825
20261
9704
10465
15898
36824
46417
42560
187
10401
15063
35873
43981
8745
12536
3335
30166
31364
25723
16984
2922
24269
1801
33577
2504
25421
36565
11734
31884
15047
40577
39574
48990
12059
48245
5022
24737
40680
29480
13890
13661
9190
49425
8294
37396
45481
27923
18563
38233
30081
2233
44202
21487
20026
23240
15453
17792
28760
11823
13195
33687
17880
5851
43489
17698
12742
43427
8741
31746
29413
32504
19874
22482
17835
30452
31600
31765
25234
16833
22469
22474
17803
39492
46241
39938
5991
41466
39277
18470
47508
4749
38249
43241
30950
32043
25178
4333
36691
4458
24583
32063
2205
3102
42389
10071
25088
16396
10115
26976
17583
43582
46608
12833
3454
38378
45303
42497
1932
7942
45487
9340
32501
44862
33770
17127
22292
3156
36217
28761
41390
12279
15981
22918
6978
29983
2010
22595
7157
22594
37512
20470
31668
14388
26926
31430
41965
21981
6853
16376
34345
1720
31313
37446
37650
5884
18327
42802
32425
13357
11062
26370
7231
44464
42704
30856
916
22694
9480
17713
48264
35876
37248
40048
47508
21904
30524
31926
4949
37298
681
2118
19892
19070
32156
28722
39611
22990
49228
49087
13788
500
20121
17494
40404
39226
31078
33793
47581
26354
17650
44282
26535
14001
37187
44938
25668
3045
21832
27674
7891
2541
27723
17069
36434
29606
5540
22126
49456
24754
11075
36081
12186
27267
12024
15918
28790
20174
36225
11565
2773
5982
1192
48594
32696
37055
31753
9826
39104
27043
3166
45804
33991
16248
34384
7095
31379
40551
17905
30878
24137
24050
21760
12675
42767
18851
21647
29402
15136
32327
28
39007
18095
20158
9301
42089
1069
20877
37102
41120
15653
48851
39136
47671
48187
16269
23012
18641
22612
3150
22834
32371
916
6800
33617
7591
48502
30372
28071
12212
46404
9172
33171
17376
39920
23405
50000
4617
7307
17072
18987
13039
23399
27316
45169
25695
26886
21719
17934
12602
13786
13641
17169
20180
8613
18221
16780
40151
5156
9611
13315
5584
43353
25582
9314
48353
41575
45947
8109
38734
41293
7851
23266
33819
5647
10559
25668
7458
14420
1297
17756
30260
23318
32431
11212
47785
91
16201
39799
4007
22496
28303
19057
17171
19001
23296
43061
14157
44524
2308
12813
39612
32828
34562
41312
38794
6430
2521
441
42765
10018
45186
40694
20855
14565
43403
46083
28407
40581
34758
35679
34118
35309
29608
21506
27101
45470
910
46374
22519
42514
34626
41684
18603
21241
8918
22682
4076
37521
36529
14231
32887
38505
28448
14606
46690
37033
16886
48042
40065
4199
7368
17455
30687
29522
38209
29657
43891
32496
4760
25276
35284
9253
10894
3109
2781
15549
29878
37801
35460
35915
3963
4512
25623
42158
34359
20566
32599
47904
23376
45080
35066
22305
13408
24615
44478
13332
23858
31913
26256
18738
698
28326
16871
17162
33147
1065
47890
36438
284
46417
29796
40971
7463
33268
45227
19467
6623
878
46781
16241
38232
41597
44598
39316
34493
27555
25559
32745
8562
46518
38065
5477
37270
38334
35985
19590
47529
25880
21907
24327
17675
41060
3674
24739
33231
11597
6360
7951
16951
26178
45145
49675
2351
23671
41589
29110
45723
39377
5049
23133
37334
27005
25585
40213
18335
25500
37254
32380
13301
39978
2375
30695
24745
44833
19223
31660
10517
24559
9065
9582
40413
27319
49933
2637
10164
4187
19188
48558
15882
5959
30059
17169
27414
9631
31783
46219
46866
29991
21176
9436
11469
42809
46357
10382
7120
7400
29439
37832
12471
35303
8227
13425
13187
13750
46332
3337
44399
32724
16154
45963
39337
42380
45784
36138
6682
25651
17150
10036
24987
21942
29390
10143
6881
18603
34426
7573
1358
8699
33142
19335
9728
39530
14364
33895
12896
37787
28626
5243
15576
8373
25557
12547
45569
46381
454
18007
29617
2941
19386
36971
11525
1529
16132
32668
5017
40734
27446
17881
5974
6911
8825
49712
16849
41231
25392
6550
47661
5692
4004
24093
37408
40293
34363
27029
31658
2543
48658
20077
47828
3429
8546
9783
283
24617
2693
37586
48241
2089
45874
33669
13631
3780
7473
7008
7172
38616
13093
29326
20504
32047
20831
18861
45461
22636
44913
33718
18404
18739
41654
17322
20191
46306
39670
2581
45324
20850
36491
44878
31178
34861
28326
13471
48033
9254
7042
30409
29321
36613
31198
9466
786
941
49341
47781
30550
1965
30791
10877
47050
15456
15039
29971
12388
33694
7978
32649
1727
49361
26521
17103
7370
23512
12708
27405
27808
11647
14455
18195
24066
32879
21121
5397
37926
4374
8267
41694
30537
27664
1925
14076
26056
35569
49876
1341
599
11450
46929
23409
45868
8103
13317
7057
25338
16975
19344
24458
9432
17651
837
21756
42883
939
29740
22947
41489
45516
1445
20416
38598
33156
6191
855
15085
4357
18344
31782
28637
7631
9544
19058
31666
35827
1964
49109
7274
28886
25727
24878
48591
22381
18852
12079
1859
18829
27656
40435
7786
1134
4230
48479
47245
8894
22678
2898
15487
16833
26621
46416
27019
46258
26868
19338
2446
44092
1610
18478
24246
19595
17919
35599
33133
6366
14306
10777
22819
24167
29100
24971
13582
39795
20238
19618
29399
446
46641
49847
44637
1584
6689
36300
41750
41427
14293
32898
31056
1029
23564
10522
16711
16182
4649
27277
43367
40235
19389
18519
10628
45478
7081
46747
32419
49177
14271
45683
41574
31191
7315
30076
1686
26766
36822
6730
8219
7409
11325
15565
2073
39252
45221
21937
2617
9357
20756
31805
39653
24777
270
38930
23980
11556
45761
32842
47302
48706
15198
20354
28890
29831
38574
31207
19870
6210
9778
28325
47549
15408
12363
37837
15532
21398
49271
32444
42995
31679
37957
362
10520
39033
28544
31011
7749
14830
24439
31835
6169
37355
34824
2025
49330
10412
39296
47211
22767
25279
7996
37066
44663
27356
27809
49806
6364
48962
43242
41427
28863
45152
25931
48883
34127
14617
11017
46651
47917
2447
3513
48601
47229
29610
21103
2600
22123
32216
26749
10117
1925
17112
10431
43261
40880
38695
5283
3546
43743
38702
19782
14065
32394
31580
13450
25170
4015
22151
21768
28023
29800
49909
44773
32598
46357
42297
14897
16217
29241
7380
8644
8571
37170
715
17630
37336
41043
11416
21827
31350
42506
36870
29193
14392
5410
18583
29777
27161
6778
7531
18526
23859
40557
46790
23864
6028
24690
34294
8279
36330
3351
17228
8668
31933
24493
41584
34780
32978
19761
21968
1618
7989
12830
13155
42019
35885
3381
2127
5805
25344
44575
35032
10240
4611
19224
48250
4255
12451
42968
32044
45273
17161
42275
31456
44149
12535
27735
34335
32738
5826
23691
18344
29625
25587
43203
407
17769
12067
46920
10586
4879
30766
10353
33658
34017
7851
26439
17790
1807
19517
22030
15911
33304
11221
20003
5959
35259
35595
28211
18416
38894
27839
7280
19901
48200
41894
1572
43848
23201
37696
48532
698
6569
11679
48314
7422
36594
39672
36779
28841
35609
29739
45660
20694
19680
12945
2127
47411
14862
39392
561
45956
39399
48884
26045
36389
18755
16127
43219
36197
17673
704
36326
6341
48001
29759
2603
20710
29892
28773
12781
25327
42705
33866
8539
8978
38332
11790
33752
43791
27905
41541
25500
12734
35805
29706
24144
29754
47639
1431
25213
7663
12938
14113
24416
22627
45278
36646
42031
42965
22479
11614
40150
32213
12004
30448
24276
915
13136
11504
29286
24114
43390
1704
4708
33844
6881
11935
16401
30789
44443
26341
49524
49349
40244
10731
24198
5133
29078
18476
28882
38891
37727
42092
17325
1033
49643
28608
1068
19868
7424
11959
22863
48501
28813
27450
30617
10472
37121
12136
28229
31473
13698
25643
40725
41307
9073
46056
1978
3296
40974
34977
34078
33414
14727
9444
48214
33131
14970
14437
21603
29780
11059
6253
39079
37204
28609
36754
36938
24630
3866
33981
7990
46209
27489
19943
26554
440
9809
23171
6127
34156
43044
15825
15562
46306
25462
34102
38433
15796
30135
32999
39627
1658
6777
23458
28848
2693
10450
10181
4189
39061
18764
18318
25032
28354
44556
41063
2594
6365
3278
38885
25462
41629
48152
48906
32337
45019
29707
9509
27833
37260
46730
37668
8669
46888
27361
39953
26727
7773
43811
7683
35257
19499
49974
4551
40537
40527
30289
11120
29080
20214
4206
24094
10624
30446
32161
36258
45205
39699
2327
3075
39850
47449
17227
732
14774
37136
30303
49100
16783
48227
48366
2701
23290
20841
12038
8465
33939
26201
1082
35640
33021
7046
31213
14604
9147
2506
37722
29236
32923
15692
1570
2935
18777
44691
12959
47604
17059
34150
8509
33340
18713
46232
2162
34981
45149
28200
33231
36946
9734
12757
26087
1556
43734
16484
27761
13426
4276
22091
27097
41284
34685
22705
10743
43050
45655
13570
40780
35732
41893
49420
2013
42745
37080
38476
946
47447
26881
16538
10
37628
2277
28135
7606
16182
43012
6331
48796
17588
23641
3533
48385
8399
18198
33159
24620
19797
34715
20539
37922
5104
23732
47498
2561
17400
2061
5013
47406
29922
27505
13117
21023
39242
10276
32049
14197
14900
47245
29948
16935
5174
4614
7109
38221
19382
40315
13997
46788
13380
11016
14552
14526
41588
11865
18204
6610
15260
49203
29829
48076
25048
28271
13962
26807
9465
29536
89
6567
25541
46990
9429
23878
30147
48779
9784
40945
25338
40103
6866
25607
32037
47098
45253
4110
39769
23741
25631
37467
45951
12924
20294
9882
14641
20612
43008
3655
32414
22142
44404
30823
8285
35279
28808
30109
42959
17270
192
25877
24858
28167
36598
33999
46652
15896
4449
16454
4461
25456
3946
27965
13655
24204
21928
25356
46586
25098
42127
20972
40233
9831
37952
12337
15097
21453
25494
45369
11725
45729
46855
34284
8712
11158
31155
29552
44172
27733
43596
18266
38362
20691
13149
8737
49287
23764
5091
37807
8775
40444
5047
36096
13098
15359
28351
38081
36564
24193
24835
42790
41555
36175
4410
14695
35359
47283
22520
26872
46413
21745
28884
36434
41417
28441
12439
2724
45002
19398
30613
21097
28800
25195
34049
7846
26004
5357
5614
14448
13122
40857
39927
41500
10539
4869
21277
45421
36298
30452
7879
38465
43971
43072
29212
30106
7188
22828
25913
9344
26263
22918
45211
36353
42060
25372
13464
10835
16146
35956
37182
16742
47373
41676
19334
23941
24377
25345
1136
38149
46797
49908
24293
40309
14560
38057
10511
37824
102
48093
8202
8729
11896
28376
30447
33095
16107
39355
32158
10880
23257
44368
22405
29182
38337
11479
17870
6102
26200
10776
23711
14854
35123
48784
46356
3479
21298
34548
17034
12758
47925
8472
30625
34625
24712
31547
31998
1753
11604
4545
10993
6944
7997
4470
30527
22077
3710
36628
42480
31713
46
27710
1925
26148
13257
33473
38766
39909
44263
35852
8582
36676
20550
12123
46691
11624
7860
22300
39347
31825
9245
35526
34199
1588
15731
44107
22189
19213
28569
17729
45306
47784
2050
32166
40549
43474
19498
12940
3287
43964
17741
27463
17417
47423
5144
47020
10031
3465
3752
19645
40388
32063
28293
38422
45283
43649
39472
24597
26845
43972
36625
45645
5313
23170
4219
25210
49740
29362
7717
42417
17801
44108
34779
32080
46349
13744
29396
7975
2725
25990
47233
44194
28373
37300
42495
25499
9852
45268
36312
7730
21901
12860
29741
28872
43563
49455
8672
41783
28829
31770
30680
457
35499
34270
47465
24508
37546
17795
37909
9791
24740
35679
30048
37771
41747
23743
17330
25851
532
47810
45527
32012
6169
19092
2153
10826
25329
36319
9421
45959
20717
33718
44398
36026
19964
43582
43702
9341
7957
397
13400
36091
12558
36742
36559
4960
19257
24305
17481
38089
5601
13110
10102
9761
16596
1877
45680
31531
24334
26297
30644
22325
40695
19003
11906
14531
2941
39585
26690
14572
15430
11118
33748
32768
3108
12532
45162
16392
35702
46677
11350
193
39729
1316
11828
25915
23867
10520
41668
14967
42830
43149
24175
27812
23833
13514
44208
45142
46001
44055
14950
29406
46305
6223
8197
22648
11262
16417
43948
10334
28971
38734
13727
43436
44037
19652
32485
44634
13808
22906
5137
26329
37980
33820
26356
48211
15906
2945
30032
30518
23430
23914
45890
14653
44480
9743
46686
13662
38636
47700
20590
24178
2461
4985
3623
11141
3907
25980
11964
43188
11378
42330
49808
10201
20570
42031
6942
4491
1066
25623
30581
2917
1270
19383
42623
48959
23859
5271
46477
46865
48527
45484
36609
11268
19920
10804
29999
38146
23831
47844
5073
14668
23924
32270
39447
32809
14634
20457
21033
7245
9633
41538
3380
34566
11424
25053
43394
46312
3297
33892
9279
49252
11062
25346
19072
29538
39066
6191
47088
25564
22576
37771
12355
40778
7377
10697
45581
18698
26341
44222
38217
14306
21140
23728
30450
32693
36291
45733
27105
41530
38508
10797
9254
43479
34809
8759
19675
31209
35905
36452
35317
27699
40780
48921
15861
41253
46347
14640
5191
154
17106
41746
6650
3895
35308
49261
45129
3609
24289
22122
34587
13430
3708
20962
11758
38155
25720
30867
9769
31188
30335
29228
9460
46330
2478
49147
2478
1453
35450
37010
48443
34607
18171
42989
29132
44361
18003
19204
29879
14137
17583
13269
16525
18729
38165
33758
44705
15091
23181
16232
11605
7190
27776
26876
39090
27206
30376
21663
7673
15377
38062
3133
8980
26238
28041
3814
46176
10315
2259
4493
13374
5998
35330
27864
15498
41497
38348
39307
12262
734
32001
8325
10046
39113
17851
10192
10664
10051
5561
173
25876
13103
14234
28795
29615
2908
44491
7178
32405
24663
6455
12917
41606
4830
19389
26927
31015
28654
37370
38995
4835
10399
44713
35451
13757
49511
16588
14386
37650
36592
580
33585
22743
44215
41349
24340
46272
8015
16312
4963
13444
22776
9789
16993
41885
12036
22048
26827
48180
3588
33887
11886
46692
32781
18755
41045
48991
25563
49850
18203
47183
18522
39113
46974
19742
25432
32194
12436
45805
43489
7465
21517
8334
9550
19902
11462
22105
10266
24352
44006
7580
16365
22831
20149
48174
36626
4377
34456
31794
34664
29379
42489
43336
36186
22761
25682
19648
5745
12664
27561
3228
24728
35647
9920
6748
10662
8113
41226
49885
16968
45174
6774
23443
1175
26742
16656
4779
9740
29982
7740
33861
407
38541
29018
150
37541
43238
11960
7469
27745
2908
32686
8133
17529
35202
48601
27030
35898
25182
22901
24248
36099
38651
44296
45203
2474
17930
49131
16752
16491
31710
28827
3699
47712
28671
39706
20258
3644
1658
20343
4049
19531
39987
15603
30210
49411
23645
29468
38301
40717
5570
42
2141
22776
46189
40122
5028
17458
11299
18518
8051
23902
36510
48614
3478
8687
25245
43727
2983
38245
22283
39353
1868
13821
4255
19519
13517
39533
13351
9681
41509
34355
31740
14857
45689
27672
27502
14883
6721
7731
9132
2440
29047
26458
37650
21373
5232
42420
1317
5459
37701
16643
44024
40610
25234
41688
16072
12828
43365
17638
47683
44862
8746
2340
43932
24625
24552
9018
13611
45627
37545
31777
14340
46417
44675
10590
47978
32115
36387
20297
40456
23615
11523
38166
43823
48189
33145
45138
39842
20815
33660
29802
20954
32287
39895
8949
17395
25996
1282
23743
36385
46420
2551
11174
9986
49962
13537
26740
2032
4593
11834
11601
9414
1072
9448
5789
26433
36629
2690
36689
17310
21421
32292
10577
22339
48843
15654
6457
15371
29876
32748
34426
16502
10186
9969
9872
38147
14251
35994
37595
24824
13115
1894
34960
5032
36043
4325
21993
34309
17943
3806
30652
34130
16651
29248
30121
1730
44996
1154
42564
44116
38868
48952
5694
14858
15543
8043
12255
42957
48955
20678
22327
11410
22432
20951
34187
11256
29578
4824
39395
13363
9506
3457
20035
37695
1326
43332
14639
32225
23418
5379
22117
45350
24667
49694
2894
36951
6059
49646
13595
20746
12818
298
46232
23759
32287
17102
16687
16446
38104
17359
7242
38231
41207
11134
37890
28158
31508
4100
5819
25936
3462
13828
27595
34091
32491
47693
15066
43135
16236
15331
30162
7499
33112
33274
11141
40464
38336
24277
12330
37828
11195
389
33335
26444
25789
48903
33405
13471
9307
35455
28090
20298
26576
21196
36217
30551
27099
43636
8591
318
24316
41863
11015
14412
42360
38008
5236
47092
19277
36407
19845
14654
45487
27143
36609
45844
7085
49129
41246
23914
15340
8966
6778
24404
34980
2272
32166
5296
39079
3616
21185
3557
37169
7526
47269
4433
48020
15430
43845
37477
29662
33846
14151
40679
16890
20525
24363
2408
14768
38473
39299
24132
40742
34590
40922
14713
14826
4090
43518
5454
31503
6115
12877
7876
41282
32125
46287
40076
45450
34425
19101
40690
49392
42035
16000
41442
7114
31335
12113
38634
30281
6586
205
48208
11588
8656
30777
22013
48286
32734
5770
19195
5789
23872
19201
45656
21701
1964
26152
33158
42464
7671
12805
7420
25249
48202
30481
32845
6042
26044
21011
12313
40437
49342
41448
30150
47618
4978
28210
11406
19831
16738
32246
30251
39032
9142
36910
24958
12952
32105
45691
22580
30073
16176
16442
24810
38356
44825
43139
8932
4464
36460
45493
4824
32515
30661
19106
5463
37990
18623
7650
25862
33632
42087
31927
40205
7077
29890
16156
31580
17931
2970
32407
18135
25932
19808
2786
12694
13394
1308
18063
48004
25859
14144
11703
7917
37797
7998
49427
5561
22612
34979
8850
12025
28941
42356
29673
47057
15628
48999
21347
27306
29130
45459
9126
15316
17967
13935
45829
15607
38243
13702
46507
15739
33290
35743
11428
20341
30640
40940
17138
6349
21153
17439
2805
41076
22014
32416
30496
16977
19963
47703
48495
40602
708
46855
3118
34741
981
42130
662
43563
20692
24301
49888
636
25169
48856
9788
43701
35873
45064
3844
48040
25647
29943
41028
12520
3575
33825
13465
49649
35447
28518
37334
36044
47353
40763
17386
22412
18907
9933
11216
9456
9936
33537
44351
47377
26139
23429
27723
45989
40064
32632
18296
44048
6366
28403
37210
25416
39645
24928
7534
9052
46796
46634
44343
17822
45535
45444
13680
38128
8394
40528
620
2968
18977
27999
37198
21387
49735
18079
29055
36573
11040
14162
19169
43955
14777
39167
43644
41502
40460
25954
7134
34198
21989
22398
16615
26124
35405
17728
35722
32658
32208
22933
43239
42454
10081
27624
40601
23436
8877
19828
15539
26873
39261
30903
36827
24965
36395
32984
4414
25434
49480
25143
36114
7222
10774
15980
2921
41201
48084
32756
12847
43028
12264
22008
30435
37652
46516
7410
46686
16309
25957
22297
42489
18051
48046
30640
45693
40340
27703
28535
6178
26762
45988
17714
28973
20161
28606
44375
5144
40224
32180
12412
44918
26027
1523
12339
22574
44472
37720
9065
42323
14282
19112
8476
18445
44425
30689
49476
6772
2282
6314
16871
28568
43440
14904
1032
9388
21994
16001
7205
2910
4397
14580
1173
46646
36966
2033
49451
28975
22454
3449
6910
29528
3017
14508
11920
17430
32874
45235
5419
32701
27932
24313
35570
35097
40534
32601
1562
26816
30817
6392
27308
49711
49119
3230
16596
27498
32017
24526
47401
4888
43720
954
13151
6560
26235
25667
42110
16412
33787
47400
19539
28406
26952
34018
308
48307
42324
6219
17405
41463
49557
2590
20631
8383
31911
39392
23767
8743
43071
18674
43649
19439
42415
43555
39409
19409
29987
44156
47049
47464
5115
8649
40352
39933
10071
33398
45958
32796
19156
34119
43460
27608
42868
9300
17900
19685
28556
43172
31181
14008
14481
20985
13882
43480
7745
31346
38709
7876
7553
12939
32319
15090
11321
40873
23920
41856
34447
23628
42502
48965
17142
5301
11421
11604
30688
4708
14000
22577
4722
20063
13566
1406
30714
6074
33494
43858
2829
38286
26148
30605
48640
21311
44338
27048
49165
13768
39657
14907
32508
10023
23834
35918
18540
43671
29576
41095
17206
44033
46528
15770
23582
36004
5716
12899
24998
6915
42541
28667
6120
3198
18252
9916
43770
20840
6571
13592
46399
3144
24790
24431
19183
34913
40613
48553
32381
19093
33832
12683
42830
16636
24194
12338
24291
37075
46277
39648
49232
6415
47205
2556
7496
24102
1653
30261
35381
40820
23954
34677
6542
34744
35712
15812
23938
25471
47046
47118
23584
39056
4565
18645
17069
11960
6237
41676
44005
6873
9130
30084
24338
3274
8286
25706
42718
28129
60
42711
34144
27196
23796
2168
47252
13200
23193
8461
47974
24429
10445
1622
45916
8071
9167
49961
2367
19581
48995
13961
38604
38544
31766
4313
45594
42864
48248
31810
5810
42012
28974
14116
17823
34066
660
39698
18761
39441
14498
22373
18090
29937
32422
17547
99
11793
47499
21148
30622
36493
34422
13442
1953
35925
16986
2699
45748
16796
42731
33063
17629
48068
6538
9344
43577
40185
24714
40715
8958
7054
22761
1735
39309
16137
29906
9318
33804
16436
735
19369
46374
9983
11586
37310
29132
41932
38185
5045
10977
13384
41995
25544
23388
47790
5625
2239
47079
14120
9465
174
22450
4604
5453
39266
9480
19731
44991
20529
47419
27021
49227
32596
41270
35663
44041
3864
5092
15303
46325
11199
32276
27033
28575
48152
15550
15857
27904
3517
15181
23339
19459
1391
9019
18501
13950
8583
2840
39867
44177
20472
22525
42762
12300
48707
27126
14895
28655
47488
29481
20590
9091
35818
47925
40443
43113
28277
4818
11556
33224
7284
41860
24791
33382
9675
24341
25514
30007
26313
11444
43076
42977
28400
30461
4122
10278
8883
46736
42216
31168
27522
21336
38826
32626
1020
40592
9055
35642
27910
32601
15380
4879
4669
48572
32420
4658
34817
2332
45430
41226
39108
22541
21133
9873
29645
6099
47495
14395
8268
49360
19603
46491
19060
31329
11790
26707
24572
33499
21956
42969
28115
18092
20482
18438
42510
17429
39703
40691
18140
38404
36713
2395
27259
28871
42842
38954
9088
47118
38825
47600
34660
868
36386
18013
36672
6831
13247
25138
46406
5338
17690
15232
17457
28611
4183
11268
7406
7327
33641
38680
20445
24997
2505
19503
3110
19336
15179
2065
17661
35142
11279
9624
8613
20260
38992
34349
17208
5173
42336
20857
34616
33948
17142
17748
5355
29776
42346
30951
11813
38750
18677
19107
19149
2933
33323
15109
37438
17598
27375
13248
12812
39621
11070
37978
34041
3106
30557
26231
19930
46053
6482
3316
8793
40273
25908
29197
23378
20280
45610
4144
41641
33294
9101
46443
20261
3863
42408
32380
22918
47621
3586
1008
21906
1580
9677
18864
19124
26476
23162
16486
42564
30758
43306
33884
48188
20324
35659
45667
15079
37109
41908
30401
13234
41296
26323
42307
17655
36367
7116
48612
29526
8773
31179
9273
15017
35808
3659
37811
42226
8270
11980
39510
6526
23771
44031
36249
42347
39785
18300
1285
26214
6774
49502
41941
46260
11226
5520
27471
28310
18454
12183
42984
38526
35543
47464
30246
10470
12343
13145
14354
27292
48057
21867
12253
47049
29766
25639
25259
8623
972
37380
39708
27370
29123
4853
23898
29594
12712
27157
507
37106
26971
9880
34299
44313
30605
37261
34656
3933
44898
5765
33121
41937
46623
21291
24157
32685
2386
3179
23295
41212
43611
25083
40642
10518
15329
39062
6275
20156
26471
26273
49063
3661
38543
39548
40847
17542
42054
6886
41684
11559
46201
1588
34096
1787
34747
23448
22968
18260
36866
41915
48339
1922
21696
32587
18745
33476
48576
31310
24691
14761
47921
11246
8436
11920
24668
6
7509
29017
33621
8762
11389
10700
49148
14580
19629
11432
45488
43473
5140
22798
24876
33132
46322
10054
14134
14122
11942
1272
19020
37808
45464
2953
25820
27088
376
40262
49204
49334
37672
226
34021
46043
44748
44116
890
20899
35571
33368
2170
39836
2091
1940
10846
38089
14260
15270
22512
40388
2052
15937
1052
31399
8831
43343
40522
20449
29346
19566
23123
16328
9765
5152
42566
14118
40685
37569
32674
43994
40863
4450
21233
18108
40244
26222
9957
36082
37107
12421
17679
13679
26312
1524
34343
16551
48136
37398
38667
20225
48881
5346
39474
28459
35472
6827
31664
22238
43105
7946
4239
28585
12500
8971
22590
13473
38217
5758
22558
29061
233
28490
26894
31208
17327
44252
31253
21549
32482
6504
43570
8636
23794
43657
32030
48889
21982
44154
28062
8554
26152
21534
27475
48313
9865
7365
47126
44426
42578
23900
6281
28967
40335
39775
11137
36537
29256
2907
37355
29373
8897
27678
20718
9476
43905
17334
47430
41074
39990
35712
6196
26497
27678
6905
1435
17713
37754
2750
10877
27980
4900
17740
43449
4729
34985
4473
20267
23106
38027
10103
36959
34859
43153
35591
13553
49036
4143
29776
31550
17718
37155
19448
39374
4405
39028
36051
7821
7656
4500
40734
7537
44758
4944
31428
32742
41597
36766
47635
44169
21982
16184
17455
32490
18192
5949
49206
25215
46366
36294
21149
27685
36805
8993
37809
31521
8157
23550
41482
19004
21554
17565
8652
12249
47197
16874
47964
20672
8876
48279
19837
49045
31392
8153
13642
39954
14532
31838
34645
18869
25447
3777
3623
502
28270
11870
45786
44718
16483
15807
26513
24360
39577
7527
40232
47036
2714
8441
13308
27668
12590
20613
46547
30247
26505
36634
4320
29242
12528
4811
36758
4425
13827
33579
1183
27426
3897
41957
33704
37354
11971
15474
31582
27968
29953
49912
21322
17647
5511
19971
11021
2931
9492
13650
22360
9849
5123
10131
21051
4303
49011
2386
37710
36397
44895
16393
19017
7350
2369
2041
10628
43616
25052
4297
47932
23568
61
40419
36192
47513
39400
2369
46080
42488
21292
30571
13785
17314
40794
3872
20034
7284
3651
17240
45366
311
37780
25400
7157
6457
4390
6358
31792
44252
44031
15095
29352
535
19814
8140
43540
48271
44261
23470
21801
38453
15839
31466
34085
34925
6258
646
49262
43113
24929
41068
8089
24401
2538
41973
42183
30727
23010
18417
8503
15383
34480
48064
35332
33703
47308
40556
12882
11620
34979
37977
45895
45446
25411
20209
22281
12910
12636
11923
20973
22875
8963
27694
40671
40210
11045
10613
41096
22824
45436
16318
5377
9680
27191
48502
26015
27160
27924
12715
14972
15986
1836
35614
1004
29776
11937
17138
24340
30017
21067
13413
768
16002
45731
6592
27312
9484
5226
17946
43113
35461
26650
34747
7064
6050
6643
22923
33510
5138
23202
38004
29396
12200
32261
10914
37606
31340
7064
34262
6894
42959
20791
39424
21226
48074
20857
35495
48783
23753
6539
49206
38524
32933
8573
3810
41976
38990
25663
44722
10671
24964
25296
28731
22873
34859
6156
34244
35320
5081
35523
24470
19000
9075
12744
32292
6515
5466
45906
37616
12438
45210
32871
28190
13315
33162
47575
20095
5669
17085
44460
30768
49514
843
39545
9759
34351
3410
31140
30091
23602
27353
7828
26538
15596
8493
5180
25198
9343
39843
49872
23967
43308
2878
39455
18493
37788
43528
12549
36093
12465
47018
20174
34775
33060
25837
24781
7506
41530
28795
35995
42974
286
6768
37548
35754
17301
37864
31290
12557
24428
5812
33328
22883
38540
27506
11890
30374
16021
42980
47873
27124
45520
48491
22496
36913
40976
38546
45788
12757
10269
17503
40956
44463
35274
21311
