-4665
-8713
9058
2870
5671
9266
-1749
-3280
-3345
-2271
-8809
7248
-7003
-1843
1155
5111
4541
9835
-657
-3033
-8508
-7184
-462
4510
4837
-6596
-5196
8632
-8756
4383
2754
-480
-7908
994
1344
6159
-5426
-6765
-8331
6446
-5692
9314
8938
4373
-6464
113
-5058
297
-8249
-4133
9756
1664
-9486
1659
-5349
3711
1231
2605
-5922
-1855
8566
5401
-5734
-6218
-3020
267
-4158
-8699
-2269
6707
9425
-462
461
3465
-5135
-4181
-5531
-6117
7430
-6291
-5043
1885
-3018
6034
6281
-1298
-2172
-3659
-7091
4171
-2936
-7087
5494
-3832
9900
5108
2034
6343
838
7760
1307
-9886
-5066
-7507
-1028
-8891
2491
-5919
9778
9087
-1153
-6955
-9516
3055
-2417
4435
6447
246
8440
7358
7050
-3212
-6919
-5254
184
5915
-96
-8359
-4684
-7193
-7917
-9865
9719
6018
-2645
3061
8078
8278
1428
-1868
-8085
2195
6099
-3552
8373
5453
-9009
-1797
-8335
2200
-1844
2792
5641
6844
-7937
-9895
4889
-6166
-4043
8574
-1012
-6380
-2482
5211
-541
8075
2151
-8847
2558
4766
9065
272
-8627
-458
-8048
4508
-6177
4143
499
757
7877
9556
2519
6518
-2032
3037
2470
7386
7437
-3183
2934
6011
1095
-7317
-7055
-728
927
-4695
-2208
1252
8054
37
4328
-3548
-9803
2105
5355
9667
2673
3025
9386
2004
7143
-8175
-3401
-3285
5784
-4975
-4279
2023
-9277
1886
-8196
3735
-5322
-7692
9054
878
-933
8204
4887
6803
9483
-9156
-7394
-3793
-2807
-2898
8446
-1566
7285
3655
3626
-8545
6315
-4937
-4781
239
-2851
-8236
-586
-9377
2811
-8942
4682
-6941
8913
6645
-1667
1964
4820
318
-4906
-2192
-2382
-1695
2601
3387
-6574
-1612
2968
-3695
128
1059
-8008
6121
3849
8190
5882
-6612
179
8316
169
4934
-4856
4628
-9049
-2223
-702
-3442
5217
3467
9831
3091
9615
6765
-904
-7927
-5135
-6019
5475
7599
2077
-9015
5396
-4712
-3858
8403
993
2426
476
-6487
2993
127
8900
-2116
-5021
-3953
-9756
-5539
1566
7860
-9876
468
2378
-34
-3497
-1038
7989
-4587
2974
-4953
8188
4227
1178
9238
3133
821
-6310
9952
5161
3051
-605
1934
-2081
3107
1283
4727
4887
2771
-9356
6858
-2049
-8568
7493
6558
7006
-4481
285
2192
226
-5892
-1954
-7086
3375
-1880
9557
-9511
-9956
-2690
-8423
-4973
-6741
-6613
981
5878
9711
-5335
-6849
-2175
3492
-5731
-3492
4173
1122
-2582
5896
-5961
-5636
-6960
839
-4236
-2259
-5629
2407
-1545
-7701
5874
-6099
6812
7690
6566
-9564
3842
482
-1637
-9844
4801
-8748
-2001
-614
9212
5624
99
6773
-5027
-1948
4731
878
5237
6560
-1278
-1855
7048
4666
-5812
5490
-6809
2950
-9053
63
-2736
7887
-9062
684
2790
-3745
737
8684
-9583
357
3811
4960
8084
-7858
-2107
-457
1734
5704
-5611
2345
2017
-2832
-8955
6099
2223
-464
-7709
9587
5028
-3809
-5505
-687
-2942
6002
-7955
-6162
-241
-5687
1862
3842
-7659
528
-198
5669
4355
-8927
-4501
2692
9189
-7329
348
-537
1516
-7710
9089
7858
4718
1114
-5119
-5750
-6327
-4951
-852
4843
-8908
-6040
-3623
6598
208
3460
4105
-5054
2484
6921
-9475
1503
4942
1823
-6950
3437
5647
5126
-8006
-6986
9474
3389
6353
1193
2714
2810
-8935
970
6033
2413
3
-1201
8846
6065
-9313
8121
3888
1144
5623
-5268
-1620
-2940
-9978
-627
2339
8080
-7099
6280
7047
1978
-9270
-3316
6509
3325
3054
-2854
-7775
397
-4142
-7918
2428
-1385
7617
9401
8973
-8866
-4930
-119
-945
5975
9383
-4870
6825
744
3310
-9107
9703
914
-462
-325
-2200
-7073
-1764
7264
-6943
7457
457
9503
753
4811
-6200
-2956
-2954
373
8743
3267
2270
-5894
7002
133
6053
-7067
5016
-6160
5692
-8617
4793
-2294
7246
-6252
6138
1899
5548
4919
7975
4468
7316
-6506
-5195
8858
-5163
5507
2376
-3987
686
6442
-9008
1502
2896
4022
7318
-2792
2722
-2849
8805
-3841
2304
-9196
3444
-1649
6881
4846
-4252
6339
-205
4189
-8592
8512
5331
-8401
-4629
2906
5401
-4539
7383
9790
-2707
7058
9113
-6854
7200
-5658
9635
-813
7922
-7881
-585
2505
-153
8474
-9312
103
-6115
4783
3805
-3091
-914
-7849
-8389
5511
-1998
3142
-4025
-5968
8390
8879
7914
5606
9100
2669
-6627
4558
6487
-5505
6577
-8261
4371
-6921
-6105
-7508
7537
-1598
-9057
-5455
7090
7891
2327
6218
-2240
7562
7426
6098
-5564
-9021
-333
9490
6434
2573
2218
-9794
-6108
9102
-8490
-6879
5540
7835
8354
7238
-4252
-9055
-7551
-8725
-3894
3068
4170
-5254
-5571
8868
-9698
-2591
8488
9797
4401
-516
9185
1138
8707
-2989
4015
5972
4046
-7563
9598
-944
5278
1608
8530
-1233
-6344
1408
-7504
-283
-5462
-9186
5282
1275
-9432
-7474
96
-1596
2624
-8324
9916
8389
-7143
-111
-162
9062
-831
4829
-9917
-825
7260
8869
7795
-3909
5885
136
32
2147
-2948
-2637
4134
4490
7909
-4944
-2724
-926
498
-3449
-107
8199
5928
-5580
7509
29
-4287
4903
-3493
-6490
-6482
4606
2661
502
-5783
6019
7231
-9871
8365
3095
-9628
443
-7002
-4910
-3479
8288
-4078
-1248
-148
-1951
8867
3731
2344
6840
-7278
5666
1425
7436
-1016
-3803
-7934
6186
-6623
-3600
373
-8043
8449
-1009
5633
866
-6491
2009
-5533
-6685
-988
8740
641
2745
-5329
7682
1468
6278
-1408
-8738
5901
-2748
-7328
-5490
-1110
9567
-2023
9474
-7934
6489
3452
-7968
-2403
-4198
-936
5040
3282
-3341
-171
9512
-2040
4797
6281
3556
-2092
2756
1437
-3314
-3274
-43
-7671
492
-4346
-6148
-1992
-3088
-2330
-5216
484
-2681
3849
3655
9403
-1708
-1231
2162
-4194
-1623
4401
4194
-8245
1966
-7400
3185
-9461
-3436
6153
-6812
-6174
-1050
-150
3105
758
-4744
-127
-5845
1845
7693
355
-188
-6819
-4962
7132
6569
-5899
-3277
-2948
-345
-273
8728
4810
5332
7987
-3114
3513
9872
-5299
-5261
3749
5329
-6201
4865
-8004
-4624
-978
5954
-9071
5196
-5042
-8862
-5811
392
6982
6668
7593
5533
-8239
975
2673
7045
-3741
-3301
-2965
6151
-7163
-7443
-943
-117
-5090
4154
9311
-5572
3767
9257
9115
3466
7982
-2225
-281
-7241
5021
-33
3182
-1143
-7798
-9177
-509
-3783
-9020
5526
6043
-8407
-6495
4220
-2008
2335
8073
-6909
-7417
9402
5120
-6399
1168
9458
9136
-6462
9419
-8624
4773
1865
-8695
-8099
-2161
-3930
-8843
6960
8520
-3524
-7612
6099
4397
-7132
4251
7689
-5309
478
-3457
-3602
241
-6661
-611
1151
8031
-2382
-3193
-6156
2146
-8988
-5149
3981
-8610
-8552
282
4790
3336
8649
-5724
3568
9050
-8237
4048
8681
7093
5345
-2730
3172
-8876
-7915
-2293
-2662
-471
-1777
-1827
669
-5922
8697
-3609
9106
-1256
6076
-2253
2037
4950
1820
-976
1816
-1842
-6492
6671
-8953
-9110
-2865
-912
8157
-3261
-8616
-7118
-9022
-1467
-8980
-909
8196
574
-1747
4075
-3624
3754
9603
-228
1332
-977
6987
-4862
8686
9462
3278
-144
-8177
3270
9794
-3944
-7585
1219
4382
8114
4120
7111
-2227
-8671
383
-7837
-1105
-6587
8569
-5378
-2715
-6828
-1863
-6089
4069
-9910
8184
6606
-9175
9565
-7341
-915
217
-6555
2757
3690
-102
-8027
-2825
-8999
-6341
1288
-5069
-3249
-539
-2149
-4167
-2742
715
1796
840
-1247
2030
5978
-6274
737
-6492
-4871
7159
6063
4837
2806
-6909
-10000
7703
-5153
-9893
7730
-6187
-6521
9071
-6162
-7671
8984
5488
-1240
6087
-7140
194
6416
5663
9695
-6986
7044
-6995
3200
9787
-3149
8097
-4061
-5670
-4248
-3021
-6805
442
9790
1366
8178
4276
2729
2728
103
-7674
-6151
6377
-9134
9064
-2010
6939
-6543
4398
-4693
-3456
-8904
-7711
6608
-4594
-3399
3278
9695
-5217
5872
635
3668
-1601
-784
-5396
3654
-1188
-1665
8613
-5803
1296
3688
8070
3371
-6858
3306
5048
-3311
-9892
-8456
-3092
3063
9374
7002
7801
-6561
-6786
8790
-1085
8350
-3124
8525
-6690
-9622
9593
-1554
1095
-9827
2609
-4104
-733
2408
-4123
-5971
-8477
2952
1675
4564
1961
4870
5512
6646
-8134
3722
-3425
6566
-218
5850
-1276
6936
-4707
931
-8399
1188
-992
5749
-5513
-7397
-7624
3542
1263
2281
-6582
-1571
9939
3815
-131
3311
6241
6929
-6867
-6188
-7146
-9533
-147
7454
4679
-9517
-4621
-7780
5893
1903
-6045
8750
1223
-825
4853
2866
6196
3653
-638
-470
4129
511
3960
1986
-984
-5540
1449
4182
7916
-9797
-5958
-4138
9364
-2546
150
4139
-3654
691
5597
6205
2553
3558
7445
8420
-2096
-1046
5352
8864
-3147
-2380
-3117
-1491
4495
-1099
2297
3009
-4348
2621
-7448
-5742
-4382
-4958
8863
3827
-6774
-8754
4645
9129
-8031
7250
-9109
4699
8533
-4721
-292
8922
3451
9615
-3589
7181
744
8943
-9193
-9992
-8662
7143
-3564
6461
-7856
3255
-1712
-3813
5025
3028
2227
-1036
6108
4613
1839
-803
9769
-7940
-584
-9591
-4731
-6971
553
-6527
-5637
1380
-2673
-255
7632
-3495
4781
1394
-6617
-723
-6430
-7517
7153
9941
6077
186
-8154
8749
-4781
7017
1846
-9737
5379
2450
8448
2574
-7005
-6373
-6090
-2673
-9033
-6824
9207
8771
5390
7823
1331
-6276
4443
1181
4493
3577
-2395
-8838
3340
-6444
3231
3458
6951
-7600
8973
9800
4399
1683
-443
-6238
-6722
-7111
6908
598
-3094
-912
-1147
-289
-510
-6556
-7821
1478
6959
-7225
-2560
9741
-5433
-7840
7309
5493
638
8614
5323
-2342
7831
-9707
-1763
-254
-4968
7436
-3383
8622
8208
8922
-9878
1060
3395
4408
1510
2909
6662
4467
-1224
6177
2550
-9923
4328
7569
968
1702
-8917
-4165
-2443
-9123
950
9052
1209
1542
5132
-398
8637
4927
-2802
7625
4904
5689
-4417
6289
9153
8520
-6640
4024
4345
-8786
5189
5933
-545
-4624
552
-7038
1527
8955
-3075
-1935
7715
-9848
-4463
-5461
-3201
-5804
-1342
-7828
4098
-4911
-8475
-9554
4275
-930
-9642
-8567
5156
9501
752
7604
1152
8575
8065
-8807
9688
1536
5187
9561
-5401
5414
6960
-9367
-7966
-2288
-105
-334
998
4934
4145
-2684
-2320
-2438
3747
-8226
-9234
2865
-6559
1656
-366
-1925
-8185
-5051
-9589
-1746
7625
-9110
843
4694
-6396
-9375
2640
3097
-1566
-5269
-3338
657
-6969
-9057
-8638
-8723
-1625
-6154
9580
-8818
1771
-8112
-6700
4080
-2196
-4334
-8503
-1112
-4279
-5062
-7948
-7741
4846
5784
-9289
-8495
1878
4657
-7687
-3183
-6121
7210
-6470
3219
1029
128
6253
-3600
8504
-6153
6779
-40
-281
2329
-8262
1402
4129
3069
-3427
-1936
-6407
-7197
1228
-3373
-5833
-6225
9388
-7313
-1736
-7665
4633
-7566
-3593
1776
-9216
-2313
6027
765
6202
2964
-8406
9502
-7676
5697
-3977
5553
4925
-3413
-6935
-5322
1100
1048
-5153
-3184
-5337
8918
9045
-4883
-2092
-4891
3856
308
-2321
-5881
4542
-3205
-1184
2712
2269
-8433
5231
-8924
-8812
5793
4063
-7969
-4065
-5278
-1879
-2168
9065
-3268
-5443
761
9266
-9046
-7415
-1971
8900
-9764
-4321
4805
6489
1362
2997
-6814
8816
3924
5544
-5164
-2219
-8613
-2812
-1833
-9463
-3550
-6636
-6207
1315
-3394
-2452
8655
-1830
7024
-5841
-1986
5963
-4309
1751
-4417
-7650
2247
1127
2776
8800
-6940
8098
-8172
4673
-1120
-1320
2614
6749
4445
2550
-1026
1715
-7392
817
7878
8614
2036
-6565
4039
-2741
-2113
308
6489
2382
-280
-9596
-1813
-1725
1930
674
-9396
-7308
3003
4874
9940
-6732
7011
-523
-3252
9323
-1831
4413
-6065
4049
-5878
-4972
-7820
445
1938
-8375
-8617
-5039
-7535
6355
-5253
-1481
-2995
8850
-7289
-3387
1258
-8595
-2737
-4513
-9149
-7036
4683
-1174
6743
9831
-7453
-1300
-4931
-9098
-6262
-4444
4546
6451
3452
-9598
8866
5894
2150
1042
-1353
7898
1007
9084
8100
-1949
-8142
-6886
5148
1757
-3277
3434
6747
3142
8081
1758
1506
1867
-4364
685
-8388
-4914
9459
8346
-2944
6657
-9971
-6717
-7048
1342
9361
-8460
2609
-1787
6954
-1210
-666
5722
6135
-7170
-3829
8849
-6215
-1822
-3387
2274
3232
-9459
4039
6309
5475
-9542
-8020
-5607
-3575
-471
-8542
8176
5904
-990
5605
226
-2777
6300
-5315
-2250
1066
-2536
-2913
-7849
-2688
-9708
-2943
8055
9540
-6965
-9176
6015
6662
-5313
4402
1856
-6590
2469
-5535
5751
1764
-3063
-5700
8090
-5473
5137
1636
-9884
7365
5894
349
-1912
3408
-2411
9736
1437
5035
8479
8596
-6288
-8045
-9453
-508
3742
-2334
-6275
-7330
6967
-488
-736
-8905
-6361
-9571
6001
3295
-438
-7874
1175
-1431
-5950
2088
-9057
7882
9224
-3003
2231
9861
8024
-9048
-8329
5300
-9634
-98
7247
6971
-2603
-136
5416
-8690
3994
-2621
3778
-2481
-3565
4462
-6283
290
8519
-764
348
-7734
6411
6511
-2198
9741
1913
-7878
-6715
-3308
3318
-4560
1475
8296
-6161
4185
-4851
3883
7977
9356
-7236
2744
7785
-5585
-1701
-7251
-5675
9978
-924
-7509
4683
891
1461
-3558
1815
-8908
6081
-1198
1386
-4705
4292
-8276
-9213
3442
-1786
1843
8886
-2852
-4382
9442
-1496
-5702
2798
-5779
-2461
2414
-7087
8657
7556
7485
-6107
9401
6505
-5844
-5301
-945
-2633
-6212
8912
1681
-2564
-3623
1116
4238
5064
-3228
4321
-9420
9396
7966
3606
-390
-3792
7527
9509
7211
-8267
1354
6919
-9867
-2130
-4656
-8155
1896
-8951
8755
1350
1330
-1337
2011
-4033
5602
-9325
2686
3579
4910
4869
5890
3697
-2011
4996
9417
7966
-5022
-3411
-5754
-3832
-1836
1535
-5022
3254
518
-7892
130
-2113
-1473
9719
-304
-6817
-51
-2064
3001
-990
590
-9680
-472
-4784
-4528
7568
-7108
-4381
-1992
8285
-8132
-6905
5550
7162
-4872
341
-9109
-3658
-6522
-6257
-7319
-2460
-8859
5550
986
-4955
-1037
-5619
-5290
6274
7074
309
9413
7688
6772
-8584
5479
-2725
-1667
-54
-9345
1404
1137
-4236
4626
3802
2031
3098
3951
-7247
-6413
2773
-3292
-2654
1240
5437
381
4965
-5426
3461
-4559
-4989
3573
3844
8679
-7158
-3272
9078
8545
8557
2451
9646
9925
-520
-5590
9357
7902
-6164
-7056
5768
1788
-605
-6227
8921
-54
-8628
-4030
3466
7946
-7393
928
2033
-5392
8841
6000
9897
-7857
2548
-2182
-7355
-2718
5188
-403
-9755
5476
3614
3440
4259
3005
7260
5237
8594
1969
9800
-6589
2055
100
-831
-5038
6098
5043
6694
7106
-1307
8457
4089
6681
-6625
-9292
-3540
-2052
4923
-9348
6479
-5166
-912
7142
-999
-3102
7636
-8812
8536
-8937
-4347
118
-2571
-3249
3785
65
8063
7471
-348
-9078
-1537
1648
2576
8849
-987
-4884
9527
3083
-1869
684
6635
-2218
-5366
-4730
-9416
8825
8689
-1662
1363
5242
-606
-6097
4748
9754
2123
-7978
-3896
-4630
534
2938
-6955
3278
-8719
1222
-2316
-9935
-3033
954
4361
4434
2896
5566
433
-1009
5805
1142
151
-9682
1280
2668
-9556
-2576
1385
-1278
9555
65
-2378
8273
4319
-7871
1064
5821
-2683
6130
-6926
5050
-94
-5789
-8
2141
2922
-8676
-3061
-2549
1974
820
-3437
162
-9087
5651
662
8941
9868
639
5218
-609
-5341
-6246
-8288
-4363
6342
3232
-8311
8564
-8387
5852
7820
-2603
7547
-1143
793
5498
-3576
2878
1257
-6441
-2517
221
5617
-6257
5920
6560
-3028
675
-7181
16
-2296
-4339
9823
-4327
6228
3387
7620
-1799
2920
2951
4986
-3404
-7370
2565
6862
-5318
6720
-4658
-6450
8315
2400
4430
-3199
-5992
-6736
9756
4133
-9640
405
-653
-5070
-2141
7208
-9455
413
9940
7489
-3038
-7478
-1020
-7809
8482
5013
5810
3155
-4786
6686
-3559
-844
-1706
4281
599
1359
-495
-636
7191
1814
3947
-1207
-9412
-1775
-4745
6689
3293
4583
-5429
-9375
-4609
-54
-8141
-701
6804
5634
-4236
-5274
-1536
1318
7817
2338
-8266
7781
9030
3867
2898
703
8677
-4910
6491
-9503
179
8138
-8967
2900
1920
-7564
1564
1685
9986
1321
2734
-4911
8828
-1603
8210
-4494
-7373
4654
2602
2492
2206
-9817
9799
5396
-9943
7384
-6231
4921
-3690
-3745
-8560
1197
-9235
6901
-9220
-5175
6968
1931
3347
-6324
4164
-9505
-3550
3898
-2820
-184
-1338
-1235
-8783
5130
2796
3546
-1086
5164
-2548
3492
6934
5045
-4432
-3499
787
-8582
6646
9429
2425
6942
-5077
-1310
-4778
6639
-9559
-1601
-1504
9560
-605
-1144
-8746
3670
-9472
2600
9769
8435
4478
165
-276
8726
2528
-3735
-7317
4610
-819
8393
-4577
-8505
1903
5144
-4862
9723
5416
-8547
9016
-6739
-194
1708
7045
2311
3719
6080
-5053
-3174
-3744
-6284
4754
6652
-1183
4305
8193
2795
-936
-6974
3443
-6415
-5813
6452
6807
-4031
-3295
-263
-384
-1108
8976
6855
-8486
-4517
2238
7479
7092
9413
4397
-7159
-9375
-8975
-574
-804
-1034
-881
5281
9440
1661
8511
-2470
-4152
-1287
-4424
-3252
-8738
-6891
3382
6018
6117
5027
-7557
5661
8763
-7958
14
4417
-5901
-7256
2654
7526
-4743
-6274
1070
3725
2136
3931
4690
-5227
5123
200
7032
8835
4713
-5093
1615
1970
-2054
2388
-2527
-3624
-8121
5232
9849
316
1946
8756
7486
4056
3451
-6274
8248
2622
-9301
-2072
-1325
-8784
-1988
1858
8444
-2171
1458
8058
-6107
-4320
151
929
8422
4308
-1187
-2189
-9380
7160
7696
8429
433
-8284
7447
-8028
-6985
-6559
2150
4120
2133
-3623
5855
-6669
716
7409
9114
-2809
-6908
1712
-146
8114
-7578
4853
-7304
-6597
-3487
1186
6668
-627
-2455
-9009
-9160
7907
-1982
-566
2631
-9535
-4122
2222
7119
7503
-8139
8352
5931
-8660
7757
-8244
-1787
5540
-9919
-5360
-8631
9009
-5992
-2892
5987
-6443
269
5799
-3103
-9660
-8653
-8368
1175
1269
-912
2634
6427
5937
-7753
3717
-1924
9275
203
4532
2362
1203
8039
8964
-7698
6318
-1852
-5018
-9715
7676
7866
-3537
-336
2305
1302
-9040
-6395
-9270
3490
6209
-3025
-1987
2188
-2308
-6971
-6248
2292
1307
-2616
-1323
-7303
6137
-7495
-486
1591
-2891
6002
2512
-3396
-1645
-1634
-5610
-4453
-2216
542
-6870
-8571
541
-7486
-3036
-2430
-269
-8310
1326
-2156
-5306
-2986
-461
401
263
9922
-6789
-1494
2426
6475
-9268
-4103
5046
-3483
184
-6758
-5829
9443
-3656
9297
-8010
-5376
2226
-8463
282
-853
5238
2301
5039
4508
-4744
-9137
-8754
42
5063
-8660
8977
343
-9684
-3452
7605
-8635
-8695
3415
6740
-4978
-829
-5035
6831
3782
-1466
-8103
-7890
1392
-3270
-2117
3167
685
5864
-6624
-4262
855
1672
-7989
8797
-8602
-9228
7895
-2470
7812
-1027
6072
6789
-3848
7847
-2126
-1065
-2629
-8428
-8878
3250
-5089
8844
5393
-3687
6688
816
-8051
6576
2349
7718
2409
-4682
-8527
-9277
-466
-2112
2916
-2610
-9357
1478
-6107
-7483
-6889
-3987
-1908
6309
-2786
-5282
6159
-2443
-815
-6274
-6959
-2990
-593
8734
-2227
-955
8679
-6169
-9513
-5218
-6845
6716
-5085
-4164
-1873
-5968
1023
-3632
8060
4429
6568
-4803
6416
1749
-344
-2449
1905
1314
6564
-5858
7723
-4227
2679
3539
-7115
9437
8315
-9112
5376
7430
9339
8420
2639
-6548
2263
-8195
-7572
2799
-5047
-501
1470
-6944
3109
5831
4815
6514
-3108
949
-7914
3809
2361
-2020
8362
-1612
-3080
-8050
-3480
4959
-5864
-9521
5658
-5690
-3875
1009
-5111
1437
7312
-3675
9376
-2248
1048
5073
3993
-8418
3256
-5156
-2545
-3285
-180
4423
-4199
-6968
-4417
6839
-1589
-4523
-7978
7238
-1219
8628
-6578
7749
8448
7386
-6910
-9874
-8981
-4661
4928
7945
-1706
5811
-4799
3613
-5582
-5816
-5294
899
3834
-6900
-6882
5601
-8915
-7929
7792
3543
6831
9952
-7023
2690
-8889
1603
-2477
-3161
3692
5565
-4967
-2654
-8294
-3069
-138
9541
-8920
2261
8211
1946
-4244
4850
-2029
-9635
4089
-5560
3118
-841
8349
-2353
6072
582
1868
-2829
-926
-9182
3691
1962
4004
5709
-217
9407
-4514
4028
-7208
8071
8830
-9964
7059
6399
-6907
3146
-7761
-4859
-9092
8763
7042
6113
2360
1898
-3375
3777
719
6726
-3275
-6518
-4904
-2102
-1637
-5075
-250
1179
-8930
263
-6322
7467
-2314
-9410
5246
-5287
-4260
5552
4165
-8366
2899
5159
-5809
6815
-8929
-1044
-5255
-7187
-8148
387
-6531
-4945
4778
4953
-4583
5601
7122
5452
7350
4171
3490
-171
156
532
-7034
3287
-8535
-1988
5364
6822
-4232
-4965
-6387
8874
-7081
-3321
-797
-5278
8883
-182
-2806
-6753
1462
-9950
2089
-7344
233
5999
-8630
521
-9978
1563
5738
-1706
-3722
-3446
-1708
-1216
-8332
911
-5302
8972
2054
5444
-2453
3291
7236
-367
863
5921
-6360
-2489
-4589
2255
-2956
-6693
-5679
-9204
-5657
9693
-7583
6883
-183
2606
-9831
-4238
-4259
9071
-6382
9849
9305
209
-5347
7967
2808
-6540
1955
-1123
8672
3203
-7258
-6675
-9778
6108
-1520
7771
-2177
5770
-8149
9148
1101
8614
-2412
-4957
-3817
-7627
-9216
8875
6901
5141
-5978
-3592
813
1396
3416
-2233
-3119
-4548
3076
4819
3676
-1207
1116
4142
-1093
3160
-6191
8744
-8544
5636
6661
3092
4104
4628
520
-4803
1338
-8172
-5337
2687
2049
9494
7263
-8369
3004
1303
-2574
2100
-5748
-9967
8198
-7345
8859
3809
9958
-4890
-3978
9159
5287
6045
4554
-8842
-6944
8157
-8433
296
3722
-3135
4454
-630
-4526
9474
3491
7884
-8561
6596
2551
7433
2462
3926
-5572
-5072
9757
-3502
-4931
-6446
-8608
5326
1558
-4079
996
-2830
-3885
-9417
3296
-1070
-6701
7370
-7021
-3405
3050
-74
-8246
-7608
3229
2852
9588
110
-545
1932
-1546
-8168
-8169
-5050
6196
8568
7854
8979
896
7277
3622
-3400
-7190
8614
6577
8986
800
-508
-2243
9233
6269
-7474
3495
-1122
-7739
1069
-2358
7405
-1706
5215
-2334
-5704
2375
-1337
-4471
-3946
-6262
5778
4235
-4529
-2194
-2484
9573
-2231
-7569
-2046
248
6139
-4707
-2683
2489
3407
2816
1627
-5615
-6754
4393
-2443
-6056
2391
712
205
7843
9828
-818
-1691
-4933
9810
-711
5346
2811
6324
1019
6997
1295
6451
575
-7418
6116
-847
-6458
-5514
-1377
8662
-3180
7046
8268
-1565
2567
6290
-9342
-8203
-1695
-5206
104
-3571
1401
-2698
870
-7400
-2827
2192
3261
9257
-4264
-1014
4021
4249
4571
-5615
-4401
-1286
-5555
28
-9286
7350
-5750
437
-6329
-5946
9229
5228
4729
-2473
244
-3483
4075
9294
-7164
4121
-5321
6855
9412
4179
-2430
3584
-9200
-9040
-9682
-450
8538
1025
-4152
6592
7115
9516
8628
-1231
-5782
-7160
9707
8632
5415
8998
-1689
-1000
-9006
4266
6322
1354
-6033
-7172
-3325
3446
-10000
-2185
2107
-2990
-560
9731
-9156
9052
2335
7274
5708
4447
6344
-7250
6032
-7866
6877
-143
5492
-3635
4654
-4693
3960
6730
-8230
4762
-9613
-3252
9959
-4730
-7594
7240
-1077
-9396
-3423
3821
-5088
2705
-5573
571
-8456
7014
-9026
-4182
-9119
7306
8916
-7205
3209
-6679
4582
-4994
2548
-5507
-4487
7232
-6672
6447
405
-2012
-1852
6383
6194
5641
-9003
-5974
-390
-8402
-470
3833
6716
1614
-9178
4318
-2700
-5824
6094
-4156
204
-793
1564
-132
1499
5674
1455
8671
-332
9241
4332
4407
-1603
2028
8294
-2048
2886
2878
-9696
4366
-7937
-1546
-4874
-1203
9027
4222
-1219
5531
-9188
-8065
-9634
6929
2532
1213
-3444
9926
-5026
6834
4606
-7398
923
-1276
2222
2302
2063
-3734
-6057
-1759
9859
-5571
4285
-4111
-518
-5237
1895
6956
-2894
-1748
-1415
7468
8214
-993
7818
4307
-5539
-7969
-3100
2525
7925
-3702
-5559
-9507
8543
-4095
5839
-6772
-4625
7711
4137
475
6827
3427
9521
-9735
-340
1890
-516
5672
-8329
-2054
8305
6326
1886
8433
-1807
-7855
478
2012
3885
-358
9711
-847
-7853
-3457
9417
9766
6825
1107
-1436
-8740
7161
6904
-731
-9638
6748
-7662
-7303
9632
-6907
-1666
7668
5208
-7817
5278
-4396
9121
-2368
6187
-2742
-2774
-7111
-6527
5160
1884
-6974
8539
-5319
6669
3483
245
-2324
3280
-6970
-5266
2289
4513
7733
2091
-160
2989
-5249
-6382
6740
1558
-7121
8258
9337
-7627
-8477
-5249
-8493
7996
1882
-9893
5127
7165
-8732
4334
2249
-4135
-5241
-9424
-4140
-362
-1869
-9805
-4524
5702
8322
-1527
6994
-7550
-9500
-3743
3403
4041
-6923
9173
3658
-9755
779
-3735
9176
8922
6343
9147
-6846
-423
-4407
-3366
7785
-8418
-7404
1899
8973
-290
-6237
-1675
-1405
-4339
3313
-1828
-9661
-8819
260
-3655
1056
-9457
2004
-9119
9069
-1068
9611
-635
-1269
-575
2606
1793
6939
-8822
2238
-8313
892
-6881
7732
-3143
-5665
1857
1773
-9887
-494
7982
-8395
-6523
-2510
5266
-8725
3811
3096
-6218
9514
-7470
-3886
-3643
1549
-2608
-9256
4855
-4423
-8870
-5828
3437
-7657
7777
-8969
1032
3300
-7135
5800
-5363
-3724
-3734
4428
-7412
-3179
3697
9216
-3771
6907
-6901
-395
-1536
-6303
3899
-2310
3256
3430
202
-1205
2637
-8699
-1513
8988
-4145
-8718
9030
7616
-384
-5224
-7168
4712
-6379
-7260
-2857
4086
-9342
-4721
9161
5755
-9917
-8168
-5623
4994
7870
-5085
-7472
5058
-2679
5930
-8850
-6566
6485
-59
4163
1052
-5570
-1115
8447
-1121
6808
-4522
7962
5937
-4057
1215
1687
-901
-427
-4747
4909
-4028
4722
6236
-9741
-6360
-6710
7709
7242
8556
-6044
8717
9027
914
1268
939
1381
-1645
-2611
-5563
-1666
405
455
8976
-6781
-8779
8988
-7059
-2109
-7673
9844
-567
3933
3807
-3633
-3103
8220
-4713
-2917
-4789
6950
-1264
-3501
-1577
-4568
3980
566
-2576
-6916
-6075
-8569
388
-783
8197
1064
-2054
9025
3168
-8108
5562
596
-9894
-507
-1633
-8819
3715
6773
-5740
-4760
9192
-3032
-8752
6034
4569
-4251
-5696
8742
6087
-3343
7166
2560
-8248
-7532
-2799
-7836
4581
-7471
5769
-3636
6784
-2014
-4246
8481
-8374
-177
3304
7074
6984
7747
4606
1923
540
3080
443
2362
9095
-2362
340
8906
-1072
-7619
6176
-2368
-198
725
2142
3267
-514
-5064
5506
6736
8692
-8000
7832
9269
7043
-57
-4705
9332
9972
453
8368
8641
-9022
2252
-9525
-6997
9032
2485
-902
9277
6689
-867
5150
-6884
1616
3175
-8574
-3171
-1084
377
8658
112
9874
5416
-1982
8803
9607
-4369
-1662
-2489
-3050
-9461
-5159
-1242
-6181
-4344
-4127
3486
3262
8646
4033
-2198
995
-5743
-9211
2428
9646
-4343
7410
-2398
1204
9307
-9311
86
5875
-6296
-480
-8563
-7056
-3912
2609
1385
-164
-2588
2438
-8802
-1766
4840
7997
-4681
2000
4106
1187
2683
-8213
5984
7902
7061
-5208
-9099
-3722
689
9513
-3579
7614
-8784
-9811
-4889
-133
6879
-288
3873
9562
-4833
8718
8659
5118
1721
-8771
9629
9031
6626
6434
7032
2657
676
-4051
3582
8352
2715
6578
7475
9947
984
2222
7708
4594
9218
4914
3937
7750
-6873
-6613
3490
-9943
-5819
718
-8554
-8620
-1450
-4353
-6301
3890
-5829
5792
-6955
4051
-255
3395
8338
4992
2935
5641
1625
-7956
2688
8205
-5730
-9004
-8711
6704
483
-8230
-1342
601
-1773
6632
9074
8230
-6900
9320
2434
3107
-3777
-8895
5938
-9750
7921
8056
6513
-2749
-5527
-9344
1925
-1335
4106
-9643
9012
6201
3199
-4790
3988
9081
5213
5554
2803
-3952
-194
-3364
-8867
-8516
960
-7792
1749
5230
5274
2863
-7866
-9413
299
5767
5170
515
5239
-6692
-9226
1582
-9352
8183
3253
3539
6046
8734
-774
386
-2776
-2828
-1921
8158
-3198
8524
-6342
-666
3589
6942
-2312
-6695
639
8395
5023
9189
-8770
-6434
4875
5768
-7205
8126
1291
-5321
-6988
7451
-165
-4927
4319
9962
-5230
-4858
6671
-9551
1622
-1596
9813
-4822
754
-4547
5861
-6781
1200
6815
2833
-804
7992
-5006
-8653
7950
-2011
417
-1555
-88
7122
8130
-6630
-9706
2424
-5634
-7547
-1529
8065
-8724
6037
-1502
-4730
1787
7555
4161
-5222
7439
965
49
-6310
-6090
4360
9677
1860
3844
-2562
1627
-6252
1145
-1835
7588
-6848
-1257
-7565
-7663
-7316
9901
2090
-5555
-6243
-9799
-1920
8796
6837
3918
-9455
9609
5376
8868
-7457
-6090
4867
-8868
-883
-9199
2555
-3868
-6937
-6208
-8665
7878
5507
7303
9578
-2578
4478
1536
-5634
1985
5836
-9060
4112
-8478
9058
2884
-1920
-682
-1129
-1994
-8130
6071
-4018
1741
197
5740
1099
-8092
7165
4739
3413
-9032
-6340
-8845
8381
-9881
8219
2886
-9714
6496
3118
35
6943
8639
-2607
-2329
-2691
-5946
4482
5950
-20
3254
7659
-5056
7639
5099
8130
3750
-1942
6368
-2084
444
1532
3849
6944
-5296
2014
2011
2544
1713
-8133
-4182
-4008
-340
3200
1167
-3087
-1896
7820
-562
-3377
2760
5719
-1416
-4291
-2212
-4184
-3153
-5618
118
3590
6527
-3555
3298
971
-2617
-7085
-6173
1188
5812
4817
4047
-3931
8423
7897
-9697
-4892
9880
4655
709
-9811
-3019
-7812
884
9670
4038
6120
-9569
-2473
9118
-7799
5202
1434
7852
-371
-9018
9883
-9711
-3373
1511
-3243
-4664
5317
7713
-5404
-6259
-5357
8251
-4366
7671
5721
3654
4227
4827
3816
5006
4893
-9220
9585
-1210
-7495
-5928
9407
8076
-9858
1857
9119
9772
-356
4492
-4907
-8269
4537
3870
2180
-580
-7906
-7596
8322
7224
-8372
3208
6461
2457
2948
-2509
-7412
-5459
-6377
3463
-101
-4606
8643
-6747
-7965
5339
8202
6851
1286
1448
8093
-3711
4799
8922
7137
1414
1614
-8728
1293
-9573
-3580
-855
-6895
5894
-7252
-7140
1287
-8870
-1454
4498
-8830
3625
-5882
-809
-6899
-8561
-2758
1672
-1449
1826
-6507
7247
3027
5044
9600
3361
-3104
6130
6794
4585
1
-3572
-9389
9589
8228
-2237
5090
4945
9963
7491
-5218
-3361
-7001
1939
3828
6863
6788
2707
1745
-4219
7
-6722
9269
3653
2401
4326
4517
-2192
-9065
1483
3866
-7411
2070
-1311
9495
-7292
-2662
-1868
-4616
-2371
7223
-1898
-6191
2919
542
6489
-8461
-5278
-999
5758
-7542
9633
476
-3400
-6532
8831
2274
-7532
-60
-7797
8456
-9505
5073
7794
-921
-4096
-5239
1237
-8540
-7058
1785
4228
5498
-5559
2405
-635
3575
-4993
-36
-4568
-5515
-7024
-4594
63
1176
-8329
-6765
4130
3787
7075
-9137
-7661
-9621
22
-6106
694
-3411
3159
-3785
-2585
1769
9966
8685
6722
-7952
-1563
-9753
-2969
-7776
4484
4617
-164
-3886
-737
4997
-8907
-9303
-2986
-9020
-9121
7982
-906
4853
-5265
3403
8015
9389
-2580
9429
7986
6774
-225
8268
1674
5718
1820
1448
-4391
-3388
3201
2294
-7203
-7707
6825
6138
-7827
1185
4055
9639
-2397
2718
9849
-1548
-348
-2147
9276
-4054
-3199
-3830
-8665
4917
-9374
3516
1573
5816
-5419
-4323
-77
1271
9740
-6248
-5040
391
8112
-7414
-8916
260
4243
5603
-6781
6755
2478
-9093
-7005
5628
-1026
1955
8657
7827
5468
895
4125
1351
-485
-6873
-4457
-7300
5184
105
-2769
-9735
2180
9956
1708
-1684
-4761
-3266
-9211
-9362
6669
175
-9759
-4761
8378
182
9867
-9271
-4264
-7975
1902
-2260
2836
4878
1358
8917
8064
4145
1087
5876
4045
-3557
-7877
4145
-4827
1402
4752
8275
-8848
-6191
-9913
2876
1956
-764
-2379
7839
8274
5180
1289
-533
7647
6292
-5406
2227
-1048
1664
5449
-1966
-7238
-1965
2603
7488
3103
3488
-7743
-9399
5789
5815
417
7388
-3929
632
-7780
3787
-2431
2333
-1825
7668
8728
-659
3188
-4655
-3293
-2463
511
-3573
3894
3711
-1277
-428
-5575
-5073
2630
850
6
23
-3003
-5806
9054
-7763
2430
-1489
3100
2399
7312
4599
-6528
-1140
9701
3528
-2182
1658
-6777
6644
-9466
-6092
-536
2966
4630
1491
1567
3026
3512
-6650
9943
-4481
3723
-9232
3533
6237
-4973
-2765
619
9663
-2583
7665
-35
3255
8607
4225
-1469
-6168
3023
-221
5080
-195
-9292
-3555
-3819
-4565
-2800
3027
639
2901
2305
4187
-9996
-408
-211
2813
-7395
-7461
-7149
2160
-3664
8439
-8244
2135
8312
5057
-9837
6727
-9025
9736
326
-4772
8438
-9587
1059
7963
4002
1790
651
-3711
-552
277
-4184
-2897
4653
4451
-3117
-5679
6248
-6027
-6783
-6979
8670
-3870
-6915
7766
-7604
8937
-555
-4177
5551
2448
-8861
1508
5519
768
5010
-47
-757
-3174
6388
-1202
-349
-148
-4268
-7445
-8329
312
-462
6673
7351
-1654
9755
-8560
3566
-7896
-1117
8081
-9199
8602
-6331
-345
-4936
3017
3660
-5509
-6704
-99
8534
-1461
2496
-6490
5431
2454
121
479
-9686
4185
-1948
-263
3794
-7682
2007
3529
-6900
934
-8034
-7702
4229
1591
-2056
-3929
2430
5047
7953
9638
-2798
1428
3069
-3185
-6315
-5626
-9893
4659
7940
-6499
928
6011
-3461
-3983
-3273
-9111
-4777
-285
-2431
-4195
3100
129
6812
3230
9975
7412
-3564
6346
6928
-9847
1682
3133
-6948
-9333
-1041
6146
4700
7141
-6519
7601
2105
-4
-9432
-4617
2778
4009
3717
4751
8624
6639
8286
624
9988
-8211
2462
-4281
3186
6921
-3134
553
-4313
2854
-1710
-4016
-953
-7697
-3143
-5703
8232
-7161
-5052
444
8744
-1106
-3947
-8837
6028
1265
7676
-5627
-1987
-1838
-4904
-7448
-6873
4885
-8423
-2168
3759
3503
3084
-2712
4199
3433
-8356
-565
6720
9301
9304
5711
-5786
-3863
-5072
8405
-8752
1726
9801
-6810
7239
-8407
-2609
-8207
-3411
5423
4395
-1476
-4518
6747
-6926
6463
-459
5706
4138
-2903
6395
-6184
-4831
1664
-8552
-6549
386
644
-2747
-7924
7503
-2812
-9031
-2719
3541
-6353
9723
6290
2303
6140
-3867
5405
1410
-2794
9967
7799
-1253
7346
3241
-1909
-685
6727
-5104
2146
-30
-2520
9158
-8308
-4760
2932
-1959
-1224
-4512
10
-9348
7167
3709
-9757
5720
-6116
-6105
-7630
3288
4926
-2575
8569
-8156
1233
-5739
4722
-7922
2746
-527
-7738
-10000
-2564
6277
4923
1333
9795
-3041
9132
-3494
-6485
-2125
1194
-5176
-8355
-2009
-3302
6170
-9218
3433
3716
-5732
5940
3924
305
-4840
1665
9604
2590
1627
676
-3422
8193
-1839
-10000
820
1956
176
-7269
-6572
-2225
-8623
9908
-1782
-8881
3080
2740
-3036
2020
591
-2693
4988
-9725
5434
-2634
-7842
6257
-4947
729
8679
-2832
8757
9877
1130
-5430
-9255
6835
-6509
-3199
-6524
6532
5402
-9107
-9724
-3725
-5647
122
-9914
-1670
3312
-657
-6069
-9735
-5351
9663
-239
-8725
7035
-3317
-5949
4291
2588
-7262
2047
-1712
5047
-3785
-1346
9127
-7048
4726
-297
-1506
8627
-2470
4543
205
7291
-4169
-9743
-7367
7910
4388
6557
-4773
-8678
-5923
-7105
-5846
-6594
878
-9798
7516
-5476
-3598
-9770
-9251
-3636
1220
-3126
9833
-9063
5308
-9394
-458
-1254
9607
-6642
153
1119
-1369
-4878
-5526
26
-6157
-3344
1476
8766
508
3649
-4
4334
3643
9071
-3761
-9816
1364
9266
3551
-4745
9381
-9694
-1027
-7770
6263
6327
5039
651
759
8803
7573
-6188
3882
759
6036
-1114
-5043
2208
-9695
-6820
7991
1072
-5333
6237
-7783
3664
-1287
2426
-4358
-2715
-6135
2181
6322
-4516
2213
849
-1948
4639
-3321
2631
8870
9599
-502
4697
292
-5071
-6963
1493
4230
-3618
3041
-4345
4920
-9674
-6303
4499
9800
3586
-4330
3708
2113
-4524
7695
185
-1674
1167
5312
6120
8234
3689
2407
-5554
-6563
3766
3225
298
-980
-6487
-7880
5902
8765
9228
-4599
-357
8032
-9590
1868
192
6546
96
-4155
-9789
-244
4471
8010
-6683
8486
-2864
-798
-3339
688
9121
-6021
-5038
7639
-7619
-5737
-6210
7002
-5733
-2969
-168
1926
2332
-8982
7920
3873
7401
-9146
-22
7144
-7351
-1289
-50
-3420
-5329
5221
-4241
3471
662
8526
-3815
3389
8623
6272
4820
-8427
3877
-4686
4900
-7515
-6887
-1451
-195
3752
6147
-6019
-6929
-70
5028
1999
80
6
4419
-5577
-940
8798
1861
-8315
1465
-3497
3843
265
-1312
-417
3301
-3595
6205
-2398
-5034
-9990
1049
-1805
4406
-2450
1981
3097
-1570
3324
-2486
-280
-7153
891
-4654
-1863
1808
-1548
5840
-1737
4354
3507
-2657
3197
9422
6048
-3837
-2853
-8022
-7301
-7924
-3507
3134
-4722
7950
-7540
3528
-1544
-4146
2163
-2750
-201
-3812
4364
-2985
437
753
-9117
-682
1357
-248
-2397
-4388
-1677
-6149
-4097
-9560
1341
6019
-6311
8075
-9600
-1091
-4422
-9076
113
-4554
3628
8840
4572
-2665
4515
8357
-4067
-7895
2688
4458
-7269
-8288
7381
-1086
-4171
-9772
-1357
-7975
-3048
-4131
5847
5002
3351
-1390
-3467
4411
9189
91
-4543
1650
7483
-6907
-4380
-8133
-6355
-8094
-6774
-5632
-4332
1043
-4738
455
5015
3564
-9085
-5413
-1907
5143
-7074
9143
-6715
9581
4426
-2166
7529
4928
-318
8554
715
3479
-2004
3317
-3793
-5073
9681
-7462
1655
-4117
2633
-5461
-32
-7276
7810
7166
6036
3479
4077
7845
7383
5036
288
-7648
6874
4225
-6120
-472
4398
-7345
5105
-4475
-1786
615
5945
9835
8075
-1763
7090
8274
7985
7769
2709
-2201
-5111
-8798
-317
-8913
5088
-8689
4759
5217
4881
-1300
1541
-4903
-2876
-1224
-2271
9778
5059
854
8406
8187
5825
-3605
1956
-5270
1714
8041
7720
9002
7450
6134
5054
1722
-2955
-5270
9703
-1238
6494
9031
5978
9699
-6276
3257
2737
9759
5326
7025
-3993
-9408
-2926
4150
3793
7043
-1277
8401
-7008
2462
9430
-8166
-3395
2253
-9012
4607
4663
6650
-4017
9236
5138
8097
7652
2446
5400
2366
1017
-7548
7930
4041
7311
-497
1864
-2623
-931
-555
-9161
8238
9204
-4869
6341
7521
-2813
-2843
9573
-730
5257
-410
-6168
-8708
9004
3473
-4739
-7412
6701
8351
7817
9661
791
-975
-393
-5671
7913
-8702
-5907
2375
6817
-3944
-4421
6135
-6156
1495
979
-6264
3885
6130
6530
911
6120
-1532
9499
6861
-1721
3008
8103
-3436
9520
-753
-3964
2403
-5288
9256
-8177
-4891
-3281
7828
9483
-1224
8124
7398
-6246
5239
5842
8046
-5313
-3382
4562
-3387
3780
-52
-5346
1798
5734
-5029
6487
9688
-5423
-9927
4671
-4689
153
-4529
5234
-4773
9012
8482
-8172
3915
-2705
9458
5234
-9882
8174
6070
-1999
-4537
-7085
-3002
8054
-9063
5624
5868
8449
8745
-9538
150
-26
-7489
-7941
6520
4112
-4757
-4404
4862
3107
1959
-2419
-7808
-2345
-7233
-2371
5278
5467
6699
-338
7673
-6510
-1847
5128
-5460
-9645
4766
4059
4352
-7923
7770
604
2061
1332
4342
-8962
-8780
-9179
-3036
-5895
-1826
-7973
1783
4404
-43
-943
1164
-3442
-7169
4481
-8082
-1994
-2265
4146
3379
5260
-6596
506
-8161
5599
327
5301
6383
8201
4589
3185
-1022
4209
-5062
-9546
-8723
-8807
-3284
-5848
1314
58
2168
-6453
-2256
6762
720
-9544
8557
-8564
522
4453
-4184
6173
-4661
5911
5034
-1847
8065
8321
6285
-4898
4508
9724
7184
-4399
727
-6008
8058
-3796
1886
2837
-5533
4022
1182
-4298
3474
759
7937
-3296
3816
-2601
7905
7043
-7885
-7795
-549
-4799
-2095
4384
-847
6861
-3343
-9241
667
-9488
-1484
-3991
8841
-1817
6659
1747
8157
-791
3032
8377
-8278
-6994
6941
-214
-7650
-3092
748
2094
-2595
-7894
-8252
9682
9757
-1787
-4924
5042
-4800
8672
-7937
4558
-1958
2553
-964
239
4867
-9765
3787
5083
3565
8051
867
9350
-4237
1532
-5602
1145
-4993
-3011
-3682
-7996
-4161
771
7360
-8181
40
4266
7682
6485
8319
-8002
4784
-9730
6100
572
5654
-6237
-9231
-9859
7027
7732
-4963
1436
-6387
-5256
8158
5462
8495
8140
7862
5787
762
-6094
-3397
3138
-4980
5285
-9697
-4583
-7513
3640
-6222
-3327
-5093
-113
-2808
-2261
4588
-1828
-4712
7419
7118
-1915
7975
-8421
-7884
4240
4995
8218
4191
1506
-4551
8961
3510
-1322
-9081
-3676
-3007
-5105
7522
-7165
618
-8042
-9959
7220
-9884
1464
-2320
7654
9162
6513
-4537
-8950
1478
1878
4415
-8970
-2711
1243
5716
5789
-8622
-5514
3310
4871
9226
-3845
2253
9050
2965
-4477
-4870
-8017
9556
6301
5235
1851
4090
-4430
-3281
-8945
7286
-7023
-3700
-6727
8033
163
8859
8398
-1453
7175
-773
2818
-6039
3994
9573
-3967
3972
9610
-7069
9058
-2801
2271
9092
1358
-8251
-3809
4903
1107
-4902
-9541
-4444
-8026
-4432
4418
-7504
-8029
-7392
1598
-766
4712
-5262
-6844
-9667
-7800
-2131
4104
6992
4532
6308
-2665
-8502
-6848
-6587
-6484
3274
1389
-8172
9575
-4711
-3478
6874
-1849
171
6012
-5856
2032
-3066
6776
-2274
-4938
7296
-8389
3608
-166
-7553
-8393
8955
-8374
-5197
7914
5108
6086
-364
-2940
4574
-7442
-8647
-9706
-1862
-6041
6837
-5479
5011
2762
7291
-698
2117
-9659
-4125
2215
-6219
9131
751
3426
-4013
-7109
2635
8302
-9061
4834
7614
3796
150
9534
2732
372
7310
3037
5609
-353
-9705
-8065
8700
3695
2972
6173
392
-5125
5004
679
9979
-5051
-8400
5410
7860
-9733
9328
5674
8115
-165
-6335
-726
-9603
-2996
-4795
9374
-6512
-3930
9250
-8773
6134
-5609
-4975
811
8089
1908
8680
2339
2848
2978
48
-7644
6473
1172
2683
-8548
6784
-9541
9757
5031
8994
1920
-6941
-9551
-824
5464
-1449
829
-4111
8311
-777
2801
5692
1125
-3133
-6327
-5705
3790
796
6296
-4455
-5533
-3247
-4262
5210
957
-4668
-6274
1589
-1126
4254
9235
-2071
8268
-4799
-7302
5268
-3070
2100
-4487
-592
5564
7591
-7580
-441
1423
31
1104
-9374
1526
-9572
-6332
-1289
-8481
-894
9927
5081
3191
-3918
7589
5032
6324
4702
-7392
100
2878
-7393
7254
-7282
2115
-3155
-7146
5749
-9343
-9172
5039
-5492
-3518
9211
7503
-5740
5138
-5513
7349
-2180
8880
-6715
-378
9250
3155
986
4111
7360
9309
6025
5248
-1358
7464
-7469
8413
1007
-1400
7270
3317
7018
4501
4886
2735
-4491
-4640
-8435
7345
-3886
-4230
-6265
9649
1276
-7256
1158
-837
4654
-5834
-3543
-8050
194
8361
753
4127
131
9108
9873
-9869
1132
1132
-57
-8917
2283
-8101
5501
-8682
-2805
7849
9834
1458
-8450
6074
279
307
8630
509
-2531
-3963
2584
6540
8773
-1092
8385
-7652
-1299
-6857
-9210
-9867
-5798
4739
3179
2681
6306
-6862
1761
-5015
51
-5331
-2307
-2629
3914
8796
-6038
-199
-8752
6667
-6518
8240
-8056
8667
-3409
-1715
-9370
-7855
7961
-1343
-816
1686
-233
-7490
-2776
1589
8031
-547
4253
-1324
9820
-1351
5118
-2183
-4308
-18
-2088
-3316
1560
-8577
-6995
2528
-2426
-8104
5304
-3775
2327
2949
-7725
146
5606
9172
3178
4188
3644
-6060
-8641
995
-9570
703
-4456
1282
3005
-5831
6185
5467
637
-9239
4856
6687
7468
9010
3541
-1394
9346
522
-4298
-3924
6098
-4873
9984
4295
2498
-4018
6264
-6002
5081
2179
6033
-7088
5190
-876
2784
6446
1605
2585
-7114
-8849
-3525
-1503
8881
-7026
-9322
4137
-8034
-3154
-2113
-1135
-1329
9173
3229
6612
8057
4701
2700
-7588
1961
-9624
1748
8894
-7798
-9563
-3373
2593
3901
8882
6839
-7390
2369
-303
-2497
4663
-1840
3537
1443
-356
-4533
8492
3828
8415
-8596
-2153
-9298
4477
7870
6060
-7390
-6368
9948
-2005
-981
-2467
8227
9740
-2617
-9572
8410
4677
-8142
-5611
2881
-6785
3876
320
-5045
7856
-6169
-4298
2284
-3391
7585
2720
9660
-431
-2175
-1138
-9899
-144
786
7156
4501
5768
1719
729
4554
-6705
331
-6564
-112
1018
-239
2794
-3822
4878
-1600
-1899
-3165
-2628
-3284
-7503
-1484
7224
-1650
9067
9932
3243
-2792
-4901
-8940
-6310
-6463
-6063
-8919
9902
2329
-4038
-343
-2527
8131
-3895
-7854
-8860
-1035
7670
4082
-8635
-8042
-328
-347
9738
-4591
-793
-8840
8632
2316
6019
4873
-3342
7641
8232
-1335
860
5936
3571
2543
-2932
-1142
-7236
-4736
7111
2547
3622
5414
8182
3078
-2536
3724
6262
-246
7036
9493
-9591
-2322
-2704
8152
6905
1794
-1030
-5860
-8468
9066
-5855
-766
526
-656
4184
9575
5463
-809
883
-9396
-9481
4941
2861
-7481
-322
-3609
3801
7944
-1655
-9417
-1863
-8580
-5009
8937
-7214
1923
-8581
9131
-7624
-237
9044
6205
6059
-3632
-9949
7787
-3118
-5657
-558
-8714
4157
-3059
-2411
-6319
-4219
6016
-5859
-1581
-1772
2766
-4261
8563
5015
2275
-1827
8611
5596
-7198
-9010
-143
4074
2069
-2416
1502
-679
-4378
3328
7967
-4363
933
5871
7728
9570
-5127
-2908
6220
-8283
4666
-8591
6649
3241
-5250
1936
-7936
-7961
-1023
-8791
5036
1441
893
-237
-3068
-290
9261
-29
-9175
833
-154
4066
5626
-759
6505
-3218
-2982
9502
-6290
9294
-7972
3134
-4481
5053
306
-8915
-9569
-8371
-1741
-2845
-2814
-5072
-77
-916
9539
-1093
-4179
7048
-2726
-3387
-8697
-3218
-3581
1949
-4051
-7990
-2752
9015
7848
9479
-1184
2502
8417
-9586
7584
4294
-6520
-3845
-4888
5138
8472
-822
-2507
-7841
-9896
3482
1013
-7907
-4643
-360
473
3018
8754
3801
-7368
237
6256
9449
-4316
4801
-4086
-2174
8988
-9532
-3719
-6637
-1390
-1809
961
3906
-7276
-4389
1911
3339
6342
-9244
-7431
-2537
1374
-8319
-3627
500
4480
5866
-6158
-3849
2740
-609
-5370
8774
8527
5996
-7458
1181
-8705
4090
79
-332
4399
-7699
6667
-6936
-1288
6844
-9403
-4864
-9766
4360
2277
-5526
-3661
2845
-2588
8476
3075
9185
1328
-370
1165
-4743
-5009
-342
-9792
1552
-6464
4862
1792
3903
6450
6804
6104
6570
6311
218
4258
7868
-3283
-8606
5895
-3155
9911
-5980
-307
-6406
131
-6330
-67
-9535
-7144
9114
-1663
-1866
-4529
-7723
7318
-2764
620
6777
9874
5284
2471
2399
-107
-8318
9947
-2887
-1965
-9478
-1330
2045
-1310
2529
-8093
27
9529
7688
-6929
-4580
7296
8499
9958
-6111
2131
7517
-2415
7328
-2035
-9542
4518
-1541
5862
-778
1937
9128
-7634
-317
-9170
-5460
-4106
7822
343
-1300
7235
-5821
3358
4468
-8808
8013
7549
-3729
9788
7202
2066
-5087
6827
6760
-9536
-2378
-6869
-9935
9568
-6141
255
9509
-9729
3855
-5629
-594
-334
-2444
1260
-803
-8610
4281
5740
-6646
-4955
-517
-4767
4305
-2167
-2703
-2297
-2796
-3894
-886
-7472
-3351
6990
1771
-7380
9803
935
2597
-6294
625
-5960
1146
-8033
-5771
-2438
7382
-4035
-754
-4327
-4442
-3046
9221
1859
6079
9453
6494
-8204
8703
-2034
8761
214
-1656
-833
-5679
-7511
8928
-4125
2675
4928
-288
-6458
7598
-6335
5417
-9161
-4305
-1671
5486
-3972
-3436
-2856
-5434
8549
2944
4293
3045
3981
7192
-7267
-7261
-9637
-7958
6690
2205
4829
5674
-5619
1782
6894
-3048
-5547
-6389
-8106
8289
-3455
-9094
8141
-4274
5184
9955
-6203
-2932
1827
1945
16
8497
6146
-11
8249
5130
-5236
-2323
-3471
-4406
1666
6294
-5129
-5704
-8901
-8364
7086
9172
2309
9950
-5464
-4420
1683
9677
7139
-6754
6669
-510
9636
-9007
-2350
9666
4634
8587
9942
14
2951
4173
-234
8687
-8181
5522
9623
-9679
2867
3889
3239
-550
-3922
-2599
-8817
-1235
-6336
-4028
2737
-9588
-7372
-2323
3237
-5560
-1214
568
1743
4595
-1941
6724
-6041
-1274
6689
-5777
-3835
4674
60
1003
4320
-4492
-6952
-4738
7118
1281
-5922
-9771
-635
3934
-1014
6959
-3179
-158
6001
-4932
2659
6014
4285
-1816
-3312
9077
6474
9301
1768
-4168
9858
5060
-8569
-1976
-9922
-4013
-1264
2583
-9207
5487
-1125
-2251
4327
5737
-9017
718
3154
3745
7053
9929
6437
1357
-5092
8138
-6354
-5076
8894
4162
-101
-9615
2335
1639
5052
2839
-5408
332
817
-4590
-2146
6963
2441
4283
9039
1577
-8307
-1972
-99
4547
1930
2735
-5025
-5481
-6829
-9301
-6858
7961
3143
-6773
-1579
902
-2243
8473
-9351
6734
9300
-163
-1670
4818
-3016
4922
997
-968
-918
9713
7142
-6840
-198
-6513
2167
4337
-8707
9474
-4560
4161
-1378
-594
7338
-9630
6821
-1446
4802
-6880
-8219
257
-8112
577
2258
5171
-7186
735
4017
1233
-4384
-6749
-2195
-4099
-2716
-2536
-4682
-1997
912
3703
7106
2399
7029
2795
2432
1521
-4373
938
-8171
7185
4730
9560
7596
-7181
-2527
-1537
630
1204
3796
4042
-6944
-7449
2751
3374
-2665
-1437
-61
2
6066
6571
-4052
-7864
6539
-857
208
-8578
3086
-6378
-4036
4880
-5398
4170
3377
-1877
1576
-2724
-5905
-9864
-3170
5755
2245
9298
2747
-7443
-6032
-3970
-1633
-4768
-1113
8232
5791
4906
-9443
-3281
-6601
-3670
-6695
8620
-3002
6320
8622
1745
-450
-9112
-4403
-8909
2519
2254
-3385
-4844
-369
8762
-4862
-2817
3457
-438
-5052
948
5527
5686
7781
7810
2051
9891
-6414
4451
-6065
2836
667
3554
-3968
7665
-3492
238
-12
8116
-8985
5219
-6881
-6280
-2768
-6526
-4448
-2775
8430
3292
-3386
558
7828
8085
-3085
6994
5058
4953
49
1569
851
1723
-5871
-9033
3878
-9995
-2784
-353
7180
8634
9506
2006
8698
-5972
7748
270
3593
-766
9698
-768
-5258
5144
-2844
-4972
1697
-4014
-1823
2380
-8481
-7308
5537
9741
-7614
-3290
-3914
-9541
-1200
-6749
-7866
-3082
-9857
6269
9445
-1067
-3695
-7389
-7377
6436
8192
-7425
3147
1039
-5871
3729
4024
-2097
8129
3529
1978
-5383
8190
-3814
-4289
1272
-1282
-9320
2292
-2527
-7444
9187
5148
4627
-7609
435
-817
-8221
-776
-8610
9387
1885
3129
-3267
-3340
-2018
2592
1350
-7923
2375
-7378
-5493
-445
9394
7920
-960
-7257
602
-6904
9557
6015
3435
9566
356
-661
7126
-9553
-6070
-8961
-696
2036
-3804
-8532
9524
3461
6482
-1819
-6160
-1533
-6646
-3900
3845
2904
1008
174
9437
-2254
-95
2029
6262
-4474
3737
2542
8843
-4725
4033
3768
-65
1073
1436
3165
-2313
-4689
4140
-8157
9033
6780
-1828
1370
4969
-6308
6380
-5456
-7754
4371
8107
-7938
4867
-3942
6208
-2361
-4320
9151
3328
-8418
-1143
7196
108
2603
2818
2995
-3720
5218
-407
1355
1375
3204
8600
-3422
9442
-7863
7818
2730
2757
2048
1181
4145
5751
9412
-9317
-5634
-1002
-4282
9431
5040
1921
9187
2539
-8851
5668
-5181
8031
8149
-2337
-1005
-5136
2119
-2249
-953
-2778
7632
3586
3564
-6819
3192
3263
-8942
-8574
3633
-129
976
-9858
-8452
-6374
-5696
-5186
-5974
1029
693
4024
-9201
-7831
5886
2576
-6999
8421
-9802
-2315
3681
497
5444
-6573
9495
2557
5838
4334
-2183
5501
7022
-5885
4170
6811
355
5416
-4147
270
6765
-6682
37
-3778
-1423
-7900
-176
-4391
6139
9346
4018
-1123
-4223
-2289
-4328
-683
-9060
-6978
644
-3856
8430
-5425
-3230
4966
5909
-5500
9418
-8370
-2644
5000
2073
7809
-7607
-1995
-273
-1810
-3586
-2920
-1334
3017
-1460
6910
263
-6618
-5941
3193
7664
-6007
8189
9977
-6507
-2893
9117
6587
-3850
-8371
8341
502
7297
-8236
-6302
2198
-1970
639
628
2286
-7843
-9548
-8065
1229
-8347
-5142
-3202
6020
8015
-556
-5849
8474
5517
2571
9126
-6630
5027
-1289
2138
-3023
-3367
7609
-4912
5034
2442
-3468
484
4312
8285
-1880
5296
5054
-3973
-3219
-8102
-6799
-5491
-5268
-5606
1668
-3614
-5830
-2283
5916
-9749
2364
2503
9749
697
7757
-9337
-2554
3974
-6612
-4214
8340
937
-1822
-8553
-636
-5382
3282
8373
8864
-9669
-9038
-6757
1618
-203
-2221
-459
-1266
4060
-2215
1053
7654
-1012
4449
-4553
-2439
-1653
-1572
2935
-8274
8085
-9113
7723
927
6708
6017
-6960
4866
6708
-1010
-4066
9137
-3692
610
-7094
-652
1480
3818
-701
8640
2921
-517
-1265
-6771
3612
8027
-7285
-4954
-3826
-5963
-3737
2625
-4695
-7367
7798
1664
8508
-7877
9631
-2782
6794
5061
-1155
-8671
-4806
-1941
2991
9894
5794
2386
2774
6300
8922
-5873
7730
-3836
-4755
5219
7910
3027
-509
8230
3650
-8101
-8942
-1129
-2996
-2470
7566
-2057
8517
-7112
-1707
340
-9586
-5295
-7268
-8541
-4747
442
-5916
-3983
-1826
-4983
4795
2769
-5888
6555
4739
3125
-6709
-8471
4386
-8626
-6557
6893
-4058
1069
9751
-6613
-6545
-6018
-4216
6894
-3870
1377
8621
7380
-6760
2604
-321
-2301
-6546
6860
-706
-7834
8482
8720
-6724
-3565
-984
4384
-8544
3051
-8298
6156
5399
1920
-8757
5995
8267
2980
-6996
6695
-2600
5
-2942
2416
5597
2396
1403
-6766
5573
-3367
-7113
-403
2656
6418
8260
3824
5765
-6804
7441
5566
4170
-1074
8030
-3438
-8712
-3567
-2225
-2703
2846
8450
4322
-3521
-7715
-407
-2180
-6704
-5933
9152
-5377
-5920
-1469
387
2467
-2827
7714
-6839
9943
955
-723
-3633
-1764
-2729
-7794
125
-3972
9094
8645
283
7958
-4356
3005
-8787
6389
862
422
-7712
-5627
-733
-589
-7921
4692
-6273
-3567
-7833
-6810
7143
9365
2719
9106
-6492
-2716
8982
-2115
3377
8147
-9839
2262
-723
3378
-9685
-3193
-753
2492
5319
1010
4730
4102
-6571
6701
-7684
7112
-9170
-4307
-7949
-4351
8917
7650
4792
4822
9996
7120
3894
-9120
2444
8326
1033
-7316
7996
-8502
3818
9483
-1547
2871
-9377
8967
4978
7881
4390
5671
2982
515
-8949
3930
-1171
-798
-6020
-7444
6174
3335
-1698
-6821
-579
-9827
4442
8987
606
-4080
-5098
8393
6963
5827
386
9725
5698
8859
4195
943
-7267
-6049
-5117
-6312
-217
8681
-1919
2298
-4211
1747
9636
5823
-2025
4399
-2751
-5631
-2006
5700
-8491
9041
-2346
-6888
2205
-3210
9272
789
-5376
4530
-5221
-8582
8196
2337
927
-6073
-1726
-5946
662
-4577
5704
3288
9866
-9401
-3994
4108
-1430
-1139
-696
-7552
-9597
4541
4340
5751
-6006
3540
-5787
-1033
9567
71
-7511
-5205
226
-1234
2324
1577
7487
4791
926
-4940
-9304
4669
5164
928
-8362
-5775
-518
4040
-853
-8137
-9333
-8705
3819
2829
-1873
-2331
-9990
-6133
5387
-7987
1546
-8364
7843
4008
7823
4285
1247
2470
7771
-5169
-9389
4003
3971
-279
-3699
-9775
4445
-5573
1111
-655
-4519
-7088
3392
-2491
9622
-7415
7462
539
5528
5522
-2769
5614
-8952
-8564
-5384
9675
-1052
1841
9564
-2506
7207
-7018
9273
-3482
-2519
-3301
-9376
-383
-8308
-7142
5287
2441
-3633
9664
8518
-627
9000
8023
-5499
66
-2398
5050
-3597
2442
-3833
-7386
-9954
4720
7136
559
2153
-2449
1102
-4884
9210
-2954
2880
-781
6912
2121
-2618
-2733
7961
6026
-2734
-4338
6386
-6419
2939
7163
-5995
-4177
-7326
-2747
-3822
-5547
-5583
2874
8189
-1551
577
948
98
804
1358
3577
7671
2439
6478
-2479
3479
6611
1362
7364
8048
3882
-440
9696
-9252
3851
-972
9824
9350
7590
6751
8409
3823
-796
-5239
2668
-8026
4593
7986
-3848
3634
6698
556
-8780
-7870
4090
8196
-5254
882
-3501
355
-120
-8636
-9353
8214
65
-6342
-9108
193
3541
9409
4313
3965
-6052
1863
2721
5830
-372
2815
1693
8326
-6523
9116
7439
-297
2706
840
-7538
6776
4026
7891
9814
-4467
4946
-5894
-8729
6274
-2339
6644
9032
288
8007
6809
4450
-2050
2210
-3836
-4001
-8111
1880
-9170
2628
-4981
-7227
3156
9508
1417
152
6131
-8459
-9505
9668
1750
5353
1907
-3188
78
5361
-1282
3458
-9002
2921
2376
-133
4889
-9155
-1451
8372
-1147
-2698
-370
-5710
-7720
-1619
8302
-5124
-1368
-1966
2856
9636
689
3448
-7647
4405
233
9365
-2021
7539
5388
8973
-9163
-1651
1525
-3225
4635
4302
-6517
9831
-442
8024
357
-6728
-7596
-6130
8332
9009
1730
-3320
-2411
-9160
-406
2094
-3150
-6982
7831
-5777
8875
5221
-4196
-1213
5310
-5647
-3019
-286
-1591
948
-3472
-4322
-9168
-8691
4885
2248
-4707
4944
-9725
2330
-4704
8182
699
1750
3487
4509
6990
8753
-8537
8624
-9720
-7184
2992
-1114
4923
-7718
8411
-8933
3218
-3125
-4379
5264
4667
7241
-1125
4465
7242
-7662
-8285
-3074
-272
-1161
-4482
6995
5625
-5977
6302
-20
-6495
1037
7474
-7372
-9890
-8130
-8550
1372
-8820
2347
-5559
-7563
9109
-8621
-8548
1141
2536
1307
-8555
4640
-2629
-6348
-4895
-8063
-6155
-6684
-6903
-5920
2397
6707
9856
7939
9110
-4745
550
-3136
4931
8895
3525
3831
6600
-6566
-3389
9081
9732
-6280
2813
-7755
-1851
6532
-163
-6817
-4850
6012
-9513
3930
-5062
-8374
-7734
-2290
1326
-4263
-3164
-6985
428
-7367
-4589
1841
9435
-9738
-353
2110
2386
445
-9572
-7490
-3230
-9914
763
2047
8448
-2698
-1308
4899
6939
-7855
-2037
-9305
9887
-6997
732
-9264
-9583
-4319
-8215
-1045
-5300
-4290
8996
-9295
7887
-4603
-7104
-1666
5756
-218
-5429
-2402
8342
-109
1578
-1203
-8917
9697
427
9712
8602
834
6946
2662
-8188
9624
8138
8583
1932
5046
3730
-5575
-3449
-2506
-9953
-7916
8127
-4147
-3709
1715
-1297
1020
-3564
4799
-547
-5022
-7283
1947
-7545
-3209
-7755
1423
127
1455
8985
-3710
5030
-112
4742
9652
-7077
-8458
1689
6182
7849
6957
587
-2808
2425
8116
-77
-8858
1665
-5552
-4822
4263
726
5029
1824
2170
6913
3648
-4938
2614
-5053
-1307
-3897
-8731
7457
-7133
-7487
-2283
-5580
8163
-6124
-6190
-7846
-6153
-4411
-1966
4230
-9452
8538
3750
-1700
-9072
1580
-1328
4760
-3228
3958
-2314
3868
-2760
7237
-2512
-3556
9968
2980
1816
1731
8518
-6113
-2314
7829
5458
5294
-9817
7583
3653
-6268
4493
2102
-3566
-35
-1929
-3642
8844
1801
-4817
-1218
6774
3490
-2123
-627
5702
-2556
-1261
-9843
-6128
-4271
9604
-6961
-5993
8779
-5836
-7874
9460
-4623
-3624
-2091
388
-3715
4799
5890
5934
-1325
-7333
-745
-6263
176
-4652
-9683
9468
-8156
-3749
6191
-7577
3245
2940
-2258
-7779
5501
9603
2846
-5525
692
-9389
8970
5488
-2343
-2464
-5678
7285
9058
-9891
-61
9041
-7817
2071
5227
5173
2799
9127
-2122
8746
4090
1525
853
-745
-2316
7541
1752
-4203
5467
-8086
-7207
2098
8730
1923
6869
-1576
-5659
1053
-2691
-330
-8923
2709
-5278
6905
-42
5347
-5539
-7839
-3325
-2069
4283
-7142
-1641
3880
-8212
-3422
-3637
-4368
7361
-2325
3291
533
-2913
8563
1572
-4467
3443
-9127
-7251
5037
9770
-1304
-4576
-744
-4970
-3579
8965
4974
-1638
5620
4721
-9893
-1754
3871
-8435
1447
9190
6382
1460
42
6076
-8516
-1183
-4441
5089
1223
-4208
-3570
-5509
4672
-5203
8676
4792
5426
-3154
-8641
-3032
-9735
3765
4385
-4217
1755
-2162
104
-9430
-6045
-7689
6427
-6542
-8471
-3954
3085
-9452
5395
-8309
-2357
-3543
2208
9705
-6317
9713
-6154
-2278
-1537
-9199
1065
-7877
2090
-2549
-5805
4376
-2021
5221
1452
-2551
5930
893
-5554
-1918
-1705
-1299
9570
1763
-4885
-9326
-9124
-8428
4402
1134
-1976
4875
6923
-4803
-3461
8879
4357
6867
-5722
9367
-3196
-4499
7370
3130
-7430
-3827
6583
9986
8705
-6482
-6974
8971
8798
8102
8493
-4352
5384
-237
-5245
-9704
9000
4693
2327
4700
5631
2961
810
-1914
9959
8115
-9269
1210
-6895
-3854
-1821
-1540
-6144
2441
9073
-3476
-9307
-9469
1651
2218
1478
-8866
987
612
1088
2683
-4398
-1580
6585
-1211
9423
-3201
3106
-498
8562
3640
-3907
4736
3233
-8487
3565
-7513
8444
-7652
9965
8759
7974
-4572
-6659
7712
7512
-4496
534
-5808
369
4995
8161
8184
1727
2942
-1280
-9959
-7179
-6779
7279
1481
5534
-9035
-9074
4865
-4502
8094
-4484
239
2517
-1781
-2120
-2583
-6643
5820
-803
2723
4414
-4878
2928
5418
6250
8511
-8847
-5968
825
98
-6806
2158
-1911
4867
-5918
-7368
-7639
-6129
7014
2896
-9882
-1430
7490
1592
-137
-2618
-3424
3462
8236
1583
-6494
-8356
1966
-5162
-1478
-8520
-9896
-7881
2286
5967
3937
9582
-1605
3258
-6185
-8371
7674
-9110
-9234
-8261
-1075
7345
-4472
-5084
-3224
8236
5577
-188
-237
8695
-8680
-420
-9342
-444
4343
-4189
-1776
7144
-2193
-7463
8792
9704
5293
-5740
9641
-6469
-3550
6159
1800
2920
-5124
4964
-2049
-3395
9933
-2256
-5057
-5660
-4039
1746
-402
-5184
5488
9418
5766
3153
4557
6388
-4227
8148
8763
-6434
8480
4392
8346
-6001
1614
-3748
3424
2030
-2899
-7510
-9103
-94
1321
4192
9152
9515
-9770
788
6613
-3685
-7882
-2289
8796
-7520
3624
-979
4505
3820
-5273
7296
7637
-2562
8293
-6569
9179
-9301
4917
7897
-7010
9196
4692
-3968
-9082
6220
3520
-1497
4201
2871
2562
7465
5924
7798
-3993
9759
-5503
-9611
-5810
1947
8020
-3201
6479
442
6364
-7337
-6594
-6607
-2887
-2083
-3563
6574
-197
-2638
468
1165
1635
-5156
-764
-4758
431
4506
3154
-8531
5273
-6948
1966
9819
-9320
1112
-3470
-9014
1366
-6101
-1307
4155
8414
8320
9539
4900
-8298
-453
9660
-4207
-7624
588
3498
4554
1516
8895
-181
-2387
-6991
8091
1165
6584
2936
456
134
-5216
-3523
-3781
7500
8042
3946
-6299
2371
-3171
-596
-1603
-9932
7238
3311
-820
-7294
5153
7743
-9883
9511
1278
1686
7247
-8428
-1029
-8074
5801
-6553
-4001
-751
3194
8098
4550
8465
3334
5875
-4706
-6233
-1331
-7829
-2778
4742
7089
-2471
-7172
9840
2558
-7496
4098
-2185
8160
734
-9829
7983
-3791
-5622
4116
-1986
8675
7137
-669
3936
-6781
-1470
2923
9094
-3590
2152
5005
-218
656
5647
-5440
-6115
9920
8712
3017
-4149
-69
5493
250
327
-4628
3131
2028
520
-2173
-3780
-9930
-1518
470
7383
1585
8654
2026
-1196
-8499
-9437
-3432
-876
1803
-7541
2587
-5924
-9774
6060
3136
-7977
-368
8352
-9192
4980
-5613
3282
3331
-730
9257
7595
4905
9923
-6452
903
-2998
5097
-8111
4427
-5360
-2763
5640
281
720
9671
-3855
-3600
9585
-5
7857
3111
8599
-4030
-8128
8238
1936
4635
-6089
-6161
-7198
-9127
-2333
-9605
-1645
4470
6543
1446
-1914
6234
7797
-3795
-8081
-964
-2644
6162
4842
6697
-5061
5208
9970
-8096
4465
641
6630
-1241
-9701
-751
2779
8516
-572
3486
5164
9514
-5035
-8353
-213
-1374
3487
2682
2452
-8716
-2067
-9173
8644
-1883
-1308
-6773
1796
-9221
3372
7913
-7749
-523
-7488
-8795
9879
2822
9700
7689
2745
-8474
-6651
2498
5192
-4449
3878
2432
4236
-9555
-8951
6615
185
-6037
8081
-4655
-9985
-565
6414
3665
3173
3661
-8442
1900
-6432
-2808
3800
8684
7963
-1272
-2992
9516
8220
5373
-1257
-4208
7629
92
-4978
-9160
-7778
-4381
3185
4707
-5113
-8428
9578
8908
-4509
-5537
6569
-4946
-1922
4172
1114
569
-5241
7896
4272
9293
-8214
-9675
-2009
6927
4835
2823
-6987
1520
-1623
-4383
8741
9143
1077
3633
5812
4721
-481
1550
7839
