24008
-1089
12956
21888
-13233
16285
27164
12971
-7110
-20108
11775
-19210
-22493
-23081
14219
-17980
6778
22060
16473
27036
6568
-4306
5095
-16207
5070
-6497
-16888
-4940
-3229
8963
11412
19155
14419
29734
4116
13234
-12983
-12664
15076
-2729
-21832
9744
3272
-15756
16427
14390
19942
22164
4741
24920
-22948
-22671
27584
-16050
21291
-23340
20948
968
-3094
13649
8366
9033
2045
8715
11715
18183
18005
27923
4234
4895
5483
15878
19871
8138
23427
-17969
-13051
-1110
27651
25092
15261
-3904
10797
9508
27228
12517
6282
-9215
3773
-13056
21785
-1846
23992
626
2787
-12795
-11014
20066
-9589
-4841
9424
20060
-14885
10891
2748
13451
13819
3082
-19673
-9976
19607
-20881
9368
-14748
15962
13603
-21001
21774
-8909
-1525
2162
-20511
25950
-14077
-11638
23391
-22859
3721
3270
4860
15734
-16689
22884
-19017
14550
-14432
24916
2157
19850
21811
21826
16955
-18560
-18488
-14069
1742
23233
-16405
-9229
9444
5605
-18346
-5320
6533
8491
28926
1319
-5573
2728
23923
-23360
2641
20523
9935
-15894
3978
17904
26738
19683
-19712
486
20899
-4840
20482
29739
14851
-2357
5831
2382
19432
6128
22807
-2271
-8865
-20186
-1438
23987
3994
24906
-14656
22703
7658
9831
-13752
-13210
-4469
29451
-8134
18285
-7766
-2995
12828
19193
8642
2182
-17897
-23340
-15788
-20250
1143
-7105
29304
438
3620
20939
17818
14751
-22612
9049
-18510
1820
10446
250
21917
-1716
-13783
19652
21217
-2798
18136
20451
-18912
-14310
18354
-21018
-7978
-19254
-241
-9094
29521
13094
-4551
13404
6891
6435
21360
18425
11128
-1128
13895
14562
10798
25087
-18757
19987
16302
1988
11125
-15956
-5451
16319
3076
-15957
2549
-7414
12412
-591
19259
29872
21207
-4407
7446
25542
6678
-10070
-18069
25337
-9968
-5271
22128
-14507
-9810
-6145
29726
-11580
-19185
14908
-3616
19848
28736
2946
22337
-12323
-388
5858
-11967
22509
-9800
-606
14145
10806
-3587
-16529
1078
-9848
-4995
-9706
15190
2723
-6562
-18350
3078
786
-10836
-18483
-2164
28650
-10928
16498
-9163
24428
274
29128
-5843
-18287
6445
-23028
26141
-7452
-20206
-22006
18901
-8007
-3288
20438
19997
24068
28980
-14500
-7867
12956
-23145
28439
15135
-11644
-4727
9117
28602
-2777
-1108
9939
-7506
10815
19465
20509
15379
4313
-12966
-18215
-4775
12392
14580
-11674
12583
7997
29534
-16771
10063
11165
-5307
-9593
-21072
18539
-5006
22020
20449
15717
348
4194
25739
12544
-15993
4598
-13149
657
-21610
21204
-7048
9255
12814
-13329
-13364
-22
23667
9330
-426
28768
-6764
-22047
27459
-9326
-17605
1920
7752
-6106
23565
-1993
13532
24940
-1655
11057
-10706
-23398
-923
27810
-22006
15563
20506
-22681
-7558
-23084
-15493
-13726
-5733
14596
-7906
20976
3191
-22972
15166
-619
14434
21956
-18590
2590
-9860
-7152
7377
-20929
23363
-5731
10993
20572
25407
7656
-6012
14404
22332
1624
-10326
-18540
11628
2881
17876
-7311
-6323
-21148
22618
-11433
-5612
16646
12144
27179
-9431
3237
-22520
13504
9443
7383
-20892
27985
16380
-5810
-21051
-15698
4607
11412
15252
10117
-1739
-23398
-13194
20911
-9864
22441
4641
15707
19040
-3863
-16159
16674
-19225
22485
14583
19992
2215
-17874
646
-11154
993
4066
4612
3610
4596
-11179
27663
12807
-19754
-22326
-21809
21270
25253
11372
-14325
-23307
-5732
22817
6932
-3543
5779
-5067
17567
28058
3681
17268
-3094
-4495
25927
21897
1702
21879
-22900
15727
3297
25167
7859
8580
2861
18807
-7815
-3230
-15555
-22848
-20975
5333
-2428
-8725
-11855
13332
-19292
8790
-2154
22785
4784
-20052
-17051
-379
-21424
-16720
10064
-2983
5350
-7485
-4760
1873
29761
9795
-14201
-15911
8524
15360
343
12605
6767
12368
9900
21975
28532
21945
3865
23015
-922
11488
18559
14357
28375
18733
-10158
-22499
4349
-6227
10930
-15478
1739
19005
-2470
3801
1984
-8463
17286
-7002
-4062
-2608
8946
7931
-5704
7289
-1706
15646
-22179
27412
-5506
-1979
-19518
-10306
-19863
533
-10886
11398
25206
8549
17934
14283
-20675
7147
26880
1904
-11600
23475
19444
1015
6357
-1883
17538
-21006
-17149
9915
-2700
8484
-4536
20384
26546
20282
9639
17998
14983
-9682
16031
-15723
7528
-18646
14626
2221
-19979
-8280
13528
-22430
7456
16356
-2494
29345
-512
-13317
8344
12058
-2611
797
19909
-1355
3458
-14757
-13268
25423
-4954
21072
-9550
-12275
12387
21048
21275
-22872
841
-8773
-19720
8384
-7998
-3655
21161
19120
4726
-5018
-8716
-911
28782
4484
-22090
6759
-399
5863
24866
28184
14082
27529
-5450
15675
6179
9698
-16882
-10330
-742
15591
-12617
3757
17899
-8073
-15185
734
9533
4321
-2166
19110
27812
10487
27421
20369
15966
813
11228
-22765
-21579
28111
-18641
-12703
-19594
18081
22889
-2081
26097
20234
-13362
24399
-5604
-9087
-23073
20915
-4457
18751
12972
-9139
-13299
-18462
26759
-22171
-12150
3966
-7279
13115
-11620
-21436
10731
28951
1539
11643
12282
8927
26993
-20493
17762
15446
4639
5303
90
-17281
-7401
-2272
18008
15166
22897
-18057
2847
-18723
853
7594
-14373
3399
-17572
-23237
8328
-19284
21984
-5545
15957
25061
1428
-21770
-8722
28329
-2385
14066
26794
16408
28189
-8437
-4496
-7117
-12179
-18095
12574
14056
20590
8186
-8462
27617
-4743
-8340
18900
7773
-2177
1073
-8822
28704
-2322
-6499
23815
22063
-21354
10943
21052
-16731
20747
12471
-5928
15607
13816
-8944
18694
7596
17301
-18311
20747
16665
27852
17103
-10397
-1862
2014
-5813
6625
581
-260
-10373
14488
25591
1714
10407
3311
20562
-11136
-22828
-21400
26295
-15291
25155
27054
5994
9776
28102
-17547
18884
-17961
-3205
-8197
3094
-12046
14717
-8105
10674
25647
23817
6807
7987
7391
-154
-20123
-12783
-10067
23049
29170
-6523
-328
-8574
23572
8734
-18565
14339
-2400
-9798
-10630
-9328
17348
-15423
18771
7537
1256
19161
224
27506
-15251
16598
26101
8252
15345
24559
13232
-13975
-3176
27283
-23050
-6246
15092
19906
-6683
-13307
18853
-14081
8392
22994
-6477
25411
15891
11830
-14508
21068
-14770
-19187
9541
-807
12056
-10760
16521
13567
28109
18425
-16144
14239
1412
9113
-13908
-12414
-13325
-13708
27589
7755
14810
23640
20005
6694
16278
20837
3071
15070
28928
18449
27100
-6859
-4818
-18043
23840
27958
12425
17435
-3651
-7766
21349
13966
13878
27969
-14890
19326
-22993
-7080
-20761
-21865
-14100
28436
27910
-3278
8493
4613
-11365
21266
-2068
-536
24748
10616
-3287
-532
18565
7676
3187
-7066
-6051
4922
-18591
386
-1643
7742
-15889
-20776
5517
-11335
19875
-7548
-4295
11896
-22689
-17684
12997
13729
3537
24217
25888
-19178
25737
27774
5486
-3752
-6804
4330
25190
-955
8855
13546
-3336
1409
8936
-2180
-21804
14458
-23232
-16793
21176
-7260
-18041
29881
-19820
27341
-124
-21505
17495
19861
-10836
-10890
-16531
23297
8133
26233
-8985
-13132
24611
5534
19896
-12776
479
27917
8194
28533
15429
20882
13681
-14747
26874
-19557
6015
4891
-16198
-8030
-21800
24147
7073
20853
-17914
17600
-8237
-6672
4170
-6307
-19876
3101
953
-5452
17829
14259
3371
-19695
4303
-12443
-19005
-4515
404
11309
-9890
-375
-18656
-18389
22056
-1627
27836
-4559
-10577
-18658
1161
-5439
13745
-5606
21605
16818
29873
13535
500
8618
-1351
-10572
-13864
-10719
-2245
14515
17898
-8070
11699
24160
-16547
24271
29513
27005
-6611
9440
-4099
25497
-19563
-15595
16071
9542
4121
-5092
-23196
23598
27459
4408
29050
25589
1182
28480
-8179
-7853
-12165
-10348
9134
28600
22323
12336
18682
-23297
-14718
4736
23282
25345
28995
-21999
17334
-555
25737
-22615
28339
12758
-8176
689
-17932
11712
-8062
-23242
23765
8362
22709
-6624
-3365
15185
8975
28315
9506
23517
-14144
-6161
-5618
-14476
-6847
23498
18219
17758
28057
-20361
17865
29026
4729
-15607
12339
-10201
-22374
-519
-22773
2496
-9490
5167
17332
16666
10547
-22237
9426
9412
15988
3332
20910
2634
18211
8641
23810
-18212
14305
-165
-10451
12844
-10384
14315
-16908
-4738
10012
3570
-7572
18549
-16869
11484
12636
28508
-3916
22847
18023
25191
-4352
13975
7384
-19032
8019
18505
28522
27803
-11429
27744
3926
-17013
-562
4010
17840
13878
24999
25737
-10669
7146
13702
-6770
-809
-5071
-4058
28278
-6610
-21899
-4037
16017
-17833
22346
22265
26342
-11780
20949
23637
-810
10098
-22505
23284
24013
1563
17399
2180
-20614
22770
22738
-4302
-644
-21589
20086
-22348
15670
-12961
-11155
15924
29509
7756
-18017
18703
-17477
8253
-6751
-21867
-16415
16753
-18841
18122
-11703
-12886
5883
-13196
-4248
8362
20009
-4272
-11964
-9066
513
-5450
24373
17392
-22508
7089
20520
-3121
-12103
27856
-14969
-18278
-16716
-4511
14981
29140
-11401
13810
17554
4882
-6563
822
1916
1802
589
25576
-11420
-14478
-12320
-993
22052
-6184
5644
-6369
23190
8145
-22600
-22203
-4540
12648
-5245
6718
486
19308
7806
-13804
-14547
25214
19839
20578
11746
-5488
2369
-123
17964
-4848
19871
7385
-18971
-1413
-14885
4879
-14506
20218
10013
24986
-22499
3390
-3380
20301
21499
-11411
3565
5678
-9399
-22221
5336
26539
-21920
-21064
28631
25635
13753
10094
-23242
2241
1708
-7771
-15786
-3097
20776
14735
-20393
20239
-19334
10428
10860
15653
-22730
-10519
-17832
-1407
8784
26849
26805
-18978
-21509
-12952
-6815
22457
12015
-17163
-9289
26065
12297
-17755
3413
-15100
-742
17430
-8852
3163
-20042
6614
22322
27581
3748
6284
-5523
1635
-14426
6446
-12842
4629
14305
-7035
-11834
-8212
-23255
1641
-6970
-15945
-5387
16203
22874
19369
-16977
-13693
9355
-486
7613
10211
12273
3846
8718
15396
-1449
29452
2399
8436
14778
6643
-1237
24892
29222
-10888
-1432
-13700
5392
-19632
-3755
602
-5244
6146
11308
-11211
16893
1131
-34
22531
-20811
22176
-11117
-21149
28793
24515
-12109
-15871
-20509
15746
20463
23933
-8177
-15245
2555
27080
-15920
-14181
-7268
-1327
21127
-6629
-7564
3827
21264
19238
4310
21136
26049
-19449
27206
13739
1905
-10974
-10184
-13266
-19471
-20226
21317
6392
-12986
27450
-22157
-14489
1845
16889
-17233
5378
-5073
-19752
19355
1139
-9756
15863
3866
28892
22720
-15513
-17855
-2414
-104
-5234
-22950
-4555
-21307
21409
11533
25452
21229
20424
-2015
-22180
-16091
893
-15848
-19226
3073
-4142
-14495
-17215
-5246
19703
12335
-21496
15630
-13323
-17028
12347
6334
-2200
14199
26540
-20653
8826
19537
25587
16164
28664
-5912
376
23652
23968
19629
1136
14937
2290
-11357
-13958
15164
1593
-14592
-8649
-20498
-1063
1431
14589
8832
6525
-218
18311
-18555
18651
-16328
25537
10541
24699
3982
28149
-7654
-6024
3528
-1887
3412
15718
51
4287
-11483
-1076
18963
15099
-8632
2332
6760
-3740
1826
-9728
18692
2082
26435
5623
8570
-4720
-7316
-7551
-6158
15817
8499
-21111
7172
24788
20458
-7058
10095
1744
-5526
-23320
-7560
-21877
16178
29084
29712
-13109
22282
9178
12586
23552
-20817
-5181
-16565
15719
-8620
-5295
18066
25967
1112
10582
539
-14268
2216
3732
23778
-11390
19001
23164
3557
-5013
-10644
789
1551
25330
16380
6665
-5985
-6053
-6633
956
-13603
27535
26424
-3539
8106
16661
1472
-15152
-16559
950
-18902
19774
27486
28723
20358
-20524
-6358
26657
29431
-3403
28381
455
19007
-13103
-23219
-412
-1645
6577
-8006
-78
-13727
-10802
27276
19224
-1899
-3722
-12886
-12508
-22876
14790
-7599
25502
11162
8078
29299
14360
-2124
3239
-22421
1982
17713
4504
25611
12169
12140
12270
21087
28304
-4265
-5871
-1059
21595
1070
-15847
28027
-19381
-1245
-2249
18654
13672
12828
5161
22430
-16808
29588
-15285
-5889
-21377
8245
24873
12291
-10652
10083
22577
29321
-3271
17498
-13620
27731
9084
27117
18535
-1909
11916
-18749
-7907
-12854
29541
-23042
1023
20545
-12849
12830
18497
23221
28395
19161
13003
-866
11080
29635
-9101
-4567
25293
16748
8700
-8652
-22545
1079
-16399
-23430
-8287
-3616
9883
18159
-2845
8434
-21657
26462
-17359
9844
-15011
-19604
-7793
-1489
-12088
-15656
7006
-3081
1729
19468
1538
35
20264
-19441
20501
20286
10276
28053
-21544
-15453
-18771
24806
-20317
-15349
-6622
940
-14757
17889
-17875
-17592
-12010
-16960
7337
11725
-23406
3072
20138
3640
-21033
3448
-315
-14737
25497
-9176
15999
13930
8694
-893
3914
-13177
13438
4482
-22221
-10914
29057
29959
-11807
3701
25921
4341
27647
27461
22707
28341
11957
-20258
-140
-13246
-7581
13377
-5475
-12826
6473
23317
6571
-10189
22837
-2260
-6079
23420
21475
-18334
6460
-11556
-366
-3090
2696
-14590
24556
-13737
-16950
19983
10829
-11309
11972
14624
-15076
25996
3307
1247
-17510
1029
16899
27671
962
295
-12873
-21888
15799
20499
7734
-2808
-16974
-18288
25013
-18995
1537
10891
-18123
2540
1274
-16906
-13187
12389
11372
29204
-6660
-22281
17420
-21611
3490
1054
22589
14023
-7563
9864
-15855
28386
-15422
-7925
-14601
-13761
-7574
-11889
-20172
-18469
20401
-18824
18410
-3437
-14978
-20906
-3148
13747
-14736
-4650
-21666
-5144
-16557
11210
920
24739
20655
-19737
2188
1954
20844
-21818
-2138
-21959
-1444
-15099
23391
-2882
-13193
10206
20129
-459
-13220
-20371
-19747
8437
-16035
-2251
-6783
-9478
463
-19036
1306
28638
21706
25886
4666
-19622
1811
8452
23295
25824
21949
-17560
-1786
22626
-11242
28598
-3521
6027
3271
-16461
-1131
5705
-16852
28135
6925
-4825
25693
18932
-2028
17971
-19595
34
-11517
4326
22126
6255
9864
22790
7432
8869
17310
16773
11536
15002
17286
-5281
16772
-3777
26341
10128
10934
4892
14912
24519
29126
-17549
-19776
-16507
-16257
-11878
19763
24304
-4890
20991
-9106
23918
16599
-16273
-19157
21602
-10042
23461
7089
-12662
-6525
-7188
8922
25119
27433
-57
20472
-8081
12452
-15247
20516
-2468
22056
7945
18817
-2646
1309
19917
-3351
19523
-10847
7760
9928
7330
-18242
14543
-4086
-20613
22870
28263
16117
-1923
17926
-10506
-22887
-18535
-14004
10470
24275
2946
789
-9341
-20658
-9891
-17970
29790
-22208
1176
10428
8968
-4782
-4510
2175
-449
-22289
-23021
-23011
-14835
9147
17849
-15735
19879
-4370
4859
-16874
-9639
-11825
-537
10101
21861
23066
-14081
-11955
6197
16083
21435
-17898
-14519
-7226
10292
23672
-17153
-23270
16647
2698
5333
-311
-14530
-13995
8257
-5091
-124
19384
-14542
18349
-8590
-14175
2049
-16795
9500
-8236
-6431
-7260
-81
-6913
9409
-3569
-6124
26375
14364
3464
-15118
-21020
21160
12826
19637
-20452
19430
1492
18195
-6488
14059
3732
-18715
12939
13036
1532
11068
28163
3785
13513
-8980
-13197
23586
-5812
21242
28874
15583
15942
7218
18413
13281
2695
17069
5863
-5877
29273
29177
-18008
7243
2085
4359
16637
22823
29124
23725
26866
-9702
-2425
19968
-1152
-15146
-12475
9222
22394
23398
10809
7271
17172
-6207
12727
-12073
-19564
-16665
-8272
-19883
16009
14416
16441
-1263
-19461
-10434
13848
-10817
12514
-15670
15874
10153
-3248
2003
9868
-17513
7540
25883
-3657
8746
17968
-11052
27815
14387
-6068
29849
1249
21693
-2202
-17916
-8130
28695
-7944
1605
-6008
19383
22775
18344
8532
-13535
-5189
25515
14181
29348
5958
-16760
14796
-16561
-20526
2147
-10552
15867
-20183
-20871
-11912
25347
-15786
9207
2736
-2825
-3722
25126
22629
-15763
6254
2693
-17047
-687
5504
-18961
-17785
29316
17558
-14783
-4064
14049
-12213
26489
50
-12296
22603
-7030
15588
28411
-16611
919
2214
3706
12650
4511
28993
14180
29421
19050
10018
24891
-14664
6085
-7548
-22267
17879
13423
5754
-17281
25955
-13058
-19174
24012
28058
11365
24498
20380
24970
21681
19626
28176
-6926
14709
-8254
6532
22424
16993
6940
24555
-22713
21319
283
4211
27308
19944
23157
-13313
29271
18842
-3872
1185
2692
-22223
-9968
-19907
-20175
28908
14506
-18016
-19539
24271
-15748
-7880
28593
17330
-13409
-10942
18604
-4859
10851
-743
20817
908
-1394
10383
13807
4893
15752
-3127
18823
12485
29837
16914
14790
24988
-11095
-5282
20896
6276
-16467
2782
3074
8150
-1257
15588
-22435
-5717
2520
4497
8055
5370
27533
20656
-12971
8568
-6858
-16335
103
-2745
10221
6386
4509
12987
-15702
9887
3680
19165
17413
-9977
-11569
22359
-354
-4623
-5050
3776
-16326
24639
260
22154
7376
-5025
18038
-1629
-13767
-22975
5761
23864
18862
25084
-12364
4459
12989
5485
16932
-4454
16044
16154
-15322
11537
2189
534
5943
16794
1145
11990
-13433
5012
-13133
-2726
19758
-22394
-6758
-11587
21324
27044
9653
-15052
-3512
-5813
-6559
-18691
15522
-6954
11477
14603
10855
1356
-2237
15531
12799
-8367
-7086
-16381
-11372
13192
27415
22908
-21024
19629
-23233
10846
-21323
21209
18114
3474
-18717
-18416
2496
-4973
25468
-12123
21295
23143
29914
-11332
23587
-19642
13467
-2980
-6494
14795
-19419
16874
8115
-12050
-6409
1980
17541
-21590
16268
28940
13308
15925
10914
-17451
13865
5351
10246
13258
-8622
4250
-2697
-5648
-23182
-11129
-5948
-20419
-10390
753
21983
13660
29294
16905
-13319
-13863
29545
27653
24532
-3103
25670
-5293
-14713
5004
-118
14835
-2397
13507
-2673
-11693
29013
29547
13294
-3834
-5983
16953
-7931
11019
7167
23153
-1718
-2234
-6033
22361
-4228
-19333
-5447
-20290
-22041
-22126
10645
3066
-17606
-7946
-15461
-20534
18580
-7903
12374
19879
26941
8680
-11133
4086
1493
26642
16425
23733
28951
191
26011
12139
18311
13292
22730
24643
26371
16363
1537
21317
20472
18617
3438
14005
-19142
-213
29381
21063
9252
-1144
-22901
15013
-19574
-3236
-10350
-4795
-7827
22775
-15755
-17087
-8203
19034
-2085
12800
13470
-23178
21849
25805
15126
23249
17916
-19255
-15117
-22672
808
-21826
19565
-10700
15950
-21501
-19869
1134
-13877
23450
-20984
22917
14795
-5103
-18594
17011
4283
-4902
-4735
21225
23473
17106
-6403
-16028
17342
3147
7409
-17085
-1711
10076
8770
-10481
-2509
-404
25426
-22414
15888
-11080
24468
-2758
27596
15232
7855
-6565
5283
2982
15390
10144
-6909
6493
-14679
25380
7559
16060
5128
-2347
-13406
-15224
22092
25253
-10766
-5680
29330
13338
-8205
-6849
-23410
1585
8715
3760
28571
-5428
-7159
-15532
-11363
-17120
-21874
-12059
-1954
16540
18317
-15799
21357
-13810
24560
-18420
-11083
-22748
-7533
-10450
27341
26241
21891
15809
-4121
19778
-18316
23880
21683
-13292
28701
22591
-2194
860
-4212
-891
-11375
11146
7708
27896
14074
-21397
-4275
-8879
-118
-15554
6942
-23280
11294
-18473
6214
9790
12923
-1435
-5977
8805
24441
4791
-6256
-16226
-16589
412
12996
-9778
1465
-7672
18922
4736
-15826
18543
-3652
23328
-6712
-5266
-19403
7567
14030
-22241
-21323
-9341
14817
4349
-8555
29907
22212
7926
25453
-22506
-2444
-6729
1320
11051
4388
-14627
-20496
17828
-11623
-17750
-22067
-14490
-4501
-4181
-13529
19567
-19866
29060
13571
-18801
6755
-18235
24691
14999
-22919
-5672
148
-243
22065
21582
-2372
29094
-13151
-21886
1167
-18940
4447
11433
-1639
19222
-12391
23795
29559
14723
15553
24399
7415
28476
21341
15439
-4063
5378
9275
14258
-13584
5777
-4636
501
-10907
17568
-21321
11134
3260
28057
-10241
14857
23467
26032
20549
7547
12203
29613
29948
3898
11226
20729
-18036
-16211
-5667
24831
10145
-12325
2321
26223
3820
-20729
-15905
-1246
-4725
-10375
9646
26395
16519
-7758
6504
-15660
23840
2981
-18063
3917
-4305
-16889
28970
29804
-8408
6149
18304
4867
-9671
3755
6355
12571
-22803
-14983
1527
-21515
-14702
29027
12697
-10021
14538
-1351
-8168
-10852
15613
-12036
5039
27958
2688
-809
-17475
-1897
20604
12260
-12893
-293
-10238
26051
26122
23788
15089
-16741
26883
-617
23196
-465
1909
5000
5964
-12769
-18908
-19596
25556
16205
21643
-16005
-17193
23342
24918
-19449
25581
18450
17496
-13710
2780
19398
10829
-5909
423
-19620
-16710
-17564
3581
15775
25428
-18560
-7421
10436
7903
-7434
-14999
9728
-16299
9883
-7910
-3281
22105
22929
-14467
6270
16508
-22742
-10292
-19980
26360
10418
28761
-11391
-6751
8477
16849
15527
-6962
6211
-21248
-22251
15052
13368
16682
5902
2318
-10725
25756
156
-11497
17490
13725
13289
18105
27227
-14494
-12332
26545
17670
-8316
8643
-14332
17815
28090
12739
-20906
8777
29604
-17180
3037
12467
-583
12161
-15187
-5685
-7393
-1517
26004
-1141
-15381
3303
20463
5618
16283
-12711
7039
995
-19291
-417
-3892
10554
-3059
21421
22772
-2428
3833
-575
-20234
21503
-13019
6823
16283
12457
-20035
14033
9953
13608
11035
-19497
-11597
-21597
-8509
2819
-1139
-17000
799
15115
9883
17692
847
21465
-12225
29598
14242
-83
17024
7565
-11491
17638
-3479
10327
3869
26459
-12108
-11551
-22199
-6667
-21228
28804
21183
22016
25590
24390
4924
-17723
-16729
8176
12517
23466
11869
13973
4659
21303
11421
8694
21656
-4497
20220
18191
13106
-701
5547
-23409
-21464
11562
2683
15827
11124
19609
-12415
8558
23908
-15144
-3430
-3341
15677
-14922
-8982
3475
-21741
13590
-16157
16042
4191
8569
-11413
-1744
15850
-1124
26096
-3762
4334
-13185
-11626
5750
16129
-20647
4617
13879
28833
-18795
-15394
6479
-12242
-3640
-19772
26356
4822
-5978
23756
-20998
18555
7338
-21199
24335
4194
-17004
3217
27296
-12626
-22642
26284
21943
-21911
-6507
7809
24861
-17439
25664
7018
3016
-15940
22742
11136
-11299
17748
9956
17168
-19213
29055
-6896
-6542
-12520
6391
25194
-12879
21206
-7707
-13191
-4045
4666
-14382
29115
-5150
18377
12157
27423
-11637
19729
6934
7020
-14537
1827
-14915
16418
18208
-5135
2277
19036
6783
29847
-21936
-20601
28846
-4891
16448
5757
-20592
10772
-3991
12175
-22189
29305
29061
27515
-8803
17745
-13816
21172
13697
20880
-9293
-16552
-10940
19731
16257
-2346
11878
18992
-17545
23473
3570
7846
-4649
25425
-13708
-10886
10905
17987
-8144
28784
-19151
26911
-10560
285
29851
27816
4859
2480
-22263
-6705
-2153
12876
20103
13944
-19409
-8087
1287
-12837
-13044
23956
-4825
2338
24017
19345
-19275
8481
17580
-18142
2468
-22704
28287
22732
11668
13191
25922
-5445
14135
14662
13033
14586
-3779
-16102
8753
-21689
19733
-5362
5905
19116
13320
29650
-11948
23977
-13910
-22597
5606
12915
24128
-4074
250
-786
993
18956
-21522
12978
29481
-8422
28119
19861
-14726
25775
25540
10068
-23289
5428
-11486
4911
15249
21086
2922
-8251
7518
-1409
15760
9682
-8425
-7667
10911
-4579
22166
5148
-2054
20475
-21166
7968
-23113
18816
-17112
6546
11153
-4710
21742
-15882
-536
-20061
-19257
28589
-9008
-5857
-21453
13781
-2493
20813
-6981
-2745
-4078
-9509
24541
8891
-10174
29178
-20094
1791
10455
-12682
-2121
-19513
-72
20854
18356
4371
-9947
-4310
-4379
3745
13708
14776
-19347
-22873
-9906
12238
-13217
17478
-5413
5255
-13677
16835
-16691
-11685
23830
514
-12535
9049
-3743
8822
26123
21140
-6210
-13352
-10350
-21786
-17251
26920
-16649
2322
943
-12069
-14564
-13078
28722
24018
-17531
-91
16266
14303
-17124
11288
9931
4520
-15890
-2171
3432
27798
-5327
-13207
-15633
19946
2952
-19380
-13301
28974
-15294
5223
6484
20427
6852
16556
13889
18214
21660
4327
27787
25982
-18959
20787
9479
-22040
2103
-2737
-5432
9128
22840
11143
18096
-179
-8425
20366
-10234
4390
8180
9152
7625
12824
29857
-21263
29075
10436
-10585
19268
-9520
-19645
19570
4757
8519
-14722
9961
-22898
18754
4583
29264
3347
-12400
8434
9350
-21413
16502
-4762
28610
-16594
13821
17457
-3874
21157
-3023
-21687
6336
-1639
4473
27472
-20826
-16113
-251
15601
9230
-16982
-1601
25806
-8877
6067
4811
-22815
-10590
-16392
15728
-13831
-15125
-6796
-13117
162
-3642
-6773
2492
-1159
18322
704
16174
25978
-3975
2922
8600
-1802
-12003
5544
29487
-22482
-7853
10066
13644
-5040
13994
5735
3477
-23186
27324
21916
13325
9461
-17290
-17279
-9826
4214
4666
4247
18944
14160
-19640
15502
-11103
20453
18796
-13788
9183
-8231
20675
-248
7061
16341
-2225
-10204
15550
-10528
22957
-2274
-6591
-16407
26455
16260
1931
-23451
22465
13473
-1800
4933
16711
12082
894
-2859
8735
-13004
23446
17232
-2275
23376
29601
-22020
20256
1047
-3104
7368
20666
13822
-1087
-12367
-9967
7960
16787
-4546
-7683
-8826
22930
-2759
11208
26236
15999
7356
-1693
8299
13084
6200
29256
-2347
26314
26891
-14239
-4966
-19866
11313
25055
-10263
-8213
24342
992
10786
-9481
-17623
21759
19441
-5952
-22670
21833
-15393
169
-16513
23797
-12163
-14786
1467
-7083
-14283
-1898
-8292
-11628
-2448
29213
-8451
23391
20431
-5395
13391
4096
8169
-17311
17616
657
14305
-8722
-7504
24246
27244
29655
19872
-3843
13232
6543
-14844
27995
15679
24728
-14662
5939
11720
-21079
6284
2571
-14845
-18603
2974
11011
9959
9587
16036
26761
-6690
19646
-18605
-671
9479
-21301
17060
-12752
10751
29403
-14989
10013
25782
-20011
-10280
10691
22655
14020
21146
-13770
-12122
3069
17211
5327
-16664
12968
1072
1137
17425
-16348
-8404
12732
16841
-14022
244
11889
-11929
21360
-3044
13415
-5862
21207
18470
15939
25367
15590
9232
23916
1655
-15858
22474
-3376
29266
14613
-14732
17798
26975
4707
16465
-15993
6723
16225
-17457
-9473
-21089
20361
-3642
3877
-12578
-4567
10708
4207
12586
-16035
913
11908
25251
21939
-19361
-23316
27466
15117
6097
23627
5095
-11302
-12434
11265
9313
25049
26587
29590
-6583
-21289
-15458
25091
-8531
8219
4887
15440
-6924
-872
3731
-7371
11196
-19110
-19982
20538
-19671
-19662
-21052
4330
-20435
23007
-19987
24979
80
4209
-5715
21260
18905
-16833
16275
-766
-11791
-18837
-2709
6369
17073
8991
-13305
-13507
28288
-7131
-6215
21708
20328
4441
18037
-16486
20386
6683
-17417
28891
-11152
-382
25588
-18986
-9799
29113
19270
17658
12239
3251
26925
6065
10176
2376
27945
28057
14930
5970
-11395
24455
18974
15147
9696
8547
14241
4994
17108
-13430
19003
24720
-9771
-20809
-6507
-4342
-22452
22926
-16981
-18704
7298
5091
25541
-7315
-21098
-13706
16037
18152
-18297
19204
-3295
-2986
632
14619
29323
-18778
15576
1439
-21550
-5256
18142
27224
10294
9616
16402
-8666
21735
-19153
-19768
19026
20012
2562
8934
22875
24084
26879
-205
28281
22845
-14389
4079
28049
-16544
-19609
2723
-17067
19774
-13146
-2181
1023
20569
8823
-313
-13904
-21107
-4665
6121
21815
3406
20323
16758
5554
17830
-17463
-11635
-9487
8922
-18682
-22827
23349
20907
11983
15352
9843
-9690
-17627
-2330
12806
6476
20061
-12292
-5094
-22909
-13148
1893
-3059
-12542
27401
-9658
10251
-20895
27925
-2322
19843
-10344
-6501
-15907
2982
-7390
17761
-11258
6195
151
-19633
2613
2371
-5999
18898
-9375
-9811
8749
2080
-15221
27813
-16282
-9671
27158
15723
19215
-11430
-6480
26719
-3626
3469
4645
-3377
-8339
11046
-1316
28099
1236
7784
2203
8118
25743
-4025
-17013
-6237
10117
-3761
-23075
-4343
17359
13155
25827
27863
-14381
23379
-1764
23737
-3192
635
-15025
10764
-23343
-1771
4212
11934
-15597
-5288
4264
11620
-4326
-16154
21773
-15764
-13698
-6561
23005
236
2484
19037
-267
-17299
-14908
19656
28263
26008
-2260
13882
-15080
-5250
-22288
-2324
3920
29638
5201
-16968
-11016
16367
-19905
23857
-15716
-564
-1607
27081
-5166
7068
390
-4160
3861
26375
24831
-5896
-16325
-10932
-849
6771
18915
-14543
27413
-20105
22039
6237
-20037
9753
-3749
-7023
-3094
-18080
18951
-16770
28416
9862
-16900
-12711
-1668
-392
9746
13892
-19481
-19831
-20484
15159
17766
17821
-20328
12668
-9870
11430
21163
-8836
-524
-976
15489
22578
1438
12980
10032
29169
-2483
-15070
13597
-10048
-17780
-17997
11855
167
-10843
1907
20438
-479
-12630
29547
14358
-7659
17782
4594
1046
28442
17203
285
-4969
-21718
-6019
5474
34
5863
13222
11982
-7127
-1377
27903
-8563
-21833
17832
-14851
25363
12795
-18180
13010
-1207
8191
-7790
-8389
-13566
-16388
29477
27094
5167
14016
-8748
-12610
-4549
23135
22653
3525
-22469
-502
-20445
13158
15055
5323
10729
29069
21637
27759
-7082
-22192
3828
-16389
10820
10524
-3624
27226
-20727
11599
29160
15583
24559
4141
24458
-23065
-22830
4569
27727
18930
4706
27880
-7704
-15712
-3656
15406
856
10662
3136
356
27305
3195
23588
-16642
-4665
10166
4987
16164
-22215
-16703
11412
-1674
-10478
-9880
8003
14516
-7763
-6127
-12931
-18496
-6649
-12757
15030
29892
-1740
22248
29388
-12060
20848
17704
-16684
-9776
22223
27164
19988
4695
-13317
11556
20060
2761
18257
6742
24387
-14478
26759
14306
22733
-9929
-15236
11930
21465
-11376
11940
-4936
9712
17671
23815
-2677
10307
6324
11239
27122
5299
-11958
6640
29860
2377
23084
-14491
26849
-9671
-5738
18928
-17168
-1773
-9966
4087
-21189
-13492
23728
-7765
22586
7588
-6509
-22361
-3504
11162
7479
21041
-4422
-23446
26787
-5869
8206
562
-3115
15340
22809
5065
12102
6039
21771
-8253
28056
-12674
8732
-23406
7098
27951
-14113
-5921
13310
21013
-20412
21616
21345
6600
-18972
-20411
24927
-15871
16965
-1892
14886
-16058
4006
2113
-10076
7196
-20007
-19535
22516
-17696
5772
19259
-23437
21906
-20524
1295
17941
-14572
8202
-14755
11984
16686
-18817
20853
-22315
-4109
-23346
-9114
14519
4659
5224
-4774
-12012
24441
27749
11776
-21145
-22319
-9551
15470
-981
29486
1654
11129
6458
20243
-16985
25081
13949
20842
15475
26584
-20033
-15831
24539
28268
3093
-9131
-22559
15332
25206
2240
24878
2501
14352
-17578
-3517
17913
25371
-19414
16078
11108
-13021
-13516
3476
-16181
6708
12162
6247
-20886
28771
-5356
26211
-4697
8144
-720
1545
2082
-3693
7146
-21322
-20232
25801
28934
-514
11359
4332
6750
-21442
-10301
-4240
1124
20360
-13937
4305
-2230
10630
23520
-18170
7895
-19677
-19560
29040
6680
4977
3667
3225
-21424
-15615
-23385
-7719
11747
20206
-15677
-9418
21262
29542
-13176
21409
16130
-4938
-3408
-8472
-9453
29011
-2577
-6737
7489
23747
-12254
20266
-20255
25966
14311
-7425
23576
-17988
-9204
-9978
-14072
28198
-8184
10472
-19015
-3030
8711
-22038
21973
19535
28033
-1635
-15172
29943
-19771
-22968
9958
16342
-21635
19184
22125
-9757
2856
-19070
26756
25929
-14669
-19025
16705
-21522
-15565
16217
-5362
-22957
11023
27818
-8666
-6954
4169
19720
12688
25996
24579
29016
-18983
-3433
-10051
5447
-23056
25562
-20828
-3868
27422
12449
-3762
23330
20352
11112
2312
2948
7252
27821
3196
16639
16558
-12667
-7536
-5924
12138
23991
27238
-21110
-6809
-13889
12069
23807
-6587
12020
-9367
15795
-21095
29675
-23202
-1014
2127
14562
11426
-21487
10227
19030
23042
-10256
2283
-16874
-14191
-9137
-8413
2995
-22309
-17327
-11251
1906
29028
26465
-13407
23169
6805
22210
9792
16865
11840
-12524
27753
-20910
2717
27065
-23126
-20755
25066
14618
4043
-10333
-18778
-16881
26065
-19742
10488
965
2277
6397
25449
16600
19750
4606
24631
18612
-15797
16066
-12750
-4041
12807
17698
3740
23627
-9987
13903
9282
-8099
-5043
29324
-7209
26484
11376
-8190
-7126
11088
8823
1797
12457
-6689
26578
21606
14678
-22588
2218
14611
2154
20051
2302
7446
-15165
6395
-15255
-5416
-5372
2766
7114
9728
22953
-2458
-22634
20079
5285
18070
8326
21195
-18408
3899
21733
20417
-2363
-6333
16684
-4402
25817
-16258
-12026
2776
29522
20255
21789
-21534
24597
-23450
-2017
-7793
-8744
-21816
16834
-14545
-20567
11194
21231
-20144
28654
27699
-13735
14517
-4996
-13312
-6771
-5036
22644
-12010
3167
23855
4301
-9605
6435
16642
1839
8336
-20165
18813
5638
9598
18950
20986
27637
-1993
13505
-16174
24108
5495
645
26134
12052
-16606
-16630
25775
24846
-332
-4032
-4863
-10033
3931
-4708
7989
7759
25872
27852
12387
9515
-6272
-21936
10644
-6216
-10794
18884
25204
5585
21226
19471
-5218
-14830
-13826
-15977
7301
-10787
11782
-1791
-21674
-4304
813
1722
-7212
9950
2276
18452
-5190
-12522
6008
-7359
-10706
-18715
10766
3285
-17425
-543
16225
-22971
6574
1510
28521
-768
-11236
2885
8984
14635
-161
11089
-3497
-21179
-17812
21424
24213
-3085
11310
-22848
24486
-15376
-5761
8091
21359
-11157
-9267
-20847
-23214
-13382
4269
27011
5221
-5182
-8284
-1411
2137
-13151
-3734
791
25738
-3559
4499
-18496
-3984
-14661
20316
-23285
17482
-21141
-21658
-18940
13692
624
3653
12285
23579
27633
11133
-3718
14280
6500
-17309
-3854
4717
-11463
12552
-10239
-18571
27682
5413
-16301
14436
10530
21384
-3103
-3820
-3955
29426
10648
3385
29550
4559
28523
-4086
-8712
19885
27306
15511
14184
-7752
29941
-11420
21991
-7367
24311
22434
4421
-14912
-9251
3083
27404
14966
19286
2078
-23042
24579
-10103
15123
-11366
-3377
-11941
-17940
-8487
-23338
11923
28328
-19766
16987
15109
29301
18584
22247
23366
9715
-18299
-22432
-21269
23857
12675
-2281
9382
23025
-7132
-15195
-13305
15811
21274
26956
18991
433
11810
-16169
8850
4075
28597
-1529
-20339
9658
6100
14994
25462
16329
-9548
-12492
-6859
-22067
17857
24207
2246
-16605
2052
-19710
11996
-23323
19924
9657
13822
7778
-5328
-13853
8681
25717
-1379
-9393
-11494
27025
21512
6695
10724
-14527
29833
-10903
17517
27817
3845
-11425
244
6634
-5306
12698
-17806
19410
2631
12376
-2172
-12225
27132
24808
10301
-18239
16254
-4698
-15847
-9204
5865
24718
4345
9124
-1675
-9761
13146
9496
29704
6042
-10589
-304
-8437
3611
-15714
9698
-8822
22010
-434
27938
8070
5
17313
23250
29186
9708
16862
7199
22291
-8252
-1341
951
4588
-5404
-21676
9880
-4891
-20586
555
-21464
21273
18091
-15032
-20007
17595
10019
15676
7589
28419
-5461
13145
20365
-12971
-20477
-22747
-16821
-11881
7214
4372
23476
56
17985
25150
16245
-23060
19488
-604
10570
-14075
-16393
-4152
23015
28231
6569
-530
-115
29934
-3825
14969
20590
-16436
20645
27085
20107
-13082
7048
-15997
-20307
-16079
-5056
21638
25274
-19392
-20671
-12843
-2438
21773
18672
14678
22576
26942
26489
7492
-11214
3093
25785
18955
12112
-14956
23154
-1179
-16323
20418
-19481
-23257
-15164
29626
8077
4510
-5360
15864
1599
-6575
-5860
-8562
11916
-11560
19513
-2321
8462
20194
12601
21484
-19177
25238
-12846
20651
21314
-11166
26266
15973
-10988
9096
-18356
-6598
13438
-3596
1997
27684
-16258
-8895
24132
21438
-8382
15561
-15020
-11310
27719
12413
-244
-21354
11555
-3176
-5668
11420
27661
29497
20311
29809
-3498
-406
-17684
9228
13258
9026
-8929
-879
-4877
-19457
24466
-2825
9926
-2833
-8560
-17192
17917
13182
-21509
25134
-2881
9425
18144
-23276
-16478
-11184
29856
29364
1946
392
1139
-11804
-23302
11937
-12180
7968
21133
19625
17718
9431
-15372
3657
5461
-13001
-17400
26133
-5835
6539
-18144
-9162
-14460
1494
2113
-16761
10845
13410
22372
26856
-15108
-3847
25574
27780
-19473
12705
25546
-1928
-18484
-14604
-5035
8918
12393
17478
8977
28637
15560
-21543
-12222
-17866
23342
9330
-22333
20759
-2551
24831
-13979
-17306
1878
-9804
19921
25684
-11620
2226
5378
1886
16395
-9884
22404
9306
-6879
-14338
21727
20315
-5957
5939
2815
1246
21105
-1419
28904
-2873
15190
-10427
-15694
1566
-2325
27205
21265
28667
6313
21718
2994
-20643
29164
13554
23641
3041
1320
-15589
8739
-19051
1657
7621
-4249
19907
17328
5882
-17238
6979
2754
4423
-7176
7066
18257
-10475
-10721
13028
-12580
-2981
-21260
25596
14625
18604
-20141
16945
10012
-20880
-6513
153
28766
26178
-11503
18494
5169
13810
26447
-1129
19728
-4662
7176
498
-2058
9907
22193
1275
16823
-5765
9114
19071
26521
-20326
-2597
-18014
-3375
18251
-5418
-11462
13350
26347
-17298
-20637
-12464
18654
-7316
-22670
-2767
6962
28854
-7847
23732
-8361
-17775
-321
-5124
20462
6305
-2988
14863
-16315
15207
2310
-878
-16419
-14332
25708
24580
-139
-533
21708
-7904
-14884
-3830
17994
21960
-17985
22643
-20540
1359
-20363
20170
-22450
-13295
-4093
8683
7524
5157
17881
-8402
-5643
-12086
29874
-20779
-15479
10408
-21819
-18032
16622
4183
-17735
20315
4479
241
-18970
-17474
16853
17207
16512
2023
15934
5854
23923
-9576
10536
26685
-22438
13303
-12915
-11521
8622
2051
13204
10995
-15986
-22275
-1044
-22330
-11999
18849
24117
22686
-1126
23146
24384
4749
-16036
-5550
25492
17791
-7880
-10218
18283
3688
-15928
24443
-19765
13894
14121
29165
-22405
13920
-7678
16688
21378
16905
19
-6082
-11061
-9072
8017
-22846
28082
2608
-8858
6598
1053
28228
18451
-17032
-23333
-4557
-12361
-9979
-20730
3480
15889
1551
26549
-6239
20337
-3714
11284
-17942
19265
-22446
-19561
18645
-5893
-21413
-9915
-13905
13206
-7430
-19403
-13419
-16715
-17502
16495
12392
12564
-18199
11214
16251
-6498
-22349
8753
-3776
-10058
22610
-17508
2558
3236
-2444
26049
-1743
-11378
15430
16463
25905
23196
-104
-13165
-12353
-19476
1338
24754
-11780
11584
-20969
7497
24837
-7502
-20630
-21448
-14485
21137
-7222
25388
19465
-2442
-4088
2302
18072
-13100
24139
-6207
19745
-1718
3207
5070
27887
-16105
10297
10874
3310
16230
11430
-21794
15272
28807
28859
-3102
6868
-192
-11793
-2224
-3274
919
16084
-21527
-15790
990
-13848
15127
19626
-11154
14351
-14821
-20350
-22808
7811
-6593
-23382
-22567
-12566
-9566
-18998
446
12035
11666
-3956
-7620
11863
16674
1938
27280
-5502
-9348
8520
12686
-14780
-16618
19546
4971
19260
3995
10999
-3657
-10141
3371
-13327
-12361
-18704
12749
5778
-19545
-13357
-918
-17438
-4138
-23218
12360
-21398
-3519
-8627
2893
12233
19254
-14740
-6732
-20386
-15685
8854
-4938
25654
-16307
23659
-21810
28669
22344
20993
16470
7059
20970
18599
-16573
482
10422
27173
9719
28155
16707
8711
-614
4492
20208
16466
-5526
-452
20308
14712
14511
18547
3262
11922
-7719
19413
28287
22686
11032
10970
-16204
-6889
17234
-7187
-18454
-4166
23664
20377
29656
19660
-20022
9619
22797
23089
12474
711
13035
18781
-15912
-21898
-2439
15690
9353
26197
-20294
22453
24237
-22952
13509
26397
27592
22386
16055
28330
22446
-17607
-1312
1358
27740
-21645
7712
24725
-1445
19892
-22242
22750
22579
13348
-7486
-19235
-2148
-9903
22420
-18557
-11710
12237
-4911
14592
11846
-1387
-21182
21157
6324
20904
15381
2156
-15053
5817
-11238
-12104
-20388
11852
18118
-7715
10213
18234
-17556
-2337
-20992
4638
29068
1253
29850
26757
6331
-17512
-18289
-7232
-19713
7858
12642
5213
-6889
-15102
-2870
29456
-13676
16648
-22861
9068
26348
23687
-251
-13128
-17074
-19753
5981
18291
-15505
19461
-19596
-21233
-14723
20511
-204
-15736
-14103
-18720
-15270
-13093
-10906
7195
-6635
2032
6422
-18302
4886
-22057
13811
-12757
12450
-6696
22571
-23063
9163
-21771
19034
-19206
-2902
-14573
17805
23209
19672
-2821
11182
14379
-16852
9948
12014
-17630
-2849
6883
-10262
12625
-15695
-6643
-16290
22049
15260
-11680
26683
25760
22963
24074
-7850
11630
-9232
-15314
-6085
-20017
28854
29505
-18835
-14977
20437
7954
10781
13862
22896
-10546
481
-14568
-9899
679
13681
28963
3637
-17012
-14164
2248
-16468
-19531
24673
6309
9660
14819
1821
666
-10800
6351
25663
7716
-6010
-20660
-9900
19699
-12747
18551
794
26149
-16066
-1837
1460
-17910
9744
-12482
22787
-17612
13936
14123
22780
474
14956
-20849
28275
-11245
23902
11806
7055
-14463
4637
26748
13310
16724
12407
13949
26476
-9135
25410
397
27807
-22096
2254
-92
-21836
-20354
-1771
18687
17624
92
18401
-13902
-12623
-17103
9897
15890
-23361
-18303
2062
-3722
6417
13524
6399
8184
-11327
1358
-22855
2570
-543
8812
-14506
24996
24749
13579
5557
-5722
12820
14295
11964
-7447
4125
21749
16707
21686
4175
24481
29508
-9064
26668
5164
-21361
-6763
-10028
12705
6979
-9531
14303
17890
-21150
410
18038
22630
-14479
-6880
-4074
12888
21142
1497
-8476
-2763
1588
-6489
-2747
8418
-11789
-14388
3742
-8916
4300
-2854
-4860
-15463
-21555
8920
2863
-14949
-20659
-22077
27731
-4321
14074
25110
20232
11589
4068
-6560
-4
10594
12085
-14046
20191
28391
-15653
-7770
-22385
19511
-10124
-627
27130
16737
-14024
-1501
-1571
7194
28055
-7011
17506
13287
168
29283
-1341
18649
20129
15807
3055
-22082
27960
29626
-10155
-7629
-20022
-15393
10329
7221
-2154
-16676
-19715
-17341
29628
6903
15043
-8412
-14549
25288
-19073
28539
10745
28285
2801
14794
3870
-11160
-1127
14910
8107
27478
7071
3447
4249
-157
23222
-7609
-538
28058
-4911
26019
1744
9825
-3356
-14031
-17425
-1992
-3445
23834
26095
21205
-17310
4403
26847
-18808
5266
-759
25352
-6303
16940
-20046
5327
29919
-1913
2900
-11475
12911
25067
-506
11894
-9079
-7074
-16333
-2732
18770
17339
29791
5456
-1377
-7987
6010
24177
-2802
23910
-9585
-3656
29365
15186
5148
1375
28604
17799
23658
-23356
22829
-8021
23925
-10281
28492
-21784
11361
3811
-2634
-3956
14433
23893
-10040
22449
4419
-21291
14423
-4908
25924
25931
-10787
8906
13138
-2717
2939
27018
-9780
1206
-6620
4550
1768
-9765
9658
19247
638
-22399
14992
-13009
1704
21138
-9297
27982
-20638
-7215
12794
-2338
29313
-6059
-3315
-22394
28088
1837
-3036
-22275
-14070
-18443
16815
-9592
28423
16754
18159
8061
14607
-9793
-22697
15747
-18571
8145
-8436
519
13946
11273
14129
27054
18789
18264
29367
-20113
18826
-7752
-22762
10263
-19555
-3754
-21393
-1025
23891
22207
-1788
10984
9899
-10826
16414
22092
2461
21360
23214
-2575
-12168
16696
-2645
8531
17513
8378
-4888
13048
13464
-17800
-6206
9892
-458
-14678
-12267
-10051
-14320
-5974
15950
20864
13766
-12505
11812
-20806
18228
7717
-14198
-13101
21006
1479
26646
16481
-696
12752
-17262
29784
14721
-3876
28221
-4925
-21893
16925
3328
19256
23932
16410
-9455
10379
-18886
-10055
-1481
26780
-12574
-11040
7182
-20420
5218
17259
29779
28147
17152
21216
12485
-17291
18622
26162
-7103
-7658
-15773
-87
5873
12898
-22264
20119
-7900
-20191
10309
24233
-14812
-16633
-23411
26761
-10570
-21778
5882
-14047
-11742
-16429
-11767
22400
22975
-14039
7319
-11094
21670
11533
20534
-21407
13234
-4355
28397
-20727
28491
10162
27100
17277
-4420
3586
2191
-13258
27198
13937
-3691
-4866
-21311
-1394
-14658
20014
-18587
-14655
17348
1583
-19207
13720
-22074
-7999
8192
-7265
-15645
3343
4499
-15651
11650
22019
921
-8073
23692
17236
-22431
-17972
7411
2579
-22659
-14943
-3266
20000
-6880
-17022
139
4986
-9523
-9488
12907
3763
-11036
581
8453
14025
-2588
-21396
-19559
29779
21373
26998
21438
-7039
-3412
-20171
7680
21442
4699
-8782
29946
-18525
-10526
15225
-6910
29729
28913
12467
29449
-6060
-23174
22574
12303
-18980
22904
-20093
18333
10309
6367
16281
-9427
18194
-12243
-6408
15641
-16544
27059
-10477
23017
1470
-237
-8595
-9917
-2118
8750
22170
4178
-11044
29305
-15867
6236
23478
-15010
-13851
-2757
18910
-757
-19389
27553
-2018
23748
-17100
9611
20801
-13500
-16021
-4121
14946
-7555
28379
-13637
14758
977
-2666
4825
-9629
3696
18457
3774
4245
2694
-8193
-485
13519
21008
23092
12576
-14938
25402
-15604
-16190
5641
-59
-19217
-8112
-20457
27063
27548
331
5338
-12417
-15398
-22083
-19177
7224
3205
20700
-4446
22780
16417
28947
27179
4607
-21397
-19146
-8729
-6747
22299
-13770
18764
-17099
-6342
10652
18124
-9570
16012
-15973
9579
15094
10982
-7614
17726
-16537
20430
-15746
26046
3740
29165
-12729
18411
12749
4430
23170
-21165
-10820
-15755
26252
-14696
15580
-570
1897
-22097
8787
547
-16188
12473
-12630
-14659
22462
-19797
21315
-14888
-14980
-565
9012
24435
-6329
23059
-4707
-14157
18029
5582
-15466
22376
22594
23848
-13011
-5958
23969
-22547
7958
-16168
21654
-2421
-5820
-6861
-21969
2727
-7412
13921
-13516
27517
-9304
-19150
1862
-1433
-6974
-6542
-7853
23425
1718
-15974
25166
11317
651
-6876
-16657
14279
21517
11136
24368
-22288
-5623
-22679
2420
-3367
19013
16183
12973
-14915
-1925
8747
-3684
-4641
600
-1028
28124
6574
-22094
23112
-9830
-6383
-5443
-21238
20273
-10221
27974
-12249
27117
-16296
-4731
21717
-15069
-21276
22148
28438
-5257
22923
-17402
20774
20814
-6749
-19264
671
15398
5122
-20500
29939
25478
18919
-2640
13088
29648
3245
2592
6408
13126
23231
20592
-20198
25172
-19493
-15731
-12227
-12489
-23084
-5030
184
19370
-2920
2272
25529
-4486
-3142
22091
-18602
-1350
27852
5034
28956
-7975
-11949
-3463
28706
11750
10165
19379
17267
-14056
20872
-19809
-2932
10031
19101
5273
10555
12932
-23009
-14777
23272
1763
-19506
-333
-19018
-9883
-351
-15478
19269
-9615
-10711
20387
8000
20279
25735
14980
26978
17828
3223
12220
-16757
-21563
-7637
2875
-2453
-986
21002
-394
-3042
-12260
-17601
27738
15250
-3440
10755
-22472
11790
-7548
-19028
-15201
-4111
2697
-10126
16423
17968
12668
-19217
2823
22272
-1477
16100
1439
7335
29420
-12357
4646
-13813
-12503
-21666
-12103
23901
-20973
20580
18485
17960
-3978
22180
8653
-20794
-6318
-17230
7924
18612
18250
-10229
20811
9724
-11358
11889
1168
28978
5977
15859
-9932
18713
-928
-11328
-18447
-8660
-12939
4376
-6647
6722
28021
-5695
-3134
5817
-23261
15532
-21766
-1202
19024
1875
24598
2537
-4141
6145
-14497
-13509
27320
24525
-3529
-17495
17206
-5922
17595
-8072
-18039
25128
-3806
-14452
-7213
-20537
-5077
-14039
-19358
-21493
6873
-12329
764
25549
-14250
29885
10867
-19964
-16935
13749
-257
-15077
9295
-19355
-3170
-21979
-20530
10896
1880
22029
9685
-16815
-12646
13377
20400
-1059
3238
26916
-8888
-16772
10520
16895
-10636
28264
8209
-18377
17594
17640
963
-4850
23972
-22009
-19426
23656
580
7574
-6155
8932
-7652
-9221
-6562
-7846
6556
28256
16808
29292
15810
-21648
-11298
21251
-17583
19725
-937
-18774
27129
-7645
-19520
-22977
19960
-14385
-14786
1817
19051
17775
-18063
2386
-10519
-20867
-6999
29477
8069
-20654
-12382
19938
29116
-4820
-21717
20125
10820
-15209
-6272
-9161
19065
-9122
12589
4994
3650
-22743
-15234
-16569
8187
5492
15944
-9038
-8304
-7912
-19664
-13002
-4804
3028
-20390
-21021
-20432
-2066
-22970
9812
-206
-16712
25714
-12021
28787
26713
7275
24990
-17420
9180
-12558
29188
9105
10295
-5933
15502
-5499
-11358
-2190
-16825
18601
-5087
11918
17189
-1667
17341
-19562
-18301
4100
6072
-12280
12446
27811
20740
-18273
10770
-2777
19454
2775
14214
8765
18529
9189
21605
25502
-21967
-11417
73
2568
-6126
-4705
-17181
-6320
-10840
1568
-8221
15860
-11104
-4353
-11905
13602
-10753
-5179
24482
-3986
-16999
-15119
-19285
-22120
21188
3460
-18088
26200
631
15371
-11815
-5343
-12595
9204
-13955
18074
5961
-16090
1152
5207
20782
24828
14589
-14430
16054
15137
-4567
-3711
-18431
-14574
7388
-9121
9237
22667
-19804
27151
-18301
10045
22364
-7537
-16408
26933
-9944
9075
-8540
17224
-2750
-17434
-7564
-11322
-5826
-22371
-17758
-10926
20824
10335
-13277
20003
-16046
17215
16536
1140
-19734
-638
14280
11953
28493
15886
4718
-22983
-17436
4544
3202
-4665
-10565
3801
27123
-6714
9748
-14621
-21116
16788
-15402
15105
-10015
-21253
7380
19941
-18991
-5161
7287
-20291
-10711
13171
29901
26534
-422
-9124
21602
4702
3823
5949
18007
-9583
72
15023
1184
-23293
-6732
18443
16081
14749
12314
4058
16546
27019
8670
3132
-18521
20866
20474
14087
-6099
-18317
5676
1143
18940
-20459
7692
-12497
18710
-151
20806
-17651
18235
25318
23295
29985
18802
7706
-13555
28145
18681
-2907
-22005
19544
10808
-8199
17618
5277
8643
8837
489
23687
-1665
22910
23186
23103
19644
29091
10273
12563
24880
4807
23885
6763
3666
-19462
22868
5155
-1263
15450
-5179
-2681
27368
-23184
2562
-13117
17981
-625
27262
-13106
1829
-21515
22921
23967
-9185
15329
13482
21080
-2267
-497
2869
28766
-18890
-2520
-1671
-15244
7069
1269
-14429
-9509
-15789
-9213
8898
-10393
10080
11611
-16187
16745
1053
-19697
2152
20792
8307
-17287
-15626
-5074
25271
2930
17889
28074
24081
14796
24239
15973
26582
-22845
21462
-23158
-11191
-4801
-8858
-13848
28308
-1986
-6936
-5018
-3485
4814
-5458
-9758
17647
-18890
8101
26933
20405
6863
18396
-6460
-22339
7289
-21429
-9227
25871
8380
6798
13990
-17269
-18557
-22648
11338
16486
19330
-14913
13781
1336
-3950
7211
-3225
-9476
-14756
-9759
-12671
9251
-3380
-20510
7927
11871
15105
-5679
-15680
29152
17156
-2081
-9901
-22989
20165
-14644
-12091
16282
17605
-11806
-18246
28302
8736
-14339
22654
3746
3551
21335
-8317
17497
13810
4708
5114
-18969
237
25115
12699
6095
-20878
-11201
-1767
-16824
12388
27413
1741
16517
26496
11533
-3296
-15312
29029
16579
-4326
10459
12573
24319
11679
9875
17457
625
-8494
20443
-18499
2392
-14887
-8617
9478
25189
27267
12552
-4012
25683
3982
-15648
-11022
16668
25599
14913
7406
-12218
22377
26175
6088
23898
-10100
15726
16105
11822
9166
-9587
-11228
-9382
16444
18535
28557
17949
13379
23787
-3889
2800
18617
-1727
-5595
10237
20178
5157
4641
15584
15281
-10937
13433
13888
29864
5762
-2379
10676
-19313
29531
27179
-6101
-8398
15343
-4682
6987
2482
-3674
15929
19764
-22590
-9370
-22453
26298
9848
10584
8610
-19261
-17292
20430
-2296
-5265
20052
14232
-11603
7148
-18001
6766
15542
-6378
10587
1197
6062
12436
-13254
-20768
-20127
28011
17287
2846
2769
5795
4275
-12409
28540
-17462
-1588
-16891
-1085
535
17568
-7986
-13961
17367
-16734
10810
21367
-6239
11598
7309
9767
5124
-8217
24996
-12678
19011
-8535
-8783
11941
-20240
6516
12585
25677
16975
9894
-843
-21091
6306
5739
27275
10714
6198
27466
1970
-14439
-13580
29601
29293
14470
-9775
-20718
12060
20923
29993
-17108
28559
21396
-16192
24401
11710
-16697
-7145
24121
19139
28043
-21187
18095
7064
-3001
7728
-18254
12686
23082
10933
3305
15055
-12870
-5255
4132
23201
-15420
13399
14234
18565
-21612
8596
23578
27243
20207
21953
3128
-16709
1861
22434
-16566
27209
-8358
875
3383
18492
-17667
-7868
-23344
-13084
24535
18668
3305
7506
-10646
-9738
-22359
2851
-10656
-10051
9550
23974
9543
16953
10033
-15205
28680
-21918
-17544
-4633
12808
-3138
5393
23575
8403
-20611
-22683
10175
3086
29897
14695
-10901
11874
10583
24631
21385
19044
8705
-8598
27007
13620
-2207
28350
-6414
-16244
3733
18387
8286
-22634
-6680
17524
-12829
17372
15927
26891
11155
25686
-4820
-2557
-9087
-2903
21177
16575
-2625
-14368
6118
13813
12199
-12502
-15737
-9107
8557
8365
7760
20863
-21245
-9182
-12126
2391
-7218
4464
-16305
16523
28232
518
20145
5907
24048
8863
28097
-9194
-22963
-15891
14332
-13927
-6999
-9273
18882
15526
3226
-6744
1596
16129
-6534
-14996
8155
-10845
8880
-9450
-10224
-254
-11805
2557
-17728
-21604
-15347
1918
12619
27238
4709
25914
19446
-2467
27937
10266
-7473
-11286
-6624
-23309
-793
-12902
3413
11502
-14469
5496
-8404
18475
-16071
-7000
27596
-10264
10679
-10553
-23003
18313
28206
-7611
-20704
-16600
24787
-1463
-335
-10903
-9072
16228
5107
-3138
15996
29398
-5010
10957
26523
-8636
22116
18267
10818
28421
-18279
28090
-20832
16241
-14040
6711
3855
18355
-10616
-7099
-22012
-17263
-18435
19052
8032
-7019
17942
16020
-8755
19453
-18383
27490
19319
-12159
7897
-15531
17410
16872
13271
25184
4303
-23079
23973
-17583
9611
25376
-18788
27500
-2606
25386
-6085
500
27164
29216
-11570
-12892
17801
-8482
9965
-21399
5919
24180
11229
-5429
-15071
1312
-16297
-2173
-2882
22831
-6683
27114
-4284
21448
-9199
-10515
4804
9253
14728
-13899
-15272
3293
-21914
4853
-18332
19303
5652
-6310
6668
19241
-5967
-20912
28984
-15128
-11086
4317
19446
4625
-3320
6821
93
25959
-8179
4691
-23015
28705
11646
-8764
1069
9855
-4203
-20954
-15782
-21131
-22225
12969
-2855
21242
-13823
-10004
-23305
-519
15227
7116
8267
4192
-19750
-1509
-16320
8927
-13973
29894
-8944
-5265
2477
11212
26366
-4419
7756
12128
-20686
28848
21839
6577
-835
-19452
11960
3796
5263
-8253
3183
11852
16676
-16640
5570
-21424
20829
11269
19436
28252
24497
483
-18061
-11106
-5478
12420
-22439
29273
20720
17293
8276
5421
6129
-22863
13780
-1195
-4103
7954
-14871
15438
12689
-7028
13914
-17281
-20196
24236
-9856
-16432
3042
16419
-18580
5007
17907
4224
-9419
10934
-13380
-2000
350
-7876
5202
7633
-13193
29606
-13200
24111
4583
22471
9163
26865
977
-7575
-4903
13314
14988
25263
-5242
-6083
-13421
-4637
-6187
-22606
-13378
14016
-16446
-17247
10959
7497
1192
-4284
3896
4836
27948
-2466
9505
29055
25447
18872
12990
-2788
7466
-5391
5451
-7404
-7888
-11968
-19847
21292
-1060
11160
22421
-2207
22459
-793
-9826
4586
-7629
-11738
11040
5090
17868
-720
8610
8868
-10148
6958
-7588
19524
20525
-2314
-685
-9503
6931
10216
26470
-6440
26619
-1454
-17757
11553
881
21499
23259
7060
-16094
9939
16228
-16622
-22764
24439
14584
26618
-17234
20872
24730
21607
6181
-4413
-22206
-5559
-18427
-11225
-15751
-18182
14936
-3867
28976
-22199
28752
1119
-21504
25503
6821
-18381
-10842
3329
-18907
-13557
16081
-8663
-755
-125
17701
6750
-16675
8886
-1998
-128
-14256
-8849
-10028
16697
8788
-22568
24091
-14602
-9207
-21359
-21093
29394
5983
4986
14113
3947
-2276
1578
-20575
8744
1834
28641
17772
-14519
-16861
-2397
29188
26885
-23293
14161
22000
-2814
7869
-7946
1965
4711
19251
-12905
4660
4494
-21043
-2459
-16362
23105
9337
-13035
3091
6522
16667
-1176
-11430
-22367
11167
-19626
-15858
-3942
-2766
-7226
10672
29586
14256
-16654
-22228
28018
20647
-19257
-20967
1382
13145
24612
3554
-6913
29629
3420
17585
20139
-11453
336
15391
-5825
-14392
22088
6704
21917
-22921
22795
26543
-2546
-2173
29648
9853
27450
25581
25510
8227
-23203
-7401
-15666
4308
14051
9568
-6151
-11324
2111
8688
22232
-3644
-17894
12254
10240
22700
-14591
-20484
-6521
5673
15783
22466
8077
29307
-7127
18403
-19191
11105
3899
-16809
-3700
23981
-2439
-5871
28394
-1405
-12446
18450
25801
-21259
-10036
14556
-5535
24997
5688
7422
19691
-18637
19895
8523
-19040
-23403
7337
26786
-17431
10767
-8416
-1707
3804
1894
-7887
-10791
-15050
-20262
5810
15749
-22528
-10354
7258
-17736
20150
4390
-9054
9093
1415
-4710
17997
-16851
3569
-5727
-17688
1863
22803
21081
18065
13508
-18812
4251
-21608
8404
17467
23373
-3969
-19254
-7068
24279
-3363
-6055
21002
-12482
2561
-14620
-4505
-3060
2761
13458
-15275
18714
4292
27646
-2269
-12434
24157
-16933
19602
22934
-9801
10623
326
-11355
17257
20829
26142
1900
-11456
-14876
29944
12465
16089
7507
6275
21376
21503
-22971
28565
-1607
-10444
17937
6892
2881
27217
6891
-6145
-15839
-23162
-20590
7896
-21586
-2990
22763
14979
8099
-6475
-1859
11698
4162
18479
-6338
-7838
-7542
-9470
-10807
-7877
13535
12818
-11377
28231
18092
5152
2050
11039
-11710
-3450
14751
-11453
-11607
-966
-23006
-20853
-4884
21624
-15106
-8444
-2134
3543
-15659
-5231
-12303
-3579
-10950
-6110
-473
25820
-23
6856
-2754
21733
23880
-5491
23325
-21322
11506
-4095
18437
28750
-17851
17322
1274
17085
27393
-19409
14759
-1121
17843
-12179
9628
9470
-11804
21790
24651
-5003
28593
19285
-5814
20032
-4575
21935
28184
12288
12422
-15616
-1395
-21561
-22702
-20518
-6825
-3400
24297
29751
532
8712
-12791
2869
29567
8575
-5053
1312
18845
10067
-3949
-17242
23840
8832
-8681
-2844
-21282
7335
2316
-7134
4395
17795
-23295
22727
18592
104
8038
22966
-17576
-13969
8396
25683
8311
16219
18962
13824
-12019
-10357
-12611
10303
13100
-19393
6112
-14576
18004
-20029
2406
13681
23369
6025
-17907
301
-3078
-16480
-2914
16320
5303
16015
-5124
-1177
9853
23200
11086
-4350
-10058
7583
-3159
376
-3668
-6462
20828
-14340
21006
-12945
12541
13543
-175
2716
19637
13239
22312
-17425
19164
8643
27792
3524
-407
18024
672
25772
-21250
1926
-5873
-12962
18566
-15994
19670
-20087
132
-12031
-5511
-12825
-4701
-13072
12276
6364
-15118
11138
20458
-5135
13700
-9673
-6244
-19735
-6410
20654
16320
-181
-22483
-16308
-3043
27361
-21647
-416
558
-23351
-21530
-14928
6787
11515
-5373
11250
3885
-12688
-21937
19479
13234
-127
24401
13528
25288
-8530
28936
-6166
7187
-6993
14565
3964
-892
22312
1040
-8459
15723
22652
17353
-9284
-16504
-301
21655
23394
-14301
26288
24562
9105
-3861
19952
-17332
6829
-6144
17657
-14150
12975
-22388
29727
28476
-15790
578
2762
763
21518
-17834
-19406
-3233
2094
6868
-12667
20915
5649
16904
15000
-20126
-4898
-13801
-12049
-3137
-4634
16373
3434
-12110
22021
13463
-13901
-12325
-7990
-10328
14103
-22160
-14839
18607
-3497
18146
-8128
-9019
-18801
4651
-6341
7122
-19740
-13453
-17783
23848
20492
10379
25968
27484
-13474
7948
19636
13821
1262
-11422
21645
8903
-6303
12138
-4079
2695
-15544
4670
-6690
25365
-5578
-5766
21639
-12712
-4428
1874
-14867
-6060
15313
20622
-22439
1068
-8755
26241
18591
-9007
-9885
-9643
-8416
-19936
-8308
-2099
21431
12280
-15182
3046
-4173
-3765
16859
20895
18070
-10669
-21003
-1909
6263
12577
15100
-1918
-16555
18178
-16134
28726
17113
27030
-2782
27914
17218
-1136
-1706
28960
21104
17189
16550
25931
26558
10407
10814
11093
12256
-17380
-2432
-14474
22864
-19050
5806
-22364
24392
12990
-6406
252
19993
-16201
-23118
-5967
-7433
24092
-12610
21575
8094
-20021
-219
7410
25364
18865
-6604
3882
-11637
16226
13944
8474
-22651
14056
6119
1980
-22796
12894
14330
-9976
24955
17263
422
12779
8987
13034
7081
4301
19033
-11707
9111
10394
53
-12678
29898
27937
-15481
22504
14562
16951
8358
17915
-19660
28385
-21420
23138
1214
5836
28229
18328
-23220
19915
-1717
-4881
-9413
14448
3775
-9166
26385
27814
18683
-9745
15779
23251
17446
27188
21161
8961
-14032
12973
-14113
-3541
-23231
-16094
-15335
-5429
17296
20464
15374
-5672
17483
26385
-6011
11569
27385
890
25983
-2221
-9181
-15926
-19732
-22747
13923
25242
5201
18272
-20036
1117
28040
-5114
10091
4562
-12335
6642
5648
12611
4950
2972
22251
-10823
-2336
-13023
-20645
22270
9695
8597
-20500
8950
4660
-20997
15878
7984
-3411
-5423
25205
9046
-21016
8019
2516
29000
-20827
26055
13589
-21128
17504
-557
6155
-20568
27551
-13196
29947
-4747
-11530
-11285
-13992
25606
-10779
16861
19533
5763
20696
29261
-8776
-240
24233
14250
9970
15294
21506
-7474
-5663
29839
-5296
-11766
1269
-5830
25033
14871
21670
9439
5167
25239
-22201
24280
-20816
13224
14054
23541
-19164
20198
-6342
21783
-17075
-22840
-12890
23907
2047
29287
16416
15841
28632
-3649
4856
-19425
17129
-4450
18636
23073
-8629
4332
-13780
7499
18279
12897
-9673
27559
649
-15704
6102
17850
-9714
22282
6087
-1120
-5145
21507
-3863
21725
29510
-19813
-9331
6195
-14110
14772
-7695
-4016
2764
-5349
16738
12665
27563
4512
28127
-12876
444
11153
16811
-13928
18577
-12397
27016
-22906
-6113
-16447
-21746
-21762
-19283
-595
-17612
7233
12234
20600
-10885
-20713
25884
-9411
23982
-5821
-16367
-1736
-3015
-19890
24150
2855
-11303
-8589
-20253
-21367
22473
13759
24183
-20101
9796
19825
21888
12308
21475
24785
-2895
-933
-20556
13301
-16650
-22575
-4592
15600
-22404
16417
4174
-10434
-14402
-18759
-321
-14388
26465
-21429
4609
-6931
15554
-13392
-13958
-2541
23039
-13947
4180
3862
4607
4135
19739
-9567
25170
-17971
14738
-10981
5151
11058
5438
-21996
15410
-7165
-10805
10257
-5227
25552
26529
-1253
500
12785
-19255
-16199
-658
15055
-18434
-5982
-13900
-22712
-23445
-4061
-12110
10147
-18610
-20979
23615
18328
-19387
-2578
-7341
12520
-22057
-20509
17318
851
-2159
9199
24875
-6082
-2415
-873
12485
-10791
24085
23153
14973
24174
-718
24915
-12128
25448
12258
-14827
-16745
-17212
29528
24744
-19557
24702
-10132
-6128
22125
-10812
-10191
12948
958
-9142
10987
-789
-18420
9387
-4378
-14946
22825
24856
29559
24163
-2023
13002
-6980
-22145
12701
-20096
8729
15676
14537
-8855
18307
-13388
8980
-16419
29715
-8515
-598
9933
14388
29567
14389
10989
-14330
-600
16600
-19241
-12958
20107
-10377
21456
15341
23448
15081
1556
2042
7666
14467
-7905
-9928
-18774
-20153
4554
-7062
24703
11268
19093
20367
6773
-13173
-17059
16602
10588
7975
14920
5029
8552
-14777
-14687
-8732
-21311
-16919
-12339
6438
26460
20024
1251
25581
6701
19617
-11218
20612
18298
-10329
18106
-9535
28540
4978
-9510
27176
-6194
-22175
-5816
12904
-11785
6370
11022
4857
25147
-14935
-3416
6277
-16764
22529
8596
-22008
-2420
5009
-8291
10004
-4991
-3400
-3936
3339
-11225
1120
-8917
-6725
-3359
11114
-18636
22759
4927
20939
-2866
24046
23060
-7536
13270
11979
-11991
24242
16517
18716
15383
16292
-19742
17259
23977
17378
-8161
23801
-492
-6064
12606
1600
2488
-7506
-846
27590
23441
-493
16209
620
2516
3136
-16570
19556
-12288
5784
-3104
-3208
-14307
8270
-11063
-11747
24649
14176
-10023
18095
-23007
29812
-21900
23872
918
-5833
16171
-9723
-8571
15197
-11170
16748
15457
4291
15411
12174
-22278
-6960
11670
9832
15188
-8989
14348
-21009
-19733
-16996
-21851
16747
-8089
-12032
2906
5955
-12633
13258
12482
15400
17867
-2267
-6421
12881
-13887
-12708
20772
24106
-20322
-6944
-21195
8694
3124
9261
19845
13959
9279
-23167
-20817
6483
-22557
-4833
17406
10074
8820
21724
8901
11828
1408
1568
28594
15021
22653
-6474
25774
10578
-20342
26670
13477
-4740
-18641
1580
15110
9942
7454
-15762
-4344
-1434
-16296
-11993
18477
-11627
-11837
-10879
-13009
22605
-10393
3017
-2121
8876
-3883
27068
-5707
-9427
11545
1382
15175
-12116
8373
11213
-10708
571
2945
-11514
17334
7080
11972
6683
-12051
-11173
-2166
-374
26111
-1912
-21493
-22970
8065
-20988
2224
17361
3394
26376
28618
22433
26689
20839
-18790
3656
-8682
25282
12053
-21997
22337
346
-10547
18074
10885
23934
-17151
6201
-13424
-8222
-1740
26197
20437
-4009
12965
9274
-15010
3541
-3712
17320
3356
-3124
-3086
-8990
24034
8422
-14611
-17616
17212
29473
1261
23397
4795
2450
10787
-2520
-12486
19374
22793
-10489
-1713
-22414
5383
-9688
27152
-5131
-10543
-20784
8739
-9977
8393
-19815
25603
17745
13440
4612
24700
17171
17081
-9685
27919
-14036
13875
6240
11719
219
-22817
21829
25472
16590
-15155
-18090
-11880
2175
14705
21879
16565
-4431
-21783
25565
3448
-751
15301
-16409
4386
26463
13426
15933
-3597
2489
-21825
-23238
25958
-14006
7975
5982
18352
19048
16934
-6550
-4390
17300
25663
-19248
11896
24068
-10116
-20840
7374
-5813
-3669
9154
21987
1796
27079
23421
20954
-6896
-5125
-2250
-22471
12189
-2801
13003
-3164
12826
25756
11118
568
-6483
-2985
26004
-10856
11630
-3856
-3390
10844
14868
-520
23078
1398
13822
-6418
29510
17805
2734
9641
12277
26152
-6241
-5766
-17523
-8661
10615
-15337
-20570
12810
-9465
20810
21263
-11468
9798
-15404
21350
-2836
19320
8554
-22612
3685
-12893
-14274
-7578
-3328
-16994
25612
-6374
11715
23888
12131
-2903
-3423
23008
-15415
25168
9936
-2547
29462
21963
28419
-15420
-12862
23880
3210
9767
41
13835
6408
-18610
20571
-9931
-15439
-19030
20203
28690
20814
6123
27717
17668
22500
-11095
28907
24712
-7675
1261
26170
639
11328
9197
-6064
18939
29633
24312
-9349
-14207
10243
17419
599
10801
23325
-8357
16779
-12109
12509
17193
-6007
-20776
11643
-22143
-21712
-9928
9844
-3468
6270
23863
5687
4677
-16055
14828
-11077
-2434
-10322
-15414
11194
-11463
-9887
-3753
-8375
-11013
-9511
14908
8155
-490
1947
1236
-8144
14232
-4674
5774
-15463
24494
-14875
22327
-13071
-10799
-9437
25052
27767
-22130
-16147
-6116
29173
-23322
28525
15315
-15444
-11458
694
-21193
-21765
7509
27887
-11369
171
11934
-14124
-13137
3652
25275
17644
-13834
20893
17530
-373
-2863
1027
-5720
18289
-312
2086
-11236
-23106
27848
8927
-9645
12814
23434
21796
19051
8812
3849
5921
19931
4284
29224
-54
-22004
-21082
28662
9696
4827
6936
18449
-10271
-9683
-18390
22829
27417
-14488
21277
14353
16273
-15907
19130
-21888
-17718
8725
8446
14838
-12814
-4995
28695
-694
-21758
-6105
-17134
-7669
-12223
20862
-7664
-7531
791
-2363
27141
-21914
-1764
9219
-13306
-12121
-8189
24232
21301
7507
-19400
3864
29434
29030
29225
-15835
-9875
25637
19298
12275
5415
-995
26554
17350
15606
-19433
1439
