-3.521263932 -16.158989274 -3.7107899018064696
-6.986621576 0.901639673 3.7182845643686253
-6.75366135 -14.953224821 -3.1547526988594212
-5.025346947 -18.701029818 -3.858938154396503
-0.54621586 -14.081205545 -3.403085676829205
-3.832449467 -17.977881212 -3.9364346359605973
-3.08392327 -16.040273535 0.6546610712821757
-1.744951817 -13.173495813 -2.579710960028488
0.321407541 -16.381229417 -1.9844312459700122
-1.227140995 -14.870880592 -3.8988763906716772
-5.79737466 -15.180432485 3.6499847941707113
-4.960456366 -13.254187284 1.7053167025146907
-3.180150553 -14.557833103 -0.2834477617613924
-1.663427497 -13.778367958 1.3279505061037158
-6.911733927 -18.242841159 1.9369302075322352
-5.77508195 -17.54984855 0.7534416144512885
-6.810823701 -17.072234915 -0.6944980080319665
-4.54080175 -16.433042298 4.539346378627595
-4.480289848 -18.239038985 -1.2237881574428977
-1.837557276 -14.079180592 -0.16103531177756203
-2.852843757 -15.979668077 2.4933063829794264
-2.581678193 -14.175060246 -1.36479790009558
-3.027752413 -19.798906285 -2.8516668675311863
-4.193126362 -15.458620308 2.228185777772687
-1.267888382 -13.121189517 -3.880691133611749
-5.967625347 -15.975794475 -2.6164918939459616
-3.418378574 -19.267593838 -0.7074333216791864
-3.808308924 -14.404420033 0.373170661314262
-7.456869708 -15.689289903 -1.8187366345773528
-1.107879218 -15.304596829 -2.5940801280159
-6.257095196 -13.991429876 -2.235285479126363
-3.327242155 -19.126491482 -4.330999369622185
-6.151101529 -13.297507752 -1.4544027700100095
-7.087417396 -15.072568081 1.212970118177621
-5.906123013 -17.569781881 2.4022630662844886
-5.709738131 -16.864739975 -4.844937180486467
-3.757953354 -15.837215105 3.8104975883562204
-2.465292091 -12.793797567 1.6885221858438992
-2.149147812 -16.029752176 -2.2102295747415424
-3.964033914 -19.600395058 1.5376187829463204
-5.780194963 -13.832436748 -3.143320471851151
-6.161001777 -16.405057973 1.7698810144508705
-3.528245765 -15.225734548 -1.7172268745544295
-4.088352936 -18.890485 0.0034824180985539854
-6.168426665 -16.122543892 -1.2596448568314522
-2.408926599 -16.094083131 -0.21217309707236787
-1.052067247 -18.931891625 -4.448262235143689
-3.964565131 -19.863944142 4.838959877814936
-0.628050518 -14.568256101 -0.23405454729255926
-0.133824141 -17.967411329 -4.413510786787355
-4.755837572 -18.4917909 1.7748607760351014
-7.389186399 -16.390190055 4.927036531687817
-4.461601487 -17.34212558 1.0710179542031426
0.214902006 -17.470987799 4.281658300038785
-0.36790401 -17.270592745 1.7159190834066145
-4.120143057 -19.207336438 3.4639552274943437
-3.110227419 -18.154731765 4.23123178845935
-1.271564427 -14.574859285 -3.46269860011717
-0.196369826 -15.591814682 4.246797807100586
-5.715031867 -13.88918361 2.217266588208778
-2.066105663 -12.790876113 1.029690628712867
-4.153769291 -14.673986508 4.831375243876167
-1.351608795 -18.542421231 -1.4817938876579606
-6.056663181 -16.659352728 2.3832754532506284
-2.931183506 -18.646848373 0.057887293464874645
-3.011467079 -18.884630203 1.6515323603084795
-1.265257745 -14.859569561 2.736629566278838
-5.543931468 -18.618308264 4.355902167882627
-2.451136286 -17.801217113 1.8717827164315262
-6.481620157 -15.718442039 -4.698919057095664
-6.816265178 -17.905212138 1.8550966452439202
-4.824656242 -13.194873004 -3.0229554891635804
-5.957151809 -17.287236659 -1.829468201895017
-2.629966999 -17.34507452 -3.120140178336234
-3.185377133 -14.699842473 -0.3451346559371773
-6.809662161 -13.925304978 2.4733466304938103
-5.243864023 -16.433610502 -0.264755131856683
-6.796163609 -16.25413224 3.978566475919477
-5.840448855 -15.686735024 3.071004308075473
-3.633717787 -19.888915708 -1.6102102256471529
-0.065187666 -15.574777697 -0.5170865082563116
-4.153531929 -14.288962644 4.037237667501314
-4.157500065 -14.015494843 2.7502304730377887
-2.930173501 -18.996063553 4.694799394105679
-1.791749094 -13.240440097 1.9082811385521161
-2.436433134 -15.03033385 1.9603588103074845
-4.600619617 -19.180677316 1.642094690851522
-1.211966979 -14.235542311 0.3084089700072141
-2.801084782 -17.456470239 -0.23900936218619417
-2.821134517 -17.781941099 -1.9878667076740797
-4.157464164 -17.83482296 4.962314199357559
-5.278571709 -17.60071521 3.89279224849939
-2.651836084 -16.557565577 -2.8390314555609453
-7.447991412 -16.059188642 4.151357791841718
-5.808527935 -16.495129494 4.038076579874637
-4.316675029 -12.959888259 -1.9314361961298743
-1.804957541 -13.732485581 -4.985450084942682
-2.6265264 -16.401629428 4.343245461431023
-4.180618827 -18.8721777 -4.456455818504704
-5.7078996 -15.518910009 -0.8541525378440715
-0.483940657 -15.85838965 -4.193925663151629
-2.967116376 -12.912014189 3.5222719121770876
-4.595967146 -15.954624485 -2.0988956475426415
-2.587467014 -14.509257269 2.425098763175347
-5.52400657 -15.008386649 -0.746298569374888
-4.10197606 -12.228516723 0.9972480929893379
-0.489673427 -17.049767442 3.801008416747708
-2.064864073 -15.703355645 -0.43357950152981584
-1.489640189 -15.75523358 -4.818049076374454
-3.061855174 -19.556580541 -0.49809181695304705
-2.737697466 -19.77732998 0.6469292234020525
-2.085065268 -18.079580433 1.4529497256242854
-5.886905733 -14.64519872 -2.9400671533336222
-6.026140911 -17.017746733 4.517528914582067
-5.431300856 -15.370862885 -1.904705956578029
-3.547449746 -16.524872231 4.752867310646762
-0.587542473 -14.824178783 4.739524142425825
-1.545743953 -14.984992098 -0.07949162138169541
-2.642421781 -16.818678462 -4.665857750005372
-0.98114325 -14.041005776 0.7039568212884753
-6.133826046 -17.107418255 -3.0687093689719633
-3.548247295 -13.685384469 1.6230416041432738
-2.986907368 -16.460773309 -3.2991141268988877
-5.137702538 -13.236199888 4.548080951016081
-3.500891234 -19.897349496 1.539762051725198
-5.8499615 -14.415845054 4.360260229404787
-5.801359545 -18.325015221 -2.692692982276468
-5.544899817 -16.683093441 -4.149202028156857
-4.203738293 -19.715635528 2.3876275174596904
-4.049255913 -20.026568235 4.3734541545496235
-5.640926772 -15.417328489 -1.5226888995407828
-2.608702393 -16.26868784 0.40239277223410497
-0.368998535 -15.19131173 -0.06175849334899475
-4.789707625 -19.607664914 -3.3150067263025598
-3.457306162 -14.879730645 1.2840323211945313
-3.432266204 -16.829030295 4.095840168805447
-1.369966391 -18.300640044 -1.575251646235004
-3.414918294 -12.517599236 1.7679794011722683
-6.25135645 -13.871871616 -1.4670486578982436
-4.162436106 -19.935261496 2.7493181015372548
0.086338243 -16.383266183 -3.6310345941084
-2.294121277 -15.348470651 1.0752200721738898
-4.510820046 -14.096129497 -0.31381536408700406
-2.367287702 -17.370105808 3.2321718913631763
-4.249615736 -16.932912581 -0.7358791617880929
-4.806608839 -15.1879444 2.2392287005750315
-6.639358127 -14.51608509 1.9986997885463866
-3.335297173 -13.028681317 -2.059292164516293
-3.309027546 -14.64047179 3.033090387486858
0.146824648 -14.666164682 0.33520987074388486
-0.296319488 -18.457274397 -3.3038975352730784
-3.285886968 -15.96320561 2.7936143736437034
-1.901537232 -12.963685202 1.0657021806867064
-1.333155606 -13.512861981 -1.0607819211053449
-4.261828262 -19.904717513 2.852546324257731
-1.502530014 -16.069955461 -2.8344017739205585
-6.935678687 -15.486289591 1.15171207683776
-5.639941058 -18.813341082 -3.7148071266626292
-7.184171846 -15.803220559 2.600851445491913
-1.374400508 -18.167235506 1.9463049866027013
-4.353821209 -12.578713724 3.9108830952420295
-3.179269737 -15.451214345 1.7806827051349554
-4.759332586 -15.042477907 4.503814430516181
-4.064861212 -17.66701923 1.3927103467272737
-3.994078791 -17.730050821 -0.7017755261674532
-3.041830789 -14.29140861 3.4505429154864746
-1.10368864 -17.38595361 -1.7744775060568116
-1.302489664 -18.454090604 4.706076134797659
-1.375813122 -16.69530438 -1.171811899508215
0.358414453 -16.638927454 -0.47123951133182373
-4.221040508 -13.277098427 -3.4979829283080113
-2.731284416 -14.14534724 -2.973239193709553
-4.176509536 -17.403715349 0.014366656113885767
-0.97691145 -13.953664768 -2.765195884033227
-2.070744459 -16.724848819 -4.396250439740028
-3.000344207 -18.925257942 1.280797668379452
-7.039952574 -16.36097956 -2.479582061172091
-0.429356831 -17.728677545 2.2764023105688818
-3.603860987 -12.689208691 -3.313092429940009
-4.142945789 -15.956835364 -2.7572153823241785
-5.855685897 -18.742094117 2.205108172101533
-4.548213815 -19.745300404 0.9010002705950102
-0.505732131 -16.048064549 -3.7576055151721133
-5.311898342 -16.426416833 -3.3973706020009953
-4.384962303 -18.990100608 -2.5968830374167684
-4.482941681 -18.17724404 -2.692844090533849
-3.687384741 -14.853844737 -2.031448757056596
-1.195435366 -14.42708728 -0.7019340264399787
-2.911796931 -16.066333198 0.155847323810006
-4.255296836 -17.586010719 -0.12898038591112204
-2.912067044 -19.064170381 -2.2277996040129535
-4.120585436 -16.53167131 4.435140303712137
-1.925553391 -15.316852275 4.86413043861878
-2.85650423 -12.754962823 -0.5819206056824244
-4.566035408 -18.319935846 1.6111045229881995
-0.196096869 -17.427207164 4.250361134169683
-1.14093845 -17.266849623 -3.809446009133856
-4.826174117 -13.257596394 4.693042822339738
-4.638848903 -13.117325356 0.47762149526558595
-5.928366361 -18.86476872 -2.0047099336046745
-5.513146083 -19.417726492 3.730873959880741
-3.199663124 -14.641624104 3.266800925007084
-0.046494258 -16.668381574 -2.689109806807229
-1.41689699 -19.172086036 3.8902369686635065
-0.614122682 -13.691306268 1.3128579367052868
-1.552543501 -13.528605498 -3.2089112972524636
-2.049080341 -18.295719739 -1.367833958000607
-2.978445878 -12.302493466 -4.810512337336804
-6.844658679 -17.854957457 -2.9159937237762366
-1.561531111 -13.484689975 3.012401210474245
-2.079434293 -17.928796526 -3.112758877978851
-1.018988871 -17.846593935 0.4640376582021677
-5.662414937 -15.570019138 2.9131320293313143
-5.322882512 -14.361636416 3.8786708677563304
-5.738848344 -16.622754552 -1.0948466422983172
-3.266871399 -17.830886724 1.1460335552935241
-7.355963921 -15.742991686 -0.5732220107841393
-1.728803633 -12.879519808 0.3468820895464777
-1.933047275 -18.058419116 2.561857840702359
-1.2505875 -14.659259523 -2.815965969067399
-5.730486551 -13.702862896 1.7571082792737256
-4.000664362 -12.412378662 1.7083040489534929
-6.69804436 -14.048830742 -1.9853285637840736
-5.534110841 -18.453074802 0.1500193803320844
-1.657940509 -15.145413231 -4.514728298273898
-0.671424012 -16.94056491 -0.8893547158875386
-3.005730823 -12.812214109 4.895555926554616
-3.083648365 -16.509590502 2.173371771320478
-3.678759707 -13.819715334 -0.628016459524547
-4.692937615 -17.03437383 2.392663644347217
-5.919267045 -13.323817019 -2.571155913375124
-4.893659512 -19.249794813 -0.3075332181238295
-6.035821823 -14.180504602 -1.1181563621373138
-7.185440312 -15.687839974 0.3365438053740579
-7.147691587 -16.041310704 4.814825457978175
-7.22786502 -17.202453366 -4.322907173259136
-0.343202964 -18.213459661 -1.5637023322827313
-5.97549289 -15.023105243 0.5061790097045478
-6.629515209 -16.627083688 0.8317968697706393
-4.67600513 -18.307127528 -2.884662196975354
-5.436699474 -15.668652685 -0.8799724572343335
-5.786912468 -16.934237706 -2.4464488791777073
-4.207384828 -19.81239346 4.831255770623093
-2.843781457 -16.822205593 -4.886913177824401
-6.658029973 -18.453840498 -0.5008984293840202
-5.420328657 -19.461487534 1.3186393910802625
-1.408164012 -12.993342016 0.5414835157028586
-2.215329013 -17.311638711 -1.7551674476275059
-0.00452809 -17.123597921 -1.493986940792258
-3.945821784 -12.183307076 -4.167917145941823
-0.044993836 -17.129058915 1.3552532825190315
-6.034257581 -15.824000152 -4.159148865755422
-2.009908497 -17.318861693 -2.3510802472890404
-0.959753833 -16.498032338 2.700602174472281
-5.885399928 -17.860369291 4.504781047500474
-5.199393947 -15.815028603 -4.843784283800595
-2.803929728 -13.974397908 -2.1160292150301796
-4.343988965 -16.030874268 1.181853686293036
-1.753980634 -14.757833796 0.17826380910167394
-7.482311135 -16.191114331 -1.459145529610939
-3.851124701 -19.90201032 -4.482929202065462
-6.283721017 -15.993980055 3.9630696783419594
-7.388035709 -15.895212969 3.3607698906611123
-3.453391868 -18.289614976 1.9860003508011639
-6.245212663 -17.83238492 1.3946145566446253
-6.254526259 -17.594886755 -2.6162736522595855
-6.000634784 -14.598663986 4.895233944801472
-5.377028584 -14.89696321 -4.011989993480956
-6.417690951 -18.429454291 -0.9808071357848043
-0.080894523 -15.348463979 -3.312702093340528
-0.40070543 -14.77316707 -1.3715406036908728
-5.048889691 -19.379599897 -4.447347724494205
-1.088792924 -16.796778916 -2.9134187451608184
-2.966781134 -14.876379954 1.22732375238503
-4.136263976 -12.28714216 0.7279863664838837
-1.992414196 -14.9493375 0.8766160345824483
-0.230180564 -17.925875036 3.8804067137305864
-7.172009592 -16.081680825 1.4652897106251945
0.223453809 -15.692467927 -3.4149957784153315
-6.68574942 -14.871240738 0.9465177468408115
-6.667903666 -16.667318169 -1.360885641093612
-1.099923269 -13.305397575 -3.572117497596693
-5.606541677 -15.921941041 1.6100661837532728
-3.9595625 -16.085044212 1.362242917267257
-6.421217377 -17.924041384 1.8073770273000669
-1.685599677 -16.676992979 -2.780533639783717
-2.831932469 -15.851529773 3.189009299742091
-3.606686594 -15.225631817 3.1602426907238232
-5.662394809 -19.232300962 -3.7750558914814336
-2.991825926 -13.066728818 0.9180047351879859
-3.032496166 -16.973997449 1.8038241470964156
-6.139718124 -18.249806065 -3.6465458971007725
-5.96999627 -17.507261296 -1.722237782010251
-3.014152849 -19.408197663 -3.1380046321572177
-4.197242375 -19.751416119 0.03432875744942798
-3.58509988 -12.37330339 -3.0779863866911192
-5.650791107 -16.749040379 -3.093583111070778
-6.368209375 -18.513851247 -3.9293936092009263
-3.45718013 -18.731731963 -1.6139813113733714
-6.962665485 -14.615995177 -1.1252141267737037
-2.432714224 -12.586821282 0.07091312085166379
-5.937196025 -14.529385265 0.36778399452332966
-6.583400677 -16.702559486 4.674223252393821
-3.180907291 -16.765326064 -0.7390479621727151
-4.984999736 -18.55223351 0.26876789675376855
-3.339309649 -19.634418283 -2.847064430892204
-1.316530829 -14.623542537 -3.46595810135046
-6.235097253 -16.909115461 0.19988289150464666
-5.167133701 -17.184424256 -1.4038035559573645
-3.758827326 -12.704079743 -2.1667527745796686
-2.406736328 -17.869423829 -2.1512035000660825
-4.300687757 -19.647364779 4.61041698644191
-6.045339633 -13.535559712 4.253779566757478
-2.549729015 -16.535832522 3.202802209748665
-0.636500586 -13.825080335 -3.2549267463140277
-1.068758773 -14.98010183 3.520184993810272
-0.14745439 -16.905576796 -3.802041190662464
0.165533617 -15.805188795 1.6659821209531298
-2.581861431 -15.991648611 0.9966678478036606
-3.603501482 -15.919332764 2.231282425632024
-6.621954543 -15.390495708 -1.818961694735286
-1.59820696 -16.71569195 -3.357573809374145
-6.726075228 -16.924390982 -3.210289898728594
-6.703557369 -14.495750121 0.8393476818868342
-5.637265952 -15.667821071 3.478050704773267
-6.116523263 -14.755438661 -3.716692227659445
-3.548615522 -15.682089893 -1.4800392292727418
-6.901520244 -14.680395171 1.0589813333259857
-5.644263425 -13.93755087 1.5707263201530868
-4.283887252 -15.60445973 4.7516996720434665
-3.269318077 -14.255742061 -1.7041527658846753
-4.366303669 -17.902983461 2.4359307597787963
-3.199307195 -15.850600457 -2.812059409231934
-4.430910162 -18.362767785 0.2110423412245801
-4.981953418 -12.571448826 -1.356655264159603
-1.556356061 -14.025668597 2.0538098229111315
-5.409274869 -17.331110359 2.755140793517125
-6.955570831 -17.352392833 0.1945309488093887
-1.664396913 -15.836256015 2.3230932265565896
0.051496402 -17.860218206 -0.04700991215873085
-6.499242744 -17.363882719 2.110276199356992
-5.504143407 -13.97599451 0.1372330809167579
-4.039199176 -12.423683012 -2.2863139305030886
-1.943982891 -14.79336446 -4.681240702503542
-2.749424549 -13.076297526 -2.9875553161045234
-3.665377115 -18.71627995 0.07996518447885759
-2.063224572 -17.002669712 -0.6634813683821594
-1.726242269 -16.353078159 -0.32772200004233376
-6.002989156 -13.403886445 3.7293553739486924
-0.768515784 -18.754246836 -1.5903827021989048
-7.095505303 -15.946281488 2.6032107843362393
-6.133218512 -18.025594891 0.7924595330938988
-4.326860975 -15.545438346 0.8976372450859813
-1.558151672 -13.565469835 -0.18220903366583485
-1.495434792 -19.540518568 -4.6772384184862705
-4.714110976 -12.885061275 -3.9270821872415995
-2.98871443 -19.790214684 -1.8924112131866644
0.124283154 -17.201029064 0.25022816821252114
-4.417107304 -14.333953431 4.436561416005775
-3.372326323 -19.079773375 -3.5683673767638533
-1.11572675 -15.241755407 1.0962377278126487
-6.961522959 -16.786016315 4.1318881115583
-3.845314895 -15.945366619 -2.602326394241924
-1.852651003 -13.931961528 4.752224440321347
-5.784323842 -18.654424527 -0.6908987746772066
-1.300689552 -16.678470811 3.901260983147546
-4.189416733 -15.504285821 -4.881946174809272
-3.179010719 -13.623114911 3.9806820493128647
-1.862796337 -15.397263471 -3.9513259764581345
-5.284790924 -14.841243328 -0.025361842354556074
-5.771621501 -16.340613415 -1.9349159683025965
-3.283384113 -12.607665946 -3.237423448667255
-2.62443394 -16.290099191 4.72385518143119
-5.916873163 -16.228320439 -0.20009784994366697
-3.9518758 -18.508941938 2.508114502607338
-1.709328148 -13.082758793 -4.744064698182075
-1.761463066 -14.589307611 1.7843992976385454
-3.987354513 -15.465404832 -1.9118384756871376
-3.786554311 -15.003620493 4.9596773115642545
-1.941394804 -13.078231343 -1.9562500701501784
-5.722363937 -18.191816506 -0.7788906864217582
-3.12802767 -17.38878955 -0.4437666222996981
-3.138161911 -12.886262621 -4.59372843401246
0.413401929 -16.137306278 4.924345454129357
-0.330138224 -15.663296409 -3.349715099434495
-5.787486206 -18.68883817 4.575374892744529
-2.575072591 -18.936359575 4.388814230222396
-3.859687812 -12.286985758 -0.6422135731373579
-6.259640059 -16.717201532 -3.5165846780139267
-4.372074565 -14.904653332 4.54211679660091
-0.52922245 -14.076728273 2.0233945803878095
-4.168511179 -16.228947345 1.9357625084608454
-3.4560366 -14.126995225 2.3220444247904
-3.329241735 -16.7007698 4.648467562348388
-5.326355714 -14.643755257 2.3421289090933817
-0.954665706 -17.9827381 2.9989121923784925
-4.101310357 -17.250219405 -4.390507085670591
-2.463060647 -12.434175878 -2.73720362271907
-3.056032705 -19.021794606 -4.327418064205782
-5.408161495 -16.319474491 -1.2488741768976497
-5.311447476 -12.891940338 3.9458491538447795
0.08496527 -15.926419342 -0.5197626363694567
-5.011077582 -16.368522177 4.3460667686819665
-3.972581948 -14.246772563 -3.5789528209932397
-4.862475468 -16.932974981 2.9893392460413644
-1.766845221 -13.216223874 4.988600351809774
-5.170007267 -17.049112182 -4.258035955567857
-5.078801137 -13.556000813 -3.099147653495585
-4.985724061 -14.290056693 -3.197723235778236
-4.839647342 -19.240494604 0.31825200930795905
-0.426750266 -13.682450779 -4.221610166486991
-0.371958171 -14.763718798 -0.3653890629924508
-6.608952246 -17.815150872 1.5099520737696395
-0.75266841 -17.874471284 2.9106137979444826
-2.630073844 -14.282709599 -3.6321223364704713
-5.984886433 -17.959311976 -2.955190399467048
-2.697353934 -13.72402706 -2.1747070592634374
-2.978152915 -17.336720494 -0.7346138985027109
-3.369443083 -12.676666153 4.50487779601298
-2.524787949 -19.362224295 0.051907822920301605
-5.403704277 -12.85978586 -4.990248491971093
-4.419125245 -12.978578102 -2.4780633902266525
-4.255102385 -15.178977102 -4.544268165194973
-3.708791963 -16.46652689 3.2486441869893614
-0.71919701 -15.467488682 0.996954535506978
-7.262832403 -15.253681489 3.3873485639124272
-2.921983074 -13.615592626 -1.0036911105293864
-0.216557873 -15.753991374 4.899814292277725
-0.838350544 -18.443407384 -4.747185472553693
-2.031076826 -17.474544846 4.004907165690895
-2.715335046 -19.644991548 0.5718534834081659
-4.358345546 -16.465445659 3.5039196751069586
-4.409969325 -16.078250957 0.11533148933442572
-5.674104031 -15.749557595 1.5827237364555549
-1.803112093 -13.249344452 -4.079220125019178
-6.645392496 -15.522213831 -4.916308511195363
-3.230808568 -12.786368738 -3.6158413981988535
-6.450863345 -15.795385482 0.042865369764916395
-6.078741486 -14.266003001 -4.755719627758959
-5.957702402 -13.62454059 -4.19322494488094
-5.361846497 -19.150468794 3.048367419054042
-1.700594243 -15.439731827 1.2043738175685625
-3.700666757 -13.291280235 -4.1545363058716065
-0.639935262 -17.026337762 0.9104606123904411
-6.887294873 -15.261666021 1.0634287915246183
-4.789994318 -15.197807493 -1.683821543126398
-5.283170311 -15.848060505 -4.200749213000822
-3.317078274 -16.455659994 0.652962328689604
-4.353271747 -15.906495269 2.2482075793900353
-5.091068244 -18.415263155 3.2399080857974187
-2.589012527 -15.407467211 -0.45618128928784696
-4.408067288 -16.333480951 0.15013347387791676
-4.571900064 -17.021513601 0.6923135932564453
-0.249037367 -16.705003693 -3.655249390860953
-1.355984971 -17.786498478 4.0601045487025385
-6.426473423 -16.375672054 -3.606264313492468
-1.706960117 -13.363630862 2.4969921026222917
-0.358340514 -16.97401684 0.6026551122999981
-3.19151318 -15.985380633 4.355804752755802
-1.955375828 -17.083940079 -4.40985996945909
-1.037978854 -15.811314125 4.622952774830997
-3.707714243 -19.126750582 -1.8597338099074365
-4.45652827 -12.834032051 -0.46324300232758375
-3.685672251 -12.491945814 2.4687394196394443
-0.010067023 -15.095226843 -3.885952454062217
-5.516785987 -13.4291766 0.3077463211916225
-3.952455248 -14.480468996 -1.0535852641036723
-4.878003963 -15.827434893 -4.023502060022398
-1.282491158 -13.185010397 1.993401311640528
0.14742108 -14.945768227 -3.010527736634484
-0.088884244 -14.304204583 -1.9912773726945954
-5.75001485 -14.396562247 -1.0121194779250944
-5.691425781 -18.822449744 -2.3132863199421125
-0.066692111 -16.572598326 -4.16105151048755
-5.947871143 -15.044718909 4.2715068030033425
-3.731805278 -12.531772688 3.389410975570735
-0.542959305 -16.42832083 3.645988756654134
-2.970567463 -19.05836479 -0.12551047639163038
-2.58285725 -19.976876303 4.006913419700613
0.193287854 -16.732686396 -3.389843727003848
-3.483558959 -17.136279569 0.029105263442582796
-4.360946659 -19.260931236 -2.1923237486788807
-5.303471687 -17.480612448 4.923483987321944
-3.646163766 -14.954307578 0.35463120529532066
-4.858226997 -15.538842658 4.253901737949512
-3.66776638 -15.530934223 0.7101437845758571
-2.521747467 -12.694269076 -1.869065054823691
-4.193890993 -12.324449012 -4.855695942914395
-3.89613182 -16.662046013 -1.5436281223226156
-7.287014516 -16.185777252 2.8629044345271693
-5.938791675 -13.197421155 3.554274885933971
-5.882144102 -13.138165567 -0.9538932570004217
-4.912702637 -15.127573366 -3.489561701760312
-7.194396937 -16.370127006 4.885166358203074
-6.117504586 -18.374962787 4.472869267085546
-6.998038144 -17.336875179 0.2699718554062791
-2.937044032 -12.33616703 -2.0899015888845716
-5.257992524 -14.492999811 -2.4406662829546577
-3.611755716 -15.903728006 4.219035404268379
-3.417612329 -18.997449931 0.1413210937380054
-5.269694766 -17.903377732 1.2523210059890282
-1.978524487 -18.917431155 0.5449482173230615
-8.57589093 2.958657997 2.710208118038924
-5.160169833 -1.812681978 4.208751687840911
-3.830988768 1.590652224 3.1474327050927347
-4.761886358 0.089861255 0.5640798960884883
-8.492930963 3.894535178 3.9407822994270134
-6.331460671 -2.451673658 2.159014778194609
-3.065896544 0.344228384 -4.825402573601982
-3.937019322 0.043231899 -1.7027696741815221
-7.081619245 1.834498604 -3.6463594440634983
-3.816476009 3.112022546 -1.8169518721927345
-5.627677407 2.931788259 3.119989295292857
-5.694232945 -2.761058705 -1.837794823643958
-3.451299577 2.550310518 4.210480271148803
-4.551788665 -1.445464629 -1.020940023317658
-8.003126775 2.870722563 -2.4350274222774737
-4.242456674 -0.354217343 3.844631118934224
-8.58766276 1.264840365 -4.875965847788349
-5.196964652 0.132117543 -2.5069550047072706
-7.804602295 3.730165755 -3.1807445326820916
-6.193642554 -0.19009692 4.954373076547103
-6.184420358 1.674352966 4.522682448327373
-5.008371128 -2.486102413 -3.4166762483449133
-6.253003599 0.52901602 -4.972435327740003
-10.62028537 1.134792624 -4.019154381553794
-5.466806545 2.646180322 -3.907298628369502
-5.639492007 2.541998274 -1.3792607762893305
-5.7517802 0.624693737 4.589242709630675
-5.969874561 -1.69293505 -4.195048325924238
-6.229488875 2.05269464 -2.7275656588493256
-9.093504244 -0.474253124 -0.6525458272704565
-9.693432247 2.491386686 2.4972215493020586
-5.340424012 1.78196017 3.7077922687735416
-5.011699438 -1.813168624 -3.1891966816870196
-3.3009574 -0.333943141 1.9475756826783588
-7.191146587 -1.18668926 3.206212563127499
-7.242903023 1.898179806 -2.148928150309355
-7.698174597 -1.281858759 3.746554839142817
-5.60318545 4.133571863 1.5161867046635082
-5.85894571 -0.201841284 -2.5778959864398843
-9.575884093 0.877461006 -3.1180379776948906
-7.578686789 4.088297748 0.3131234799620284
-4.287915836 2.403448273 3.8230002731438457
-8.282346937 0.939238911 0.616928890148901
-8.904408392 2.193185977 -3.964909758660695
-5.802326662 1.301280867 -4.904102052985491
-3.959709518 2.207001516 -1.0382692143473236
-7.79471913 0.479565082 -2.0652843177430302
-5.831345177 -2.792912719 -0.2899435888065769
-10.571136063 -0.502315366 -2.3824061649798445
-5.976325459 2.416839805 3.189765493870828
-4.541140862 0.500434741 -3.077865310718736
-3.479828745 2.092281422 -0.5247713805354959
-9.662454317 0.715737014 -4.114088787902047
-5.836854044 -0.095834232 -0.4081272432521672
-6.014820158 3.643004984 -2.0191947866029514
-6.332609115 0.360870264 2.9467327874244296
-7.869477461 2.753984829 -0.14931343777922557
-9.660975913 2.337804844 1.9956470464902196
-7.631307636 -1.635882633 3.9371102200882238
-7.649641927 -1.157632462 -0.12829098410423345
-9.310733578 -1.596371193 1.95726820579893
-5.91734614 -2.484889673 4.534411902517979
-4.551150139 1.930204997 3.829690721528239
-3.758237286 -0.928313593 0.3361857936109409
-10.074519404 -0.211116329 -1.6406250128085431
-10.085240888 3.412923874 -2.1523951937423256
-4.487824044 3.041415891 0.5177028970435318
-5.250228153 4.427376525 -0.571097137486765
-4.098770629 1.434956845 -3.6238555985402066
-4.217676431 3.16528058 -1.4806738259862917
-5.533814265 3.758737144 1.6292023968143674
-4.859177328 2.338173379 -1.9172370058231145
-9.470671024 -0.824246984 2.056485829340195
-8.272157096 1.675590171 1.4589811680157228
-3.615456649 2.821655074 4.1265535876350885
-6.091699045 -0.290193796 2.487372606811956
-10.252522296 -0.459160097 -2.108524349376374
-6.472119795 3.729769112 -4.484915221085214
-8.64629802 3.682687354 2.691257772889114
-6.294425682 -1.418249074 -1.1135806404278217
-6.945393476 4.115917742 -2.635505691260751
-7.203504765 0.933519982 2.692622536095227
-8.416122386 1.671078743 0.4057119980162671
-7.512959284 1.937626459 2.2510768036498714
-3.638433729 1.894923571 -2.321523332812574
-6.913735683 2.007583777 -1.8121302614369372
-7.984602714 1.767255456 4.722117806675001
-7.586456406 -2.64675012 -4.911380630947642
-5.96139134 4.629629178 4.937373595897528
-5.473989587 -0.090592449 1.270082792441368
-5.236760503 -2.429995247 -0.9422939310228333
-7.960484828 4.336032537 -2.029157286480695
-8.90846409 -1.813201094 -2.3895949227174507
-7.237278261 -1.695086796 0.8874710932873473
-8.828331523 2.888060778 -4.788663276935096
-9.937468852 -0.983508623 -4.223156168105367
-8.609589868 4.192323392 -3.0612525407958904
-9.362446667 3.150245065 0.2601904681058933
-3.653993825 0.150765801 2.58229337655583
-3.476766455 -0.369797511 3.7779752356743117
-6.02421987 -1.026620091 -1.9386553585897373
-10.27860148 1.536114589 2.5046033055821324
-3.038374346 1.498550441 -1.1794588925766059
-7.44053187 -1.853400404 3.6814104826179825
-8.024376518 4.477198951 -0.8662888862825779
-8.023362757 2.173730395 -1.2154337472344001
-6.718697942 -2.165368907 1.5594692409673794
-6.083793614 3.776588183 -0.31775400969768874
-3.746613749 3.007119945 -1.1065201045639772
-8.822604951 0.927171913 -4.035150574571321
-5.636489742 -0.124685788 0.5643108486804058
-9.340397034 -1.288532574 -2.4630660108073608
-8.076478321 0.570372235 -2.702786531888531
-3.632355131 -1.217519784 2.5249849746042843
-9.483529745 -1.951332121 1.4314214657100734
-9.617094149 1.890266199 -0.8727198871153483
-8.923331985 1.760869651 -4.726579685196039
-8.76731807 3.607330049 3.5382974715962217
-9.526093188 -0.404312888 1.3080751227793455
-5.656534786 2.825290135 -1.0267224493896085
-7.481737348 1.971432232 0.9925873119563464
-7.328789181 0.406597451 1.2259488293374856
-6.29475518 0.515212476 -3.5472254626609345
-5.611568213 -0.955182798 -0.4574075587944506
-9.553986924 0.955048846 3.335456242649336
-7.266760789 -0.290073013 3.560130224761558
-6.312908304 2.76404211 -2.2070977107199163
-8.694653183 1.52049783 2.0912689096892203
-4.460414897 0.173408634 -0.26738039393620827
-8.781763995 2.845627673 1.719834172687368
-7.634143727 0.623896614 -1.0734389320181057
-7.902643106 -2.224217585 -3.0369355879276094
-9.358061911 0.471480355 -1.9711772588156737
-5.334728969 -0.006878719 -4.4143267206052155
-4.516217786 1.482092103 -1.7583957064066458
-8.938491888 -1.614564512 1.3244349119939915
-6.630077389 2.438833956 -2.7879627047586397
-7.234414744 -2.891843294 -1.5996405522146953
-9.684755017 1.93740638 4.914302572020732
-3.759227363 -0.073638781 -2.07942743702201
-4.277521723 -0.118864166 -0.9886410793864551
-3.733070291 1.745577903 -2.096346468970245
-10.334979445 1.478959238 2.891930084872482
-6.274463471 0.733328629 3.3768410547732888
-3.871338791 2.911048771 1.9983188524667606
-4.620967364 -0.462920229 -3.821653857773204
-7.846110134 -0.698582753 -1.150355087278773
-7.627985878 1.876788058 1.5346998035187953
-4.276409657 1.803673867 -0.2148023276606743
-4.328151521 3.674397955 -2.790429482422451
-6.190860862 3.650776621 -3.6772823168913815
-9.160818705 1.186367427 4.336100499567941
-9.913439324 -1.668827177 0.1968612561887797
-7.471846737 1.700033405 4.958500699925455
-4.576974171 0.869784515 -2.3044005830644396
-8.759777946 0.080441644 1.9968681771208265
-8.117866077 1.663560194 -3.1787570382608834
-5.082217876 -0.120033625 3.1142901769735705
-8.97589644 1.960234699 1.0797699543095725
-9.739235211 -1.930264847 4.33926003614506
-6.131251902 1.802818542 -0.7825686553937299
-5.844243279 2.521235133 -0.9702262531699288
-7.426062959 -1.913884862 -2.646694315529529
-4.580777897 -0.780924828 3.684101730691731
-9.838700458 -1.721384942 0.13642797616184232
-9.502672835 0.873940601 -1.6950928994312697
-5.34950846 4.500248206 0.08222331285262818
-7.399651886 0.504126536 0.018000519978766505
-4.86788944 2.38479417 -4.272705667408071
-8.113876817 2.750582276 -4.85167541621702
-8.03455253 4.259440169 3.7636690621480113
-6.599690683 2.651235522 -3.13723207439647
-9.3434385 2.945596005 2.4401875350601685
-10.443805753 0.336509181 2.6105767993061377
-5.912563011 -1.993063506 -3.0164361334601453
-7.518897896 0.075452851 -1.4632076109328795
-4.63909686 -0.217177576 2.853377404222118
-8.937252013 -1.254726883 -2.5295757542023423
-9.176224575 0.589004779 -3.2974241639793256
-8.958914178 -0.634199827 -3.7339673122173234
-4.552634695 -1.470983461 3.629687861526328
-4.945255846 0.583870143 1.5363013558659846
-9.564328671 3.512958303 4.193203680966844
-4.489383256 1.63727604 3.846887502380799
-3.985535458 0.994497546 2.551610534428556
-10.743771211 1.597074113 -3.546490063229691
-4.804497144 -2.072273295 0.6876931075790562
-6.40075995 2.686301346 -0.8753910775772411
-3.061182662 1.453486246 -1.4580441319447148
-5.310972249 2.321820422 4.547406575500483
-6.50180168 -0.413559494 -2.1314048804915444
-10.516486395 1.00900646 4.154878946619892
-6.725316391 0.819099407 2.175659669534805
-9.46411287 1.966575084 3.968046573111815
-6.286561404 1.824253533 -2.671577123539355
-6.103325631 -0.071920851 -1.3371179088127505
-6.87294544 -0.783590251 2.6399852342261045
-9.118272624 3.567641138 -0.1488624261386109
-9.319506122 3.55476186 -4.367132789249808
-8.231814821 -1.318228633 -3.741998137786038
-10.186059476 1.371071542 2.964143364557704
-5.903615708 1.035347149 4.8828894495115875
-6.393555405 2.084692181 -2.6130791800210327
-4.473068954 2.070197231 1.0308474602570392
-10.284797369 0.697837604 2.1930065511379198
-7.518619819 -0.555978709 2.2157891370482883
-8.713988954 -1.79458902 -3.208658245152236
-9.647807356 -0.620271333 1.40922209098302
-9.896059277 2.718601738 -2.997343874873902
-7.68179095 -1.373695939 -2.839015809808733
-7.48406171 3.821862261 -0.4475244912995535
-4.239806258 1.075941205 2.228209770261106
-5.651522463 0.808345259 3.9170619470086923
-8.144465521 -0.446426617 -3.9331021991475987
-3.226920936 0.490177648 0.4225004802036345
-3.211510506 2.024357873 0.5842440617071301
-6.171417672 0.337194796 -2.798416011533745
-5.455710745 1.016646363 2.0182897076424293
-6.796877545 1.966907465 -4.588450520303709
-5.861018852 -1.582795379 -3.2754076381470543
-10.775644796 1.116462951 1.7881448734618672
-6.17767441 3.211233958 2.5267907356239663
-7.375646584 2.605420443 1.1449146338675886
-10.184994483 -0.678070397 -2.1264319255107145
-10.039411219 2.874069684 -2.3841134182977552
-9.051597229 -2.021984513 1.3003434449064848
-8.46220619 -1.35789941 -4.686488700905201
-8.403650527 1.956730559 -2.258210042431934
-5.563691364 -2.48659606 -1.948747266847095
-9.285132051 1.324632812 -4.588880911059939
-5.933686358 4.449092624 -3.8469792808450984
-9.260683 -0.177267592 0.9941511245173631
-5.720005377 -0.346814705 -4.0040243038929155
-3.791529275 -0.683797174 4.112246840021269
-6.176282142 2.087037159 -4.609592232791915
-7.465491076 0.841658243 -0.44183083581766613
-5.943978825 0.468656957 -4.43778145260477
-4.812027301 1.838526407 4.483370079505184
-7.462354415 -0.620662569 2.901577094496419
-6.008649244 0.042258071 -2.8499516035672645
-3.05355723 0.426604814 -1.9678653584628245
-6.877916569 -2.139908119 -2.219635244488752
-6.112882329 1.808241969 2.778112586150545
-9.886645254 3.448976928 -3.6926871529923257
-6.21501609 -0.480216156 -2.481850396743922
-3.395314618 2.342715628 -0.7476496731546103
-3.606992656 1.569017377 -1.8694676382037612
-8.147672339 2.958415298 -4.962703370603964
-5.54826446 -0.099621437 2.781794373371387
-4.524631886 1.637892031 -2.753743133037856
-8.547467619 -1.566361181 4.790501615230696
-8.396605036 -2.502779632 -1.2919091610339963
-6.307594814 4.526072062 -4.778735073636426
-4.213095226 1.585105606 -3.660729040137214
-9.140901539 -0.291203696 -1.233875381326226
-5.549596757 0.794809155 2.724130828018648
-4.082970176 0.22433502 -3.7407626513268544
-6.817608714 -0.133870077 -4.7849136694315355
-8.987985359 2.318980758 -0.6869636208058472
-6.745334765 1.669214114 2.599786896209327
-6.612741719 -2.729854338 -1.576498198775611
-5.082119356 1.453026556 4.2006804438197385
-6.636367247 2.043405773 3.0493860915075857
-8.363197477 -2.731493831 -2.631387701783697
-6.854447674 -0.754961614 4.273797244106415
-7.490041901 3.053603491 0.6625383220516987
-5.514185027 1.756643888 1.306815429550964
-5.476909222 -0.798991927 0.6745539613181766
-7.898279525 -2.757183402 -4.714575430841396
-5.072454444 2.298564673 3.167527312351284
-10.212702985 -1.373406319 -3.5298714452905533
-6.350214698 2.28136455 -0.901131695246038
-10.220209076 -1.058420263 -1.0552903595147667
-6.567409067 -0.9073276 -4.915209704682077
-10.330646162 2.736999022 -3.6274332902103987
-9.168710331 -1.107398367 4.2332025942088585
-8.120148527 2.273757214 3.333797924789909
-8.211645925 -0.562792705 1.91648183272501
-9.731596339 1.025193492 1.837303035569069
-4.36819402 -0.686865712 -1.469149996047717
-6.768753084 4.504482369 0.01795701220022572
-6.331531647 -1.678648491 -1.7417923457633355
-7.033384293 -2.875719097 0.4753715566719503
-5.325632989 2.328641263 2.092346398309318
-5.74048798 -0.161620306 -1.3777948979304644
-6.875646231 -2.461351688 -2.4104177276243153
-4.241305356 -0.79188397 2.7467047221902243
-4.33391672 2.950186404 -3.89539032370545
-5.353557155 -2.508688455 1.167570196678719
-8.647140893 1.6907071 -3.34140672068979
-7.898420871 2.544842558 -4.920281920280212
-9.998113809 1.788890979 -3.3894655667774143
-6.965681416 3.040261337 -3.107897289727087
-5.747487827 4.604283073 3.0902795903582962
-9.552118365 -1.496985804 3.7041482640159025
-3.493897009 1.100500436 1.3758683785912496
-5.377057521 0.426322593 3.7443729285755047
-10.287034634 2.669871378 -4.5210627628765385
-9.934446888 -1.288368779 0.884021987814787
-3.557160036 2.509377938 -0.6858636593120355
-9.989420844 -0.09106779 1.347005359140601
-7.902086657 -1.670119242 -2.006053393417413
-5.860666964 -2.834578512 -0.9240980159507517
-8.705771914 2.701882251 -4.302187544503441
-7.605378557 -1.760420547 2.7731205259721285
-6.092938654 -1.974905495 -2.0015191684709164
-8.881218595 -0.883991795 2.728419994577526
-10.076800803 1.010963791 4.477966470891419
-7.821353474 4.811025818 2.131455181682141
-4.854598928 -1.606762814 0.7439227793307222
-7.050499883 1.832917796 -4.071478987022104
-6.411792258 -2.598934952 -2.493968946414319
-9.756999709 3.77677818 4.846938174201195
-6.823433022 2.841184345 1.6435351503877396
-6.375610652 -0.662318608 -4.159222906167902
-8.173105504 4.178196951 -4.286857141998838
-8.074657331 4.603345408 0.7801747716886229
-5.465559025 2.698495209 2.374626515410876
-7.263476787 -2.411169624 -2.01922303905583
-9.223188633 -0.375524832 -4.1141698195568885
-9.87583367 1.658733004 4.25372324491871
-8.400046263 -0.401481636 -4.174480873371032
-9.952136826 -0.958121154 -2.283621086157618
-4.051669063 3.478642119 3.7267716901753865
-8.740645029 2.549747703 4.510422627240263
-7.03435559 -0.281881158 4.1688790399798865
-5.548449707 3.011695113 4.001372246003122
-3.590307789 1.635291653 -3.3157362157719463
-5.885068587 -0.741404088 -2.0597871913866506
-5.823926575 -1.27228944 0.5046763524444673
-7.979638512 3.646834032 2.097488634704586
-5.490099248 -1.248649096 -4.922586763409074
-7.607718992 2.107777731 -2.394945499099519
-9.929895401 -1.195314418 3.6833350678473504
-8.862423469 -0.012183115 0.38653211594129466
-8.071144564 0.504170963 -1.818238257323106
-4.151466325 2.983032098 3.193274260589499
-8.778684924 -0.519409827 -1.0677634212071716
-6.367478593 4.094826421 -0.9847884463945098
-9.694367113 2.672340945 1.649932698751229
-7.609853115 1.708384817 -3.884883649263551
-7.853557449 -1.241595145 -1.3896259040442849
-4.266122604 -1.508178717 2.4957341532190966
-8.079090619 -1.577793272 0.09772887927732832
-8.674081187 4.338912763 4.849252482453538
-7.840603087 -1.231587076 3.60177958941866
-5.22146207 4.292263735 4.3189976003491655
-6.7719982 -2.854510579 -3.7740485038503935
-10.248650066 1.346152351 -3.6561478954373627
-4.849806077 3.682312983 1.6911708135738497
-4.315079582 -1.05042109 -0.5901222095638916
-5.04832467 -0.84311716 -1.0438913017789697
-5.682248828 -1.900532138 -2.9115090756970154
-9.310920622 -0.761280381 -3.8398466329486847
-5.985778537 -2.410662051 -0.9948329418280029
-5.964313035 2.015978598 4.88991998244053
-7.931390063 3.544585159 4.942627116283234
-10.045785552 -1.442112109 3.1853649882689723
-6.405892772 -1.28056852 -2.0061481953648883
-7.908354344 4.427157147 0.6783192748094873
-4.004536668 3.157472198 2.425061533892812
-6.983959834 2.27920265 -3.3394006096188344
-8.956691367 2.304880928 1.028503664982546
-5.56119606 1.799048813 1.692859798781222
-6.463621699 -0.035040319 1.3610818662792408
-10.071818203 1.832206224 -2.8996460591830564
-5.969407508 -0.273880573 3.2920746988901914
-7.05219071 3.555395511 -2.935421974887581
-3.417135311 1.488549474 1.6961306487591186
-8.420279722 3.754229485 4.144252451546329
-8.690738434 2.160688946 -4.086283303618215
-8.433405451 -0.831645407 2.899574842620413
-8.432234654 3.089902363 -4.932128061438822
-8.584775479 4.013126155 -2.8164859381739857
-5.912974423 -2.150389064 1.656172383264387
-9.685557673 0.972772575 -2.0871869382779873
-8.154478907 3.147361855 -0.805361219781318
-10.275412862 3.177093675 0.8092069256637142
-9.608725841 2.926105201 0.1679938819005926
-6.660292037 -1.1457789 -3.956250404924889
-5.201114284 4.041914015 0.5250498493156535
-8.608804989 3.00660711 -2.7702606226157203
-7.397994121 -2.545896164 2.1513326318381862
-5.413364645 3.771709134 -3.815527529956796
-5.669055516 -1.433060614 3.3719364625177004
-6.758103378 3.078694864 0.8159457561409598
-10.32073698 0.607429382 3.9730395436633845
-5.609184479 -1.598905261 1.823614817367826
-10.50879935 1.036216096 -4.725510607471875
-10.414285566 2.454098074 0.07825572407062786
-5.857932136 -0.780909209 2.475158577820289
-8.628563783 -2.585517678 -3.322218235800486
-3.139475367 0.701816024 2.1431687330689986
-5.71742801 4.004404974 -4.036410778308172
-5.261146011 1.58382131 -3.080271717890234
-3.692699595 1.791212124 -2.5268465954764663
-3.556480981 0.132752782 4.0438133549424204
-10.203454886 0.331300092 -0.8917372106121704
-9.943828655 0.317600429 0.06105671657594147
-7.739500352 3.820223314 4.5479175991244105
-4.38791145 1.42560231 -3.6119732674358715
-5.120602538 1.191987288 0.07066693443701766
-10.574665402 1.011104395 2.7929253656419135
-9.763292214 1.688760266 0.08006897059582485
-9.134392941 4.183681106 0.8660844329488917
-8.831890159 -0.291725629 -1.3061671405536002
-4.058600072 0.424115585 -4.345125015625979
-3.33701622 0.225866647 -0.03804545782705926
-7.735753562 2.401861002 2.688368073085994
-6.514934808 1.902229789 1.047636355452921
-10.294709828 0.004485742 -0.6952204076307975
-10.245058462 1.136339394 -0.4493959985784759
-4.50238421 -1.505996734 4.784917631484948
-6.964610616 1.802509509 -3.937073598999584
-5.421580143 -1.597673315 -2.5151374110907443
-7.271601266 4.752239719 0.2973821625801678
-6.458592268 3.415078852 1.4936813042316732
-8.000380658 -2.296778259 4.262246038048472
-3.188271152 1.523207614 -3.755325317438991
-4.098648305 3.668830498 4.4151649646053155
-4.057913649 0.584613883 -2.2993007064361484
-4.412764724 -2.134578363 0.8299687151408905
-9.313406902 1.888365463 -2.196072334238137
-5.005545979 -0.691307718 4.524738481579988
-3.426099243 1.533891928 1.4752516982807586
-4.41254959 3.026240582 1.622292687571254
-9.073570649 -0.32357546 3.7406236910515975
-5.828591908 -2.443486823 -2.853101333810338
-5.05861944 1.205062637 4.573500833214748
-7.564710972 1.94210161 -3.7945965971992432
-7.268601773 3.804295394 2.0941179177482008
-9.410859519 0.570299653 -0.8805478459157463
-5.771073388 -2.645455081 4.618950853895846
-6.520233201 3.616424436 -2.166896131370828
-5.623414411 2.753390166 0.14538485309814586
-7.070034702 -1.062940019 2.8613893504908567
-6.369269428 -1.04167029 -3.618872879472519
-10.064944146 1.693497271 -4.490966182871544
-4.228867962 -0.777009916 -2.704880668190748
-3.869066366 1.483961962 -1.6417677649377627
-9.675276451 0.152911756 -1.410690606144044
-10.019956356 -0.671182458 -1.8604283222335063
-6.117709375 2.268488188 2.9422203171786974
-3.698133474 1.9967145 2.92004912967876
-7.481560677 4.181263154 1.015208216373141
-9.033707649 -1.298146712 0.6790772715889783
-6.219696734 1.359251037 4.690617761430623
-7.499953008 0.007756186 3.91049491234274
-9.566395699 -0.752028257 -0.6584641313836306
-7.359631163 -1.447147327 -1.5559783250275814
-4.795891055 0.69035711 4.0301286098143105
-6.925475021 -2.056207801 1.86058271468566
-7.80970655 -2.640305038 -1.6007447255224907
-4.694183676 0.827880194 -2.182545388045659
-5.779802298 1.634911587 1.391546735814904
-5.44985945 1.304690326 -4.936688131936734
-8.374675913 3.536933699 -3.368667292496955
-4.792622754 3.249766504 -4.31279598765479
-4.399274503 -1.127104922 -0.5786989668835316
-7.558931909 0.219121031 -4.7911265776006315
-5.232042883 -2.257753467 -1.3006869428997883
-3.877704046 1.392250701 4.292871731345112
-8.103014604 4.100615059 3.72942199541583
-9.938424236 -1.649095709 -0.06223621097031984
-9.289519332 0.940319785 -0.7174693709184705
-7.257904356 -2.351274061 -2.81924122023573
-6.616714862 2.759292406 4.775485083137967
-4.849995414 2.881621059 -0.2439646227812533
-7.243453709 3.724690969 3.5768954870362606
-8.436612784 -0.259565344 2.8940442973640224
-10.35338339 0.374856156 -1.5274942953445425
-10.564998382 -0.793129095 3.218692706069108
-5.676294259 -1.959166148 4.464735888987564
-10.006350643 -0.062527963 -1.3017386629337069
-6.216644658 -0.5527881 -3.0677208104419695
-4.487176859 -2.209990604 -0.21804279755962064
-10.009839623 2.265738283 0.18821187551359753
-7.467177179 2.972914951 -0.9613604290445075
-7.858450268 -1.15470396 -0.6779157259521611
-5.33270041 0.177965686 2.755246818652182
-9.171690599 2.928217834 -1.1726371166953244
-6.127329778 -0.714473081 1.2768134718701862
-4.887214739 2.403315505 3.879429405466185
-6.272030364 -0.048570248 0.1701498758447979
-4.488632112 2.12536886 -3.321894788937728
-5.878289593 -1.068496513 -3.8848462458726374
-9.075321219 -0.935934841 -1.3817013616410359
-6.508942086 4.516021264 -0.37918686452993455
-5.366328671 -2.063502578 -0.9734446332513924
-9.747735528 -1.577060957 0.18399761629401734
-5.072670314 -1.636563463 -0.49206913195987045
-5.882282183 -1.960045843 1.9901419033668368
-5.132859289 -0.765174508 2.7841532275197487
-5.907607235 -2.83167539 3.6188866743450028
-5.266966989 3.497447148 2.0961346234139207
-5.29934118 2.174583876 2.2982182204151105
-7.867024341 2.257031273 -3.4831988632428956
-4.027681409 -1.065258891 -0.9252242997247775
-8.872775401 -1.159900524 1.0023190326414646
-3.455322018 1.675614293 3.4261279775696103
10.845615018 0.364964355 -4.985462190399388
-11.421690007 13.261034966 2.5533437459323878
8.490327106 -18.179275967 -4.644774765498113
-21.734792899 6.255952776 3.424568906797287
18.131052918 -22.231869213 -1.079050725141022
-17.131677517 5.526925108 -3.8466702890312856
6.06027018 -24.108553025 4.57895557470415
-5.933519613 -8.405444564 -2.7316780541419017
-20.16859676 22.948816211 0.6030967153123745
19.721194075 -22.967719039 4.426680008368999
7.99176726 -12.450553591 0.5955166067926285
15.529777773 -22.168708641 -0.8406973043580503
8.818575062 17.602847683 2.3772803549030908
3.883838442 12.758957392 -4.695399700921556
3.787053453 -2.620238118 -0.25208037397356975
19.560149973 24.418931797 -3.2715632916257666
-13.551776299 -8.878629447 4.505159722196495
18.470278992 8.646933736 4.243918463126272
12.117768478 0.887746825 4.907229445864523
2.180779152 -9.7143826 1.090581851027629
-22.820627194 -5.63404267 -2.22724212282671
19.792259412 12.994432629 1.875330808302361
5.173516299 7.067117852 3.660584137064106
24.893356205 5.586434532 -4.899402653269652
-15.351855779 20.634750459 -1.8004411813465762
-20.244231615 9.89138436 -1.516643592789678
18.607173348 -2.843035052 -3.463007377733951
-16.146469448 10.53758349 0.47224004293972044
-4.69252425 14.460615737 -4.140326978377092
12.343617307 -2.863095243 1.3661839893949956
14.132663914 19.67257628 2.634311104496093
20.289752361 -7.95307948 -2.89306441860003
5.276976763 2.204521706 0.04219381745967965
13.58604188 -20.086242282 2.0709406045397554
3.034453311 -12.9559267 0.5123154399429044
-4.22561429 -7.412948324 0.0137823596561919
22.839276075 12.653123361 -1.072602860942423
-22.141327571 8.219754076 -4.291466470596151
-22.185427896 -21.706664451 -1.0430029285077822
-24.304209301 -21.932280428 0.1640379560195706
-7.615729658 14.005969697 3.9196436925919578
14.279620945 -6.484364538 1.6250279330377477
9.111808952 7.252675156 2.3542878342813474
22.477820279 19.488863267 4.182579197385531
-17.946622889 12.099364004 4.953214017677547
8.696829828 -18.507308266 -0.43099450393332717
-15.820164148 -21.097263542 3.7474719561005987
-11.136830407 -19.059277328 4.393469608338311
11.667723892 -20.812931445 1.6073117998830755
0.156275324 8.370270201 -3.330411573308081
4.189952018 4.626865049 -1.5479474794930304
11.923053229 0.958667387 4.9732986477303385
22.295778013 -1.973207429 -3.2178493082962034
16.507627269 -2.584116849 -4.382220538615709
7.131424567 -23.337486779 1.3039655510950263
-6.034475361 19.160057891 -4.335405728188265
-24.855266797 16.003918206 3.3594750802548052
4.887312425 15.64565264 3.7311682933742816
-24.432106136 9.459553615 2.828140912598288
19.383922901 -16.253577468 0.04383095162802597
4.232266664 -17.563391613 -4.662397552222778
13.471682949 8.575986478 0.5864384603154482
15.231756142 -15.68401921 -1.73365903657696
-1.932345035 22.805688875 4.967410282561376
-15.801628662 6.914880005 -2.3772265154326346
13.212568661 -24.165625112 -1.177891681083496
13.11381231 -15.449258508 3.5164341965048145
-23.028205221 -18.933473127 2.8353373638117247
15.970575901 -22.936066081 -4.740153367909532
14.362809651 -22.388082399 3.4936099660954927
12.013748995 3.510493901 4.675496653990411
-16.204280373 14.986900884 1.6964351421189683
-11.705638252 23.480317949 1.7306519078732165
17.253700117 7.180478445 0.3337440256393265
-13.995439681 -0.33551785 1.5124499001576073
-24.225316983 -5.247648091 -3.8378752073115887
-18.907920767 16.363551914 0.4159922608871529
-15.707654732 8.13890188 -3.745523920724331
-15.112644363 16.721945731 3.4855191493582307
23.879931689 -16.486571876 1.8812866523950529
0.869813209 -22.812131862 0.34673614464369074
-12.047537148 -5.075740085 -4.202025966663562
-3.318850768 19.121341796 0.21141833659190556
15.97551018 12.591147799 -4.56739728949933
4.338297308 -6.725896233 1.5522868862807346
24.441640118 11.961188153 0.5316374831376969
-8.876125128 23.819521851 -3.132343330559878
0.96254424 14.541593891 0.149388461672741
12.501377476 20.244439149 -0.38885293640442775
22.083695635 15.666658847 4.617438068626342
15.400484934 -20.227728519 -1.0996431281135677
-8.344717435 21.312937248 4.721670913452346
20.91827401 10.393632001 4.422818367690432
-12.121586071 -17.731820085 4.935705413826973
-0.87206268 16.247962615 2.6585652664824977
1.131483386 -9.007115691 -4.920414047480552
-5.095633228 17.197181822 2.6430081847734366
-12.072501404 15.779640639 4.920646433406743
-7.965389687 9.975971279 -4.051879209946128
-10.97601704 -11.014223486 -4.291696815034149
