22.08749746 15.46727545
23.00316320 15.46838145
7.29537129 21.28516347
21.85541369 16.20553648
7.50700699 20.90912956
21.65787991 15.82641674
21.87842921 15.28640872
22.29137041 15.58376850
6.58970478 22.29715546
6.55966203 21.46006160
7.27207576 21.64901447
22.13096433 16.12579345
6.80400551 21.77945699
7.30269329 21.79657366
22.07723113 15.57887289
7.18162456 21.38885918
7.54489629 21.22580953
21.95475985 15.71941110
7.20468959 21.46660980
7.93122481 21.68439665
22.89595937 15.45157089
7.06411751 21.03846674
22.50164755 15.36889687
6.68182956 21.68358885
7.00029376 21.30692228
7.26904772 21.65709379
22.06956982 15.26648798
22.85715632 16.16093239
7.42610420 20.47947613
22.80906250 16.06857095
22.42961061 15.46195429
7.01653510 21.37217994
6.45431834 21.63850769
21.96610437 15.19011100
21.82585843 15.84131283
7.19949375 20.90990858
8.00515126 21.56155303
22.21551619 15.76104409
7.67538652 21.71174292
22.33185377 15.84252283
7.21744411 21.41641879
22.57896973 16.40574140
22.13783556 15.54956189
7.70286964 21.47931903
7.16869555 21.80634820
22.17735484 15.80661928
8.09213141 21.52297107
23.21385418 14.94596199
22.29031677 15.20792137
23.05413178 15.70606594
7.56178838 21.16782036
7.47122661 21.48714425
22.32980998 15.28970821
22.24992639 15.79412661
21.74349570 15.57433349
7.38492383 22.05861437
22.19623707 15.72658101
22.72324926 15.75199672
7.23565322 21.58482463
22.31921862 15.60977994
7.56465677 21.57673402
7.43363650 22.23297333
7.07238801 21.50191908
22.21777133 15.78491686
7.22146466 21.00923044
6.90183883 21.46910349
22.55446007 15.43831418
22.32707498 15.64747387
22.22210483 15.30608254
22.23777089 15.76839162
23.37904561 15.01448401
22.27655310 15.82664502
6.95125290 21.54735988
6.98627289 20.80681229
21.71060841 14.87312605
7.20288333 21.57846184
6.96444851 21.41940089
22.20964195 15.56654986
8.23826678 21.48812211
21.92413426 16.33303968
21.59336714 15.33083477
22.00184948 15.89892423
7.50668036 21.33699043
22.31703889 16.13201547
7.73718169 21.25169093
21.69695627 16.62423368
21.37582108 15.78647340
22.00650099 15.59872241
7.71681542 21.44188173
22.82025117 15.42377812
22.81634055 15.31787553
7.51466986 21.40223250
6.90822901 21.87167292
22.56436159 16.01360305
7.98042213 21.95098354
7.14923993 21.72549507
7.27469398 21.65156522
7.27298975 21.47267118
22.22529743 15.92157055
22.31673533 15.21486734
6.98532306 21.69286151
22.74741757 16.59669238
6.90652679 21.98750407
7.90793190 21.34262202
7.62745801 20.93164112
21.92106437 15.92718647
22.30302599 15.87173900
22.73494623 15.05949414
22.83270766 15.69247577
8.06270937 20.77234999
22.62448762 16.04911065
21.99293567 16.05070192
21.85211474 16.44423842
6.88583992 21.54803760
7.53832493 21.88846785
21.84799350 14.77341306
22.30929878 15.67247511
22.67814062 15.27712261
6.98943688 21.52706110
7.92861963 21.26544567
21.35650092 15.41372250
21.91345409 15.59162178
7.50657097 22.23951046
7.64645718 22.39845127
8.29096919 21.14681195
21.99812885 15.96336315
21.64713143 16.07350026
22.35668951 15.10209818
7.16666957 21.03758999
22.67150242 15.57101918
7.78435600 21.42164059
7.38165406 22.37394739
22.89398986 16.18330401
7.60584736 20.73414852
7.65686522 21.04611892
21.90540144 15.74893089
22.41316989 15.44404167
22.16560018 16.45697935
22.07981425 15.71482870
21.87094511 15.95740736
7.50842642 20.73624778
7.24747566 21.96267185
21.50256766 15.61799592
22.37434285 16.77062851
7.49720983 21.26798632
21.76027821 16.04120161
22.60865827 15.62018159
22.51533012 16.63409430
22.59067993 15.76876740
7.59139727 21.49422337
22.37765527 15.21314518
7.60599528 21.04947324
7.19584170 21.48323030
22.36679044 15.39834242
22.43425370 16.07490750
7.14055367 21.10344590
6.98017808 22.06749859
22.72327323 15.49251440
22.68173192 16.12635588
6.94711116 21.56211996
22.63579444 15.60728739
7.50257429 21.68240068
22.41430890 14.69011845
21.92061101 15.73182457
21.70006672 14.81555281
7.30140064 21.59192629
22.22245522 16.25705220
22.76601322 16.13409068
7.66324059 22.33473040
6.59139363 21.77558726
6.72754129 21.44463246
22.34369768 15.57923831
21.85324822 15.98065162
6.97731429 21.81052244
22.73187660 15.94769080
7.28347325 21.47755502
22.43172156 15.67249357
22.20103757 15.99127003
22.01225625 16.05665663
22.14389251 16.38578211
7.97272683 21.16774758
7.18535674 21.97107588
22.48975645 16.04091434
22.33128029 16.05259137
7.52978201 21.20760414
7.45114464 21.15952364
7.45908914 21.08124501
6.51478148 22.41535070
22.25516551 15.73989897
7.33735293 21.69285389
22.43914005 15.58087471
21.67716561 14.73248414
7.71129687 21.03556812
7.48162895 22.02506343
21.94321790 16.28768473
7.82862484 21.71411846
7.43559007 21.01529427
7.33069412 21.22606763
22.22653816 15.24673413
22.04086775 15.62847616
22.21169907 15.30658855
22.04101722 16.02784256
22.34530947 16.06059000
22.12676132 16.46883740
7.76667277 21.84659362
21.63405444 16.21387553
7.03741645 21.30134856
22.68074451 16.05340345
22.62591884 15.88944623
22.47854821 15.94081714
22.67498405 15.84980917
21.88102433 16.83793911
6.38236877 21.54281127
7.04891086 21.82812492
7.32215746 22.05947690
7.32267289 21.81817549
6.96437035 21.33850044
21.93185523 15.88706410
7.14238491 22.03666274
22.34371969 15.19573742
7.64388272 21.46325644
22.57753888 15.95334143
22.05780789 15.08660967
22.66182189 16.23288839
7.04417863 22.11565629
22.45516046 15.65290780
21.55000401 15.19429000
6.98827436 21.45059405
22.28285157 16.02056203
22.85853422 15.72833894
22.46439844 15.73582624
22.69908650 15.82638512
22.11655721 16.31651738
22.29066104 15.43268587
7.00193446 21.66107331
7.25288415 21.68355236
21.89571936 16.06307304
22.62664029 16.39115377
22.27059618 15.21474560
7.72066575 21.89758280
6.86155642 21.30248057
7.00454140 21.34521915
6.96187493 21.27232471
22.72654374 15.87955571
7.61464007 21.62372464
7.09976692 21.25520499
22.16020144 15.94854538
7.26233616 21.43497591
7.30709595 20.83597000
7.71775557 21.97441282
22.84592461 16.00526818
7.58625020 22.04148793
22.21892291 15.66769258
22.06203460 15.80158469
7.18604672 21.28742574
8.00811727 21.70280650
22.01361739 16.31669256
7.44588964 22.20025626
22.15453077 15.19920373
7.46929846 21.39873881
22.23184589 15.51123367
22.36944702 15.68188998
22.28563599 15.50113606
7.38911820 21.87035610
22.63124908 15.95949417
8.17137445 21.36363452
7.59612799 21.29022824
7.67790100 21.29699521
22.98720835 15.18979796
22.22963569 15.35197810
22.47549313 15.08094920
21.95453224 16.23328757
22.48274597 16.09757528
21.46924113 15.42531616
22.88252427 15.70070429
22.73489612 15.72859871
7.21848103 20.98075012
21.66105421 15.31925144
22.26946396 15.66977998
7.45104500 21.27521314
6.87613751 21.81363419
6.34396787 22.04748040
8.01602588 21.52907502
21.89761066 16.54505183
22.29894212 15.55950901
22.73106498 16.32188765
7.15347943 20.81834993
21.95417820 16.32005536
23.35224809 16.19112468
7.20495342 21.29180501
7.25181952 21.51984395
22.04789773 15.95314393
7.14696317 21.66137876
7.16379915 21.50044142
21.70346501 15.19772330
22.18973137 16.06157229
7.45328314 21.77109152
22.18803834 16.32587470
7.37037869 20.73444483
22.88518266 15.54150260
22.64672693 16.03675336
7.27546069 21.56719274
22.59352584 15.99878987
22.38707624 16.26192499
7.68548556 21.86462480
6.91444797 22.31881815
6.87563513 21.75453548
21.65679482 15.83016070
8.19585292 21.00085855
7.38733958 21.31410269
8.26228067 21.24064020
7.47576003 21.55130346
7.10863265 21.55806062
22.50849070 16.08954049
7.17287028 21.54037365
21.90564369 15.88098369
6.82542971 22.20790640
22.70483575 15.45904675
7.16530252 22.22579777
22.69719875 15.87888978
7.19940798 20.74975692
7.58068470 21.28808994
22.32831848 14.64444280
7.19691695 22.02677287
21.92807838 15.68997705
21.92896883 15.71331970
6.60348357 21.12645213
6.84720707 21.32746749
22.64798930 15.63356364
7.42720056 20.89920135
7.25111844 21.18907953
7.15708243 22.50063551
6.78274353 21.60317805
21.89706840 15.60725853
7.77930421 21.75369299
21.92375473 14.88771612
22.49404088 15.69024543
7.85967826 20.78282867
6.57559390 21.62318731
8.09514819 21.20412299
22.53044007 16.08430499
22.70423607 15.60335143
22.30541311 15.94144449
23.22207424 15.86835305
7.50920365 21.59742990
21.78093561 15.67093704
22.45819082 16.34305823
22.59910490 16.04181711
7.25393633 21.58284675
7.83463715 21.64126500
7.35945244 21.68536583
22.44144536 16.06640291
22.64293939 16.23655278
22.41208790 15.09283680
7.60484303 22.10700187
7.39150968 21.54106404
21.88250269 15.82667758
7.75371044 21.95346628
22.20680529 15.57372471
22.20953553 15.72400209
22.41731040 15.41509868
7.34675454 21.92689654
21.97358793 16.08943620
22.16925730 15.46847198
7.01526880 21.58028459
6.60932935 21.55437493
7.55570757 21.55756780
6.80472860 21.45860465
23.03604668 15.35651973
7.01572154 20.79727231
7.23670236 21.17773352
22.11129340 15.88971096
21.89713210 16.20562168
6.83189193 21.86005280
7.18528713 21.24296763
22.61701893 15.13618733
21.71705451 16.21711394
22.41551387 15.76050968
22.40361582 15.90538067
7.74490956 20.92069592
6.92807066 20.66879883
7.08743390 21.69994083
22.76722829 15.79839418
22.19946626 15.55950497
7.56655340 21.50094300
23.26953988 15.36835097
22.76265147 15.15153358
7.16243451 21.45514840
21.81871371 15.20124551
7.15145930 21.48169138
22.04387943 16.05606780
21.76958584 15.83593651
7.38279983 21.96542699
7.82591321 20.95069645
22.29093064 16.46154675
21.87136706 15.36202879
22.16322593 15.58050407
7.09604462 21.70843160
23.37490699 15.58543050
7.38896293 21.21312396
23.12540336 15.86384627
22.43672415 15.91186235
6.93573059 21.43400411
7.44312612 21.78233313
22.05410139 15.51110853
22.18768852 15.50916622
22.34978928 15.61596523
22.27438467 15.43060640
22.68974715 15.41993267
21.95564048 16.59725885
22.32763514 16.25776427
7.14307389 21.53203292
7.25196550 21.66424975
7.17852916 21.68055483
22.44209470 15.74094663
7.26995462 21.28262347
22.30618591 15.77634719
6.85473394 22.63479855
7.86163038 20.92317760
22.80424051 15.38233060
22.42307386 14.82034929
22.38826964 15.27884924
22.42421311 15.51409612
7.60915625 22.09337149
22.06851994 15.91566634
21.92309919 15.13612490
7.31923198 21.54201210
21.78584975 15.89308443
22.84472298 16.18857153
21.47647967 15.41463773
22.59573606 15.89789558
7.14156794 21.95045084
7.50573015 21.26082075
22.39023038 16.08168228
21.38927678 15.43717632
7.21140661 21.91004781
6.69619906 22.00399237
6.94900444 21.72897117
22.03820299 16.39912074
22.22392743 15.75484178
7.28022495 21.03214219
21.98987318 16.21754268
22.44740246 15.95229733
6.76719630 21.83000594
7.47958743 21.97024861
6.94963514 21.23705339
7.33036516 21.42676656
6.91041081 21.78782288
6.50752159 21.57088701
6.89035310 21.72882293
22.40081417 16.40562312
7.06198045 21.97462638
22.75011273 15.35466275
7.26538625 21.50990562
22.26421186 15.98255155
21.96472716 15.82452391
7.34628907 22.01938213
22.32443885 15.04176145
22.91841916 15.78021614
22.46054044 16.29534507
21.89918844 15.37735563
7.20623971 21.20973484
21.75096049 15.87426580
7.31535203 21.79670282
22.55929114 15.50296382
22.13460535 15.76458178
22.22124056 15.72544943
8.02341870 21.74286570
7.28735193 21.94581003
22.75212441 16.33293291
22.81604207 16.22151283
6.91000957 21.17857115
8.31606500 21.05371272
22.33225062 15.47920454
21.82485708 16.51095443
22.60834335 15.52837816
22.58321981 15.14525209
7.82343200 21.56226192
22.51884572 16.03185431
7.25733644 21.74640988
7.32074859 21.77526377
21.92336932 15.41206657
21.88866518 16.13212435
21.52466493 15.31331203
22.63106469 15.91988103
21.92245110 16.07045621
22.87028104 15.67861317
7.66669662 21.55771971
6.23720169 21.74596820
21.96223010 15.90666254
7.68900721 21.82165861
7.46892066 21.70671478
7.14413777 21.03712682
22.35854026 15.50325223
21.87507361 16.31359016
22.59901254 16.24698183
22.47950533 15.60789663
21.45368372 15.45795744
22.13798382 15.71709670
7.38905037 20.89381573
7.36535929 21.17342525
7.35455984 21.11227329
7.78539572 21.36534867
7.19572596 21.31461591
22.64253564 15.74566499
22.02383050 15.89429818
7.69534200 21.47206573
22.13311463 15.52894389
21.85894251 16.67426342
22.40009796 15.62621607
6.79888223 21.12269373
7.60374661 21.02287422
23.09176959 15.69338244
21.68511396 15.49506662
7.52238709 20.79312763
22.28724508 15.38022238
22.64603801 16.52299560
8.15713343 21.06852297
6.83294588 21.87907387
7.11219901 21.85016175
22.94961023 15.11392960
21.81779126 15.61070457
22.41134955 16.26520729
7.26260230 21.93464285
7.19035558 21.36433687
21.71364491 15.78403516
6.92093910 21.60386835
22.08712315 14.90189938
21.75165796 15.16326560
22.26418032 15.62116634
22.17884050 15.92929942
22.28076310 16.09048152
21.76182812 15.15973177
7.44712145 21.81345309
22.54111019 15.57632022
21.85536275 16.21962356
21.97227846 16.53149296
7.46874523 21.86029723
22.46742501 15.92767377
21.38493368 15.03034504
22.51016176 15.79872962
7.42861742 20.73639662
22.09643705 15.25418115
6.87168991 21.03199736
22.17895115 15.71900268
7.43804268 21.22284011
21.98021884 15.31188211
7.63639367 21.31207901
7.67948456 21.46207534
23.08354146 15.72436036
22.39699313 15.28414325
21.90241879 15.60830095
7.42529276 21.69885956
22.55245911 15.12244885
23.12072850 15.99829776
22.82220672 16.06165054
21.60598476 15.76941616
7.89369230 21.13832057
22.21851484 15.42744127
21.74161285 15.60814975
6.78285072 21.43787162
22.35998981 15.38712688
22.78118428 15.43091193
22.58047943 16.24880029
21.84194086 15.97104027
6.60987817 21.48167899
7.42553396 21.56711391
22.11495985 16.06284057
22.22069956 16.08755996
22.43650719 14.81058983
22.27865150 15.40967495
8.00981502 21.08944503
22.58998903 15.53114365
6.92783121 20.75235395
7.84296226 21.93503423
7.96841541 21.14824361
7.07597075 21.99986494
7.22981197 21.54179565
7.66383644 21.35101882
7.80149039 21.04797758
22.24229064 15.43241686
7.11145225 21.00889278
6.89736595 21.19414712
22.86629488 15.84079491
22.58369448 15.66176843
22.05097522 16.12216076
22.26489031 16.05057636
22.18331324 15.62583880
22.52392156 16.72893673
22.79589299 16.10917053
22.53428091 15.56044720
22.49620511 15.85541535
22.26591032 15.68485245
7.59364998 21.21614341
7.53830599 21.06404795
22.11337296 15.94489740
22.36159858 14.46415228
21.24727552 15.29779495
22.34251288 15.35369735
7.50327678 21.28149071
7.42065123 21.42740690
22.50132001 16.17218131
7.27313690 21.57866659
8.03813143 21.12921549
7.51977152 21.66124686
6.85300358 21.69912882
21.90467395 15.83149138
21.95819272 16.80356696
22.47452605 15.94145179
22.06171826 16.05364314
22.08282499 15.59736306
22.77259913 15.20371527
7.59642553 21.04017716
22.14771199 15.00799090
21.38784328 15.91263416
21.70231477 15.39118964
22.20159575 15.28183432
21.78548964 15.23976259
7.07222151 21.68207119
22.22656555 15.65870991
22.47474970 15.39444749
22.55290643 15.95328088
21.99012898 15.70438493
22.01064096 16.00678516
22.46958306 15.51963151
21.96230422 15.62140017
22.64511108 15.42173006
22.41434412 15.42936681
7.35654728 21.33186715
23.00599392 15.20248070
6.59296087 21.80004112
22.50350561 15.41424676
21.57529474 15.37350772
22.75271278 15.74212845
21.66193867 15.66763342
21.81574535 15.47406908
7.70958393 21.33686685
8.24572643 21.15234007
7.46635084 21.32688968
7.61706464 21.52526632
21.74416654 15.65667469
22.84134796 16.00749266
22.85277819 15.91026588
7.48732601 21.38897400
7.28743111 20.98367027
7.27987214 21.65406789
21.94526277 16.68734726
6.77689590 21.13662888
22.29268399 15.15396678
7.42256308 21.95952570
7.71937296 21.53288591
7.46320544 21.61000885
22.39819366 15.97877901
6.86422134 22.05721431
7.03498610 21.66641199
22.42821064 15.29273819
7.40644508 20.98723695
7.06860011 21.67673044
7.04305078 21.50650014
22.21233396 16.09193038
7.02548618 21.80384551
7.86478126 21.69758064
7.25899716 22.23843441
7.32065281 21.26166837
22.52044853 15.91147293
23.03337541 15.50163681
22.47841764 15.82546135
7.37842675 21.33127347
7.23476040 20.83900054
22.23202739 15.59564377
22.07503428 16.26055135
6.93130075 21.82316052
22.77751605 16.23457651
21.82662479 16.01027239
21.66167322 15.42145499
22.83524600 15.26143448
7.41260433 21.58691806
21.69587695 15.31729690
22.43530176 15.60251146
7.25183743 21.23982883
22.66633738 15.86574051
7.50367730 21.19286439
7.07983918 21.26353225
21.95901338 16.13083544
7.51932310 22.16972609
22.51918184 15.94981319
21.94717078 16.22553700
22.36382489 15.02648599
7.39503550 21.19296555
7.57217927 21.72910859
22.53635488 16.26645649
7.76350612 21.39728957
7.31105547 21.53443441
7.32706927 21.37941513
21.81369499 16.13567891
7.71989541 22.10573406
22.54788807 15.40593917
21.85208121 15.75772112
22.18938241 15.20522334
22.53505798 15.87148453
6.96895304 21.16178025
22.65148627 15.93920263
22.44861285 15.23014500
7.05962003 21.10569468
22.22226883 15.52463539
7.20330049 21.23229718
7.29181448 20.97132732
22.64666702 15.33551384
22.33752737 15.98187853
7.36485048 21.46258520
22.12977327 16.19811350
22.07695330 16.02253385
21.49214302 16.24415098
23.04416936 15.86138451
7.19794019 21.54066653
22.58063726 16.26854454
7.08655871 21.90106368
22.58977306 15.54883104
6.28986637 20.79739603
7.04045799 21.86665041
7.73291508 21.84142237
21.93258199 16.33047094
7.24591771 22.16019036
7.88629798 21.48335950
7.14329711 21.45794481
22.47247191 15.68561748
8.02376536 21.43533532
22.19513093 15.00916129
21.25776040 15.59722674
7.31799705 20.97896091
22.23091732 16.02281142
7.27887922 21.66400805
7.07658201 21.67038450
22.49507998 15.36078492
22.27555029 16.16915827
21.72801621 15.96979408
21.93781767 15.79854808
7.34023251 21.39238838
21.85910468 16.05420040
21.66168202 15.51752542
22.46494003 15.58453129
22.43943732 15.85362745
21.77237492 16.63517359
7.24469596 21.73471367
21.85631362 16.46458202
7.63518398 21.01827523
7.78115421 21.80428398
7.13238551 21.12604726
7.14722286 22.37481869
23.02114774 15.57142330
23.12532574 16.02187885
8.17378722 21.65418731
23.22373782 15.44766985
22.40448672 15.37696757
21.92273925 15.53719516
22.08223426 15.54983741
7.07308844 20.59791325
7.30748848 21.48821281
22.77903637 16.37022712
7.40798772 21.57512928
7.97846977 21.60180630
7.22007312 21.90531445
22.34157069 15.39556327
6.85379884 20.66414939
22.84728499 15.25825952
22.52017826 15.57167460
21.91021564 15.91885494
7.38341777 21.14413250
7.39640411 21.31926418
22.08105967 14.77110571
6.94103085 20.88648377
7.14701824 21.03226949
21.90569497 15.56505893
22.45483403 15.51908525
7.74063642 22.00841070
7.24084634 21.10494926
7.49014373 21.16607004
22.29283245 15.89043740
7.68523227 21.20680719
21.83556287 15.80497654
22.01604511 15.49937157
7.33005466 21.26306562
22.26942134 16.02416773
7.45729700 21.19009225
23.23573256 15.79677499
7.99574218 22.03890812
7.32366142 21.38101897
22.76054749 16.21124071
21.62974646 15.77787063
22.25980074 15.64750991
22.18737713 16.41097149
22.40440741 15.54626324
22.14268226 15.15548056
7.15223422 21.67179360
7.12988129 21.33497401
7.64682112 20.25654351
22.48620362 15.86008283
21.64487539 15.35147134
7.49959813 21.08904494
7.72851145 22.16977215
22.21477397 15.70396786
21.99812230 15.99379803
7.06456039 21.30127273
7.45194071 20.86021243
22.07767067 15.08588108
7.22662104 21.71455600
7.57838017 21.38867144
22.52867814 16.13531925
21.74043602 16.42557958
7.53259599 21.20904026
21.89971033 15.53174159
22.23121380 15.98311226
22.00129294 14.73751228
21.96178802 16.22096774
22.62305621 15.89623103
22.30639921 15.42097577
22.01868799 15.73733388
6.86990101 22.18210798
6.99457482 21.02195578
22.57235806 15.87648825