274
14
117 8 7
61 6 3
132 9 2
66 2 4
271 9 3
183 7 7
232 7 4
10 8 7
42 5 7
99 6 7
120 2 6
235 7 5
83 6 2
237 8 3
176 7 7
59 8 5
171 8 3
94 4 5
143 7 2
15 8 7
28 3 5
207 8 6
73 3 7
34 8 1
234 6 3
192 4 7
126 6 1
95 4 1
51 9 2
35 4 4
250 4 7
174 6 4
106 5 2
258 2 7
123 8 5
274 6 5
39 8 3
198 2 4
228 6 6
6 1 7
221 5 1
231 10 7
111 8 4
41 9 1
71 2 1
262 8 2
255 10 1
96 3 5
134 3 3
257 3 2
260 8 7
137 1 4
141 4 5
23 8 6
124 3 6
200 6 5
205 8 5
5 5 3
147 7 3
238 10 1
45 1 4
270 3 7
67 3 3
19 4 6
121 4 1
267 9 4
24 2 1
230 7 4
31 2 1
65 8 6
225 5 1
108 3 7
27 5 4
272 9 5
16 3 3
36 3 3
239 7 6
78 5 6
214 10 1
256 6 1
213 2 1
240 6 4
97 8 4
227 2 2
56 8 7
21 4 6
109 4 6
168 2 7
47 9 4
159 7 7
173 2 1
85 9 6
149 4 3
88 9 3
13 9 3
151 8 7
160 6 4
253 5 4
266 7 1
17 10 5
245 4 6
155 4 3
265 10 7
241 2 1
188 3 2
70 6 1
249 4 5
158 3 1
58 8 7
273 3 5
180 4 1
179 9 4
22 7 4
252 8 6
210 1 2
9 5 2
104 5 6
68 9 5
33 8 7
116 6 7
40 9 6
212 3 2
236 10 7
251 5 5
125 10 3
223 5 5
229 8 7
187 1 1
165 8 2
107 7 7
93 1 2
194 7 6
11 4 5
37 6 6
219 8 2
224 10 1
233 2 4
195 7 7
76 6 7
52 2 3
62 3 1
46 2 4
177 5 6
38 1 4
193 6 5
202 3 5
242 2 2
190 10 5
105 9 3
139 3 3
208 3 7
92 5 5
72 4 3
90 3 7
215 10 4
170 10 6
146 1 6
189 4 3
20 2 1
101 5 4
75 4 2
244 5 1
166 10 5
211 6 1
129 7 5
263 3 5
156 10 1
186 9 6
206 7 1
217 10 5
2 4 5
110 4 2
204 6 1
161 5 4
100 3 1
142 3 6
216 7 5
103 1 3
79 8 5
209 2 4
164 9 1
181 5 3
81 6 7
197 10 3
60 6 6
138 5 1
82 6 5
14 1 5
114 6 6
136 8 2
226 7 7
264 7 3
84 1 4
54 3 4
243 3 7
3 3 3
162 1 7
64 1 4
199 10 7
220 5 4
153 9 6
48 6 1
32 9 4
145 5 7
25 7 4
182 2 4
196 9 3
18 10 3
148 4 1
191 8 6
259 7 1
135 7 2
102 6 5
50 4 6
128 4 5
169 5 7
87 8 3
29 5 3
248 5 3
157 1 1
115 8 1
261 5 5
144 5 6
154 3 5
201 5 3
133 10 3
49 6 5
131 9 7
118 7 4
77 1 7
130 6 1
203 4 3
185 6 7
140 2 2
98 10 6
86 8 1
53 4 6
55 3 7
113 10 1
167 4 7
246 5 1
152 8 2
175 5 4
91 8 7
163 3 3
43 10 6
8 7 5
172 6 6
4 1 2
12 4 1
89 9 7
74 7 7
122 10 2
269 6 6
247 2 1
218 9 3
178 1 5
150 8 2
63 10 7
7 8 5
127 1 3
184 3 6
112 5 1
30 5 4
69 5 2
222 10 5
57 3 2
44 2 5
26 4 1
80 6 2
268 9 5
119 10 1
254 1 6
1 3 3