966
859 1008
897 1001
182 404
906 1036
431 673
379 409
156 238
1148 1258
660 766
203 319
32 63
1049 1186
508 526
54 333
660 934
309 411
1291 1431
1030 1222
1150 1264
886 960
1272 1299
636 798
132 230
236 472
611 721
243 416
730 918
933 1000
744 987
388 605
68 104
1282 1298
1254 1431
1275 1433
70 143
283 411
775 891
457 495
657 888
583 752
820 988
236 379
844 945
666 904
937 1148
1005 1066
970 982
1072 1202
1268 1296
1202 1433
505 754
1283 1436
153 175
1001 1228
634 681
1054 1161
893 1139
659 764
1253 1436
736 827
908 941
1064 1318
542 833
527 642
1164 1275
52 133
478 508
995 1199
518 672
1158 1299
253 463
429 591
606 652
466 627
58 156
598 712
315 387
504 554
408 571
933 1069
70 158
405 438
276 440
620 648
1029 1159
704 720
668 873
1121 1319
55 135
971 1235
539 593
1082 1281
15 98
508 803
441 614
1071 1205
1249 1416
33 47
63 83
648 932
355 493
371 587
489 617
584 813
998 1090
352 531
79 205
1299 1437
191 340
1179 1216
399 567
203 313
724 918
988 1171
182 390
717 792
974 1199
541 784
214 285
1272 1288
17 136
205 369
525 551
346 634
454 714
252 520
994 1096
778 931
894 966
326 497
238 258
807 966
1100 1314
481 543
1028 1180
960 1111
567 826
711 822
1283 1435
414 461
1178 1307
646 760
33 282
1141 1339
336 560
1151 1351
962 1053
887 1046
1239 1284
382 635
242 466
506 682
998 1050
583 663
803 921
314 519
696 718
341 415
1033 1325
366 456
235 354
472 653
184 353
593 645
834 870
113 232
1044 1113
1028 1310
1149 1308
659 892
917 969
690 857
1161 1363
708 871
83 163
278 436
39 102
1126 1356
340 523
524 610
69 151
974 1189
49 154
1231 1436
166 313
1108 1277
124 176
828 1080
328 423
732 928
292 362
144 189
19 123
655 806
595 667
91 130
155 338
117 240
498 643
997 1192
824 910
977 1144
1040 1241
1183 1272
1203 1213
414 682
434 575
755 888
130 229
834 944
1108 1344
205 404
13 85
898 931
338 368
1264 1391
1228 1432
632 878
27 70
440 480
112 390
544 689
846 895
938 1078
656 953
14 175
699 797
689 932
389 588
815 960
1078 1373
582 601
340 362
237 314
662 836
1188 1348
226 287
33 308
562 701
477 638
136 235
925 1040
574 610
785 1031
367 443
196 253
112 408
1065 1147
285 370
663 906
931 1089
444 729
545 836
799 1071
178 452
1099 1384
1246 1393
234 335
541 626
667 869
1106 1188
805 1028
755 980
176 439
388 667
90 193
1134 1211
731 799
54 292
824 1075
755 864
1258 1433
1069 1294
387 617
954 1211
684 733
128 354
353 416
896 1144
968 1244
1043 1247
689 947
361 587
236 246
377 524
695 719
1101 1312
37 190
906 991
41 185
322 597
280 293
388 476
622 775
1081 1306
576 794
141 340
880 1057
467 762
801 1006
73 212
1047 1142
151 259
927 1203
961 1205
246 303
687 854
39 268
88 138
1185 1354
347 470
592 645
189 400
118 347
1037 1189
283 502
961 1095
210 471
1038 1330
831 848
973 1103
1018 1150
701 842
710 976
993 1092
717 748
75 179
379 625
1059 1235
220 426
1220 1431
932 1133
285 483
121 303
420 578
1010 1136
803 1057
1288 1437
129 181
175 362
474 602
851 994
1181 1375
797 885
454 732
1105 1332
1088 1270
322 429
1271 1438
305 502
375 445
193 407
1282 1302
286 335
408 482
599 631
493 708
657 829
1119 1160
1224 1423
840 1067
1232 1268
188 368
386 602
674 912
373 533
454 603
1127 1363
1235 1354
775 988
1190 1256
667 746
892 1106
118 304
932 1183
1009 1284
167 400
791 869
978 1262
697 980
448 668
219 382
1086 1155
40 241
394 577
199 343
234 415
425 655
192 203
916 965
779 1033
364 629
849 1105
998 1021
1097 1166
1110 1252
10 186
818 853
278 559
359 573
797 903
213 335
379 415
1197 1342
525 575
1144 1186
490 663
90 354
1113 1368
950 1146
531 822
19 208
196 465
219 382
1134 1347
126 225
100 134
1008 1147
1012 1151
1161 1188
274 472
888 942
686 954
441 697
309 488
654 838
1111 1405
118 403
729 921
942 959
456 674
1111 1167
1121 1158
791 1087
557 637
705 769
1216 1264
871 1017
572 838
456 592
562 649
147 252
28 183
308 446
823 972
356 496
1172 1326
764 978
965 1145
669 936
740 835
1229 1399
380 573
176 227
584 795
1033 1132
6 223
1212 1432
525 548
1293 1373
84 377
789 1018
280 343
651 929
316 412
1032 1156
407 677
81 304
767 848
1096 1143
1190 1434
1291 1432
1234 1431
902 1054
442 513
284 387
1133 1197
973 1107
1185 1313
733 948
45 74
996 1107
1123 1410
907 1169
392 432
555 698
917 1098
1028 1260
787 869
108 318
637 749
1179 1402
332 392
1011 1310
1020 1092
1237 1435
1165 1222
544 559
169 253
1068 1292
849 895
877 1081
270 295
1176 1223
831 1078
506 576
81 228
50 109
392 521
617 839
1195 1353
1074 1353
1186 1298
975 1065
100 347
551 625
65 102
436 645
734 913
81 364
882 1025
1072 1271
790 1087
609 624
504 788
150 348
692 942
196 236
925 1122
737 833
196 306
637 732
1029 1137
1255 1438
1283 1435
540 673
1145 1315
220 268
1164 1431
126 371
1144 1295
1170 1337
200 426
279 405
929 1008
141 169
473 614
719 1008
1088 1152
1089 1269
847 1114
1253 1412
1116 1355
459 531
744 837
270 492
301 526
171 373
298 560
24 164
84 135
769 1008
1205 1300
659 934
203 267
277 522
1172 1429
927 1019
1070 1339
342 450
515 571
860 1088
904 1173
1297 1438
1031 1197
161 444
700 785
529 663
1037 1058
728 1007
629 845
826 1088
1273 1436
918 1049
313 492
11 127
944 1004
722 777
811 1107
706 735
545 650
353 527
616 703
47 86
500 716
565 794
484 522
70 311
179 265
877 961
60 241
519 636
535 718
681 866
998 1041
720 931
75 273
558 845
411 423
1268 1412
213 279
271 305
488 642
222 514
584 670
608 888
848 1052
831 919
452 632
1070 1365
1156 1307
552 662
764 986
202 265
907 1001
1160 1250
550 632
446 477
1019 1186
1214 1425
960 1254
976 1163
1154 1173
10 43
972 1175
531 761
456 518
721 895
1145 1185
918 1116
1239 1434
163 410
24 94
426 545
616 682
1238 1430
1209 1233
689 753
993 1104
562 603
373 442
1024 1051
546 738
578 690
540 560
83 379
59 120
799 942
80 196
1077 1146
1192 1305
725 744
914 1116
530 572
50 73
647 921
389 673
1066 1257
547 728
168 252
198 310
485 631
779 837
271 423
407 693
494 645
907 955
566 708
1084 1124
11 34
326 360
126 307
1171 1248
599 699
681 743
329 378
124 346
858 1091
690 800
966 1083
198 392
57 298
1286 1430
1274 1414
808 1022
867 1052
107 138
364 568
973 1214
85 273
592 818
1179 1284
62 287
515 708
615 834
144 214
625 677
133 360
378 479
131 151
830 1001
216 345
694 907
237 316
264 560
908 1183
431 707
388 594
266 308
902 1109
795 990
388 469
584 687
180 230
558 738
604 655
1034 1153
709 971
1184 1439
1021 1252
1265 1439
47 262
382 492
804 1077
653 914
919 988
28 225
644 750
1011 1301
93 120
656 922
394 555
439 683
214 374
533 622
367 651
298 322
1277 1360
211 247
215 346
651 812
1159 1436
584 760
502 548
579 709
721 816
166 190
378 440
889 915
183 294
235 511
877 1058
87 148
617 860
775 1038
1269 1369
482 517
597 852
964 975
582 733
861 1093
1139 1243
804 1019
225 255
1036 1320
292 572
843 1063
1192 1356
181 411
576 851
172 388
719 876
714 911
131 310
778 1032
1090 1307
783 1018
778 811
1145 1417
444 520
308 463
358 454
643 852
1059 1213
195 444
255 473
284 316
1185 1407
1288 1437
681 889
1073 1111
627 726
312 605
189 422
4 269
1106 1341
816 1051
1117 1200
170 393
990 1209
129 355
158 274
370 537
260 443
1007 1046
174 214
330 623
459 717
929 1165
1206 1298
1024 1227
104 235
1234 1430
1275 1437
82 208
1256 1439
492 629
229 425
545 816
1089 1389
1056 1334
1061 1337
424 593
1217 1285
939 1107
881 999
372 387
741 932
959 1172
1242 1410
1241 1363
547 653
1172 1368
412 583
937 1093
425 682
596 672
193 458
875 1039
1160 1317
145 318
372 484
115 304
674 693
810 1011
1243 1280
999 1094
72 271
744 993
799 874
1021 1223
686 930
859 924
525 667
541 625
280 525
152 396
29 171
829 953
240 357
522 622
921 1073
888 1100
552 658
224 238
480 682
770 882
161 376
25 251
622 709
1282 1438
84 194
406 670
351 611
368 489
982 1107
35 204
657 952
696 801
802 988
940 1029
1159 1197
932 1216
162 438
914 1041
384 526
1215 1431
45 59
534 581
624 738
710 733
554 577
1260 1278
695 773
782 1030
511 532
1216 1415
267 323
1297 1369
660 819
1219 1430
697 781
981 1154
903 1001
250 378
414 426
511 752
291 504
1283 1297
947 1165
505 695
294 408
1192 1410
722 773
1250 1331
1133 1302
463 473
929 1115
398 609
888 1186
105 227
164 197
1297 1435
1040 1110
1287 1431
67 252
922 1001
935 1202
795 965
886 1132
854 901
1159 1287
649 892
953 969
203 301
1191 1330
672 743
884 1153
931 1201
214 488
789 1084
917 1110
249 270
603 827
815 1020
1088 1207
260 339
1225 1306
927 1125
287 572
543 720
1231 1279
1211 1427
273 408
485 776
234 458
