8071 6015
7544 8472
141 957
7278 7544
4450 4954
7027 7157
6391 6798
9791 10089
3455 3722
4149 5090
3402 4220
3402 4252
2842 3568
5075 5821
103 280
9326 9698
6091 6328
7281 8044
1492 1917
9840 9942
1752 2339
6749 7184
9502 9707
9869 10838
1670 2646
4863 4989
8577 8882
9458 10371
6946 7675
3291 3876
3554 4382
1817 2687
5630 5929
242 1054
5009 5692
6487 6707
6393 6923
1112 2084
6642 7114
9915 10602
5411 5590
5563 5751
2279 3052
5503 6446
7940 8301
7308 7759
4992 5145
2441 3240
6146 7067
2075 2894
4453 4673
7504 8025
8899 9801
5287 6161
7143 8056
8097 8159
5995 6358
375 718
8329 9153
4658 5455
5641 6128
1420 1733
5351 5777
7434 8101
9919 10826
8149 8625
1772 2015
2717 2816
8166 8323
4451 5296
2961 3945
3599 3868
397 441
8789 9757
6098 6885
8408 8886
999 1764
2052 2985
2285 2768
9152 9986
4286 5082
8904 9486
3732 4607
9147 9884
6713 7026
1753 1939
9397 9617
788 800
4126 4230
363 876
3498 4016
3923 4083
4561 4689
4698 4733
1607 2542
9936 10494
9083 9990
2472 3421
9684 10262
905 1781
9040 9355
1540 2269
2077 2370
7171 7198
7728 8038
8155 8673
8481 9370
638 669
3589 3925
8875 9484
4691 4805
3222 3794
9433 9839
5600 6008
6312 6654
4907 5405
9080 9217
7458 8287
2525 2821
7014 8000
3246 4164
9810 10714
1291 2115
8367 8922
2125 2547
6853 7230
2141 2463
6718 7177
6544 6750
5420 5972
3775 4590
4024 4304
2035 2670
8612 9478
8277 8718
1097 1350
5021 5637
9607 9648
4948 5112
890 1682
2438 3399
7612 8191
1246 1736
6412 7403
9392 9524
6607 7521
7528 8007
8751 9751
4555 5318
5152 5302
1747 2039
7922 8406
7997 8529
4798 5265
6340 7116
9978 10343
8222 8791
1643 1820
2010 2157
2545 3439
2208 2875
631 1311
7011 7460
4222 4931
5096 5540
9067 9564
3201 3620
6606 6733
7661 8135
7288 7394
5370 5574
2017 2309
1951 2594
2622 3262
5785 6400
5498 6194
6569 7415
1178 1371
8275 9272
4919 5468
9431 9868
1605 1992
8857 9530
3784 3799
4964 5282
5216 6206
7167 7242
6061 6301
3028 3742
4534 5200
8191 8435
7631 7942
5439 5786
5567 6510
3839 4400
2640 3618
4414 5219
4210 4511
3917 4589
2442 2561
4297 4938
3970 4917
6297 6481
8325 8808
7955 7998
6548 6603
3510 4509
6985 7854
1911 2642
6760 7154
7159 7711
5787 6440
8276 8502
297 332
5522 5686
3963 4201
3191 3223
578 645
6306 6695
8332 8621
3512 3724
1488 1522
9918 10214
3094 3386
8146 9122
2487 2993
2698 3009
9298 9649
8811 9381
7366 7776
4738 5458
1088 1299
5878 6028
6210 7108
1916 2323
1781 2090
3387 3770
2403 3357
4801 5441
9486 10463
4596 4648
604 1563
1313 1439
3330 3623
4228 4326
4419 5101
1509 1993
6642 7087
8749 8852
6916 7856
2194 2796
3054 3100
2301 3163
7632 8536
7196 7543
5538 6411
5442 5624
8589 9085
6696 6881
6684 6817
8409 8678
9278 10133
346 617
4649 4838
5888 6146
8677 9032
8906 9031
1842 2611
6970 7913
8427 8562
9929 9988
3181 4046
9510 10170
7954 8678
1825 1866
2347 2413
9178 10094
1799 2697
9696 10219
6818 7817
2793 2805
7012 7482
4568 4711
7331 7807
3679 4482
9804 10122
5322 5521
868 1669
8079 8099
2012 2871
2837 3798
8034 8165
9117 10046
9631 10389
5427 6392
9250 9643
1096 1736
1743 2371
7533 7547
7809 8793
5949 6801
941 1460
6495 6947
2574 3276
2142 2945
9909 10208
9425 9455
2890 3416
8009 8954
6292 6864
3961 4838
4448 4767
9439 10180
4766 5651
2539 2805
236 888
9365 9849
5025 6000
5520 5754
7845 8352
2041 2877
9572 10136
3542 4396
8066 8823
1441 2231
2513 3374
1766 2655
290 1037
842 1500
5813 5859
8749 8794
9165 9627
9541 9846
7640 8311
1494 2125
5864 6281
5832 6364
236 596
4132 4158
5363 6308
1413 2148
9834 9982
4607 5438
5029 5199
1817 2609
5135 5193
2076 2213
4058 4287
154 281
4395 5248
544 1099
4021 4602
3531 3774
2102 2412
2544 3524
2338 3302
2862 3273
7273 7412
2283 2651
6698 7172
4874 4947
1861 2042
3135 3246
7974 8856
7975 8900
1159 2113
5634 5939
8977 9708
3527 3902
8726 9473
4040 4412
8545 8940
3426 3780
5965 6490
9808 10658
5127 5821
5198 5831
666 1545
849 1393
8354 8412
1809 1853
4036 4241
1835 2639
1833 2797
5666 6388
9252 9338
1088 2001
971 1834
4379 4603
3888 4244
7375 7570
1304 1917
9162 9394
8370 9131
384 671
3224 3589
6393 6794
9367 10041
9981 10717
8707 9584
5132 5816
9593 9670
1020 1487
1575 1866
5637 6346
5460 5980
5826 6072
9933 10884
3301 4159
7510 7909
7952 8594
3727 4476
7465 7656
8418 9177
6017 6288
694 1283
7260 7892
7972 8551
3458 4045
5807 5858
4501 4912
1138 1504
951 1568
3343 3854
7400 8305
9109 10011
3002 3506
8104 8389
5311 5615
7439 7905
2658 3365
6247 6760
6294 7116
3697 3800
4598 4955
5247 6183
2210 2468
1779 2683
3370 3898
6130 6563
2904 3460
4580 4872
2154 2265
7169 7375
3991 4862
4075 4103
1709 2350
1466 1786
384 463
6007 6110
6083 6099
2270 2443
2380 3084
1189 1780
8419 8851
2900 3253
2391 2787
1528 1598
3226 3507
6336 7015
8784 9405
8110 8689
3310 4030
784 1557
9535 9585
3845 3941
7609 8133
8279 8728
6808 7206
8118 9016
6011 6259
6996 7135
4957 5185
6830 7385
2204 2475
4062 4742
7544 8483
9334 9828
6377 7062
9764 10257
9461 10274
8423 8838
2025 2348
835 974
3468 4343
3268 3555
5141 5201
5325 5592
3273 3705
2194 2563
4522 5067
7064 7351
8673 9460
205 1112
8399 8659
5517 5691
1391 2038
8943 9852
1277 1405
2752 3102
2943 3516
6813 7295
4891 5054
5201 6162
8415 8477
5506 6429
8384 9353
8616 8909
9224 9488
9864 9905
1793 2016
5077 5519
9474 10088
6698 7680
4504 5270
6051 6197
4586 4870
8310 8889
6409 6759
4182 4320
685 1474
5491 5706
7881 8792
1879 2698
2200 2394
112 889
1503 2084
8833 9114
6965 7955
9757 10468
3656 3944
6157 7043
7794 8158
6320 7006
2228 3120
5200 5709
3576 3608
8223 8256
529 1301
1153 1242
9897 10754
9128 9663
8751 9392
8243 8707
3800 4013
1895 2107
461 847
386 646
6907 7209
5442 6163
4346 4960
5633 6608
9502 9697
4288 4488
6045 6780
8720 9203
6289 7224
2668 3374
8703 9663
600 1556
1407 1790
9440 10346
419 1383
7992 8698
1937 2092
509 1126
9175 9380
6539 7364
608 856
5567 6056
4701 5595
5602 6576
7874 8079
4139 4377
1984 2691
7046 7985
9196 9674
3616 4527
3655 3837
4271 5027
9750 9802
4761 4880
2409 2857
3571 4205
2433 2501
510 1081
8195 8392
9676 9694
9368 9934
6022 6961
9869 10217
7680 8305
5537 5854
6209 7036
6464 7460
1019 1715
7179 7513
2693 2929
9537 10483
9766 10709
8574 9170
6106 6553
4857 5710
1152 1191
3199 4153
8543 8750
9915 10243
5432 5880
9767 9945
2131 3105
5662 6547
9767 9853
7932 8164
2746 3075
4191 4232
6644 6802
6466 6909
1416 1478
5237 6191
4260 4689
6611 7282
729 1161
8565 8750
1570 1675
7634 8450
8487 9449
8857 9077
8317 8737
1520 1764
7619 8187
9630 10330
2900 3697
4078 4625
2177 2496
1675 2415
8300 9121
4687 5077
5552 6442
3725 4460
1217 2080
4782 5581
8264 8610
5589 6164
2234 2970
4050 4903
813 1474
9479 9750
1828 2730
8104 8523
6791 7364
3834 4338
4462 5048
9804 10034
9478 9713
5865 6481
2001 2854
6067 7061
521 641
1062 1869
2959 3740
3948 4640
4659 4713
857 1730
817 1626
1939 2468
9586 9848
185 1156
2738 2833
7660 8347
1158 1999
9631 9735
5555 5611
5165 5418
9251 9618
8273 8616
5268 6120
8339 9085
6203 6448
9365 10194
8816 9234
5312 5419
5457 6354
2937 3306
1872 2824
9036 9944
487 772
4949 5931
1245 2066
2263 3133
9211 9255
1058 1355
8948 9537
344 388
6929 7029
3580 4220
3526 4502
5820 6627
1404 2251
4183 4765
2348 3210
6436 7024
5468 5896
8491 9053
6318 6612
6374 6535
7491 7556
7963 8690
239 1116
8107 9025
5243 5678
2607 2800
9649 10481
1303 1836
4334 4502
3203 3398
2833 2898
1528 2326
4191 4523
193 864
4093 4864
5582 5882
1088 1461
9245 10058
856 980
6860 7697
673 843
6836 7444
7714 7752
4806 5108
9215 10162
3366 4188
2722 2947
8364 9045
9944 10828
8795 9625
632 1179
284 1080
2864 3428
784 1451
3277 3588
2265 2460
2265 2969
7628 7968
1567 2562
3862 4395
9160 10116
5511 5639
2842 3763
2728 2930
7675 7889
5929 5960
3756 4247
7056 7105
5919 6134
6339 6772
5496 6474
2880 3512
1917 2093
4755 5429
9889 10303
2764 2848
9321 10106
6446 6895
8849 9680
8620 8703
2613 3121
326 1000
1275 1585
8251 8912
617 843
995 1128
8960 9177
3382 3793
3467 3774
9671 9731
5335 6245
6469 6825
8053 8972
5133 5401
9950 10904
1778 2161
9054 10046
7471 8395
6179 6718
3619 4330
9317 9607
6296 6833
9509 9677
4885 5356
451 742
6633 6972
6364 6859
4284 4875
2738 2821
1459 1726
7804 8196
3215 3878
8986 9700
9052 9843
6343 6660
6476 6658
5445 5987
9886 10483
4522 4921
3797 4530
6862 7708
7936 8628
3857 4180
7797 8650
694 764
8887 9567
409 474
412 1403
5228 5669
1635 1999
947 1356
3853 4641
8893 9821
4466 5034
4543 4878
6768 7082
1797 1907
6600 7494
3560 4473
6682 6975
9805 10632
4547 5098
4809 5052
447 976
2238 3185
4428 4455
1042 1877
6163 6625
1608 2385
4587 5290
8238 9210
1712 1994
8550 9402
7159 7532
5137 5400
2741 2906
9317 9999
9248 9329
3387 3914
2312 3149
1317 1750
4006 4273
7673 8652
3772 3797
1962 1979
3147 3168
1092 1622
417 993
6397 7065
5452 5581
9156 9375
5106 6027
2122 2461
3506 3694
4467 4507
9832 10173
2958 3431
7630 8623
4751 5299
9293 9328
9251 9877
7368 7903
8129 8605
941 1304
8825 9186
6929 7416
8384 8731
4909 5340
2411 2955
4387 4979
4281 5244
2930 3062
4701 4971
5975 6161
7040 7902
2499 2818
5703 6009
7875 7961
5648 6384
1749 2134
267 504
8905 9897
4219 4974
775 1402
8301 9195
4761 5212
7106 7684
5671 6349
3729 4296
8908 9663
8953 9701
4827 5272
5741 6262
5042 5298
6152 6448
3011 3035
7518 7852
8301 8410
5931 6328
9704 10173
8184 8461
1305 2101
487 1026
3266 3952
8010 8924
863 1389
9524 9930
752 946
8223 8304
9620 10221
2067 2942
8703 8821
8681 9042
9970 10504
1879 2146
7614 8053
9940 10599
7776 8456
2231 2807
7937 8379
1623 1651
558 878
9583 9723
8733 8884
4678 5334
1695 2211
1520 1663
1694 2376
6374 6969
1583 1961
5707 5738
2780 3734
5932 6691
9701 9938
9809 10417
3766 4378
8469 8709
7352 8273
1734 2563
6610 6906
2358 2523
8989 9660
3135 3457
7791 8111
7450 7773
2511 2821
3560 3952
9413 9513
2646 2785
6879 7392
6928 7608
2323 3298
6779 7486
4383 4906
353 972
3982 4573
9994 10480
3602 3772
467 1368
5495 5783
3150 3429
2923 3476
2253 3005
9926 10227
9795 9972
2014 2103
3334 3838
6303 6793
8309 8868
7877 7931
7977 8076
5609 5821
9595 10045
2028 2403
4962 5346
5898 6130
6062 6143
9966 10301
8582 8882
1005 1016
3112 3148
9662 10102
5704 5749
4934 5610
5006 5443
2357 2928
7017 7581
3306 3845
2453 2573
9458 10025
872 886
1784 2666
7844 8812
8565 9260
1452 1709
4467 4804
1631 2529
8582 8705
4020 4939
8341 8717
5567 5764
4833 5704
6598 7399
7221 7893
5498 6157
204 626
5281 6157
9026 9774
5497 6374
8847 9775
7576 8167
420 963
7079 7763
1102 1537
2508 2527
5016 5276
3818 3914
149 1050
5778 5846
4987 5469
3631 4164
9820 10144
3780 4210
5784 5996
4370 5007
2136 2705
5088 6088
4323 5065
8516 9411
5345 5691
3248 3777
4778 5539
5681 5850
1338 1464
1622 1703
4415 5377
1266 2159
1778 2695
4674 4823
1398 2333
2384 2422
2211 2654
238 451
9804 9886
5625 6483
2057 2780
6070 6845
7307 7955
7792 8191
5661 6158
6536 7445
4570 5365
9028 9917
5101 6073
5006 5049
2341 3313
6562 7268
1451 2098
2479 2660
6385 6445
9074 9216
9193 9377
4003 4570
3796 4750
2468 3446
6517 7113
7008 7154
4493 4533
1515 1756
3399 3953
4071 4143
381 1376
5097 5760
3469 4302
6433 6975
9949 10891
7820 7872
4709 5402
5978 6103
1242 1751
3358 4193
8291 9215
2706 2796
333 1006
9840 10076
5203 6082
938 1430
9494 10023
3787 4554
2392 2671
3622 4051
7581 8303
2568 2874
300 514
8772 9155
4228 4371
5139 5686
5582 6455
1721 1953
3527 3581
3650 4549
5868 6676
1295 2107
8194 8858
5313 5633
2310 2437
8746 9362
8369 9242
2699 3084
3808 4757
920 1835
1764 2264
6795 6991
7589 7672
4164 4606
8067 8125
8497 9233
5531 6251
2594 3545
835 1773
7485 7899
2823 3765
2092 2153
5419 5862
7529 7959
7177 7798
7676 8149
6514 7051
8155 9146
5867 6409
593 650
6781 7576
7087 8061
1930 2842
2907 3592
8981 9597
1882 2615
2964 3356
1462 1524
4834 5268
7689 7867
9863 10131
7710 8556
9130 9507
9579 9862
9307 9861
8799 9055
2437 3037
8816 9191
4682 4965
6243 6987
4189 4425
5708 5791
9005 9511
3231 4193
5973 6162
1292 2139
891 1587
9989 10813
8416 8795
1701 1733
6312 7262
1854 2377
4321 4757
9788 10640
7538 7880
3570 4522
3058 3086
3737 4243
9823 10137
4907 5729
6128 6399
4498 5360
2075 2125
1241 2117
9541 10322
4042 4270
9210 9808
6630 7436
3809 4179
4676 5612
3836 4243
8555 9345
7928 8082
9482 9791
6081 7023
929 1848
8202 8238
8075 8457
8910 9517
1180 1979
8006 8300
1152 1336
4658 5098
6573 6927
569 843
6222 6245
7097 7719
8656 8750
5682 6259
2986 3060
9034 9513
6805 7042
5642 5937
9398 10029
1073 1593
786 1339
7407 7528
3688 3854
7197 7644
8977 8998
2000 2687
9531 9886
4469 4642
9628 10056
9148 9848
6247 6969
1090 1251
164 966
6317 7052
371 1041
4007 4735
4403 4543
7687 8030
4806 5774
684 1308
2342 2734
5572 6391
4624 4650
2562 3094
2081 2104
2490 2589
2259 2614
400 567
9682 10356
3508 3739
8660 8799
6007 6589
8568 9131
9327 10152
234 591
5264 5400
8940 9938
3197 3500
8565 8863
199 1012
4475 5008
3245 3455
6021 6089
8736 9364
4010 4473
3827 4024
2931 3240
3605 3699
4354 5211
3224 3258
2028 2300
1329 2105
139 1087
545 734
1906 1953
2172 2680
9040 9666
9277 10007
5606 6010
8340 8991
4831 5381
8383 8606
3943 4056
664 1079
8876 9375
8640 8712
2850 2936
9972 10264
8419 9258
1449 1561
1018 1370
6242 6513
3091 4018
1226 2071
5013 5073
9526 10182
8985 9110
1844 2673
9085 9952
531 1104
7167 8127
371 960
6613 6756
6644 7242
5293 5908
8453 8602
434 778
4955 5442
2052 2598
2971 3748
2224 2847
8506 9087
4829 5079
9859 10279
223 853
3483 3622
5902 6333
3209 3370
2690 3640
9003 9643
586 1004
4957 5340
6106 6368
8164 8482
7712 8244
2635 3214
9108 9832
4566 5297
3039 3988
265 556
2005 2900
2063 2283
2276 2576
6280 6700
8222 8417
2155 2925
9126 9912
7425 8073
2973 3600
7318 8219
5966 6167
3040 3984
8656 8746
564 969
699 929
4043 4863
9652 9975
9974 10608
7873 8552
7161 7764
8536 8972
9542 10054
2853 3113
4972 5176
725 1068
5000 5239
4059 4176
5838 6831
7509 8430
9119 9556
207 993
1253 1949
3334 4300
6994 7719
9942 10395
4060 4886
6992 7077
2556 3226
8275 8833
859 1649
3275 3786
5426 5966
5316 5827
8822 9774
4564 4734
5429 6133
1849 2105
3482 3791
2090 2406
4359 4754
8380 8813
2119 2649
6385 7014
6837 7451
6699 6950
9716 10515
6256 6726
1956 2317
1033 1173
1726 2195
2761 3393
3632 3757
3548 4177
3979 4237
4648 4752
6792 7073
6508 7435
1175 1257
6519 6548
9615 10075
4545 4698
4040 4546
4748 5273
7343 7686
4364 5291
8650 9232
7155 8084
3469 3979
6868 7515
8096 8439
7327 8267
6622 7179
4462 5394
3275 3454
6821 7245
2980 3943
8534 8917
1317 2162
4534 5148
2346 2973
2206 2784
2227 3075
8782 9758
4323 4607
2454 2914
7633 8236
3981 4428
6838 7365
3101 3575
2045 2104
2864 3623
6093 6870
7008 7183
5999 6802
6412 7278
7901 8899
4583 5397
8272 9063
9020 9043
5900 6624
7692 8254
9471 10196
9887 10045
1731 2352
1047 1176
5651 6621
6299 7006
9568 10301
7799 8345
8847 9833
1566 2497
7231 7415
6288 6819
2162 2206
3658 3808
738 777
1290 1928
5029 5152
7660 8569
9213 10200
9618 9908
5038 5974
2988 3407
2048 2167
9557 10058
5265 5868
1806 1881
2627 3150
4301 5039
9701 10544
1728 2477
1083 1562
5071 5208
5401 6288
8779 9019
3627 4084
5304 5940
1838 2545
9242 9822
5195 5425
5367 6156
7231 7527
1425 2361
3319 3513
9796 9877
5042 5813
211 286
1944 2856
6480 6790
6377 7081
998 1558
5095 5473
8620 9583
5731 6302
7688 8677
4783 5430
5509 6301
5085 5863
4148 5040
5919 6265
5757 6538
3040 3420
1644 2506
5009 5439
9922 10172
203 913
466 1364
3098 3256
515 1083
6090 6376
5795 6573
1281 2071
1966 2838
2412 3084
1149 2006
3043 3776
2813 3103
7511 7758
2186 2824
4544 4762
4128 5084
7634 7840
7253 7442
250 885
9851 10839
5158 5887
4001 4721
7016 7367
299 897
7643 7666
3746 3860
7941 8232
3570 4199
3290 3585
9876 10817
2222 2280
3373 3837
7850 8751
2731 3289
308 431
4987 5176
1974 2247
6722 7188
1703 2094
6307 6510
7681 7840
8082 8796
4378 4732
7238 8192
2933 3853
425 1034
7802 8301
1508 2302
398 530
1716 2289
5174 5690
6699 7477
1194 1958
9820 10111
1620 2265
9307 9745
3210 3690
4580 4959
4441 5377
1869 2438
3728 3949
5637 5704
679 1026
8587 8927
2491 3174
1011 1775
6991 7292
3555 4101
253 577
6310 6598
9955 10245
6105 7020
4215 5038
899 1158
1530 2040
7307 8103
3257 4028
2031 2566
4444 5386
9478 10205
5949 6566
6328 7091
9634 10468
7269 7724
5835 6504
485 574
4671 5589
7328 8041
4168 4567
3724 3989
8850 9334
5697 6117
3819 4564
9921 10488
1605 2067
7397 8022
5703 6492
8457 9080
3317 4203
4261 4298
8699 9653
1479 2000
9743 9896
7491 7528
2410 3368
5294 5941
7047 7917
2280 2353
3383 4151
5473 6112
7609 8469
3673 3760
823 1668
3149 3465
5551 6173
733 1182
2868 3855
1347 1582
8053 8871
8321 9152
1220 1863
5022 5204
4165 4220
9023 9857
3362 3895
7280 8075
6384 7132
5351 5522
5412 6074
5781 6039
3419 4071
6363 7152
307 664
3329 4000
8217 9142
3111 3795
5528 5558
2182 3006
7965 8301
4029 4423
3303 4273
6834 7391
7139 7869
9280 9411
9827 10806
6288 6423
4048 4715
1552 1868
1725 2645
6940 7173
7360 8027
6768 6974
3335 3752
910 1514
2772 3751
3456 4372
8293 8938
6493 6543
1504 2157
9451 10147
4512 5101
5844 6533
2391 3342
802 1392
9235 9384
9860 10669
2587 3039
9920 10083
6870 7664
5496 5907
8286 8964
9382 10369
1761 1939
6372 7136
7825 8299
5756 5913
4639 5500
1010 1821
7382 7586
4002 4858
806 852
5414 5779
7256 7826
6073 6160
1568 2073
5212 6212
5172 5223
4765 5423
9301 10153
3184 3366
8873 9048
8814 9114
3653 4432
5531 6190
3121 4103
3764 3953
3928 4445
7993 8174
5371 5801
5968 6410
2950 3150
159 522
6868 7702
7247 7549
3931 4717
5528 6232
1053 1670
8285 9242
5663 6282
2702 3010
509 1402
5260 6087
3708 3918
6145 6372
6679 6902
3061 3638
2828 2843
7908 8127
2048 2698
2063 3048
9699 10380
1667 2359
1979 2404
333 813
9710 10098
8104 8496
8688 9675
3719 4359
1658 1922
2359 3013
3091 3299
5528 5836
6031 6414
6935 7709
6173 6341
8549 9283
4712 5560
3331 3444
3655 3818
1896 2371
285 1183
1767 2305
9783 10342
5246 5462
9696 10113
6750 6800
1979 2518
4573 5214
4567 5395
771 1513
7624 8530
8285 9193
2703 3587
8815 9573
671 1098
760 877
5142 5842
8603 8899
550 1249
7326 7765
4384 4726
7646 8492
1713 2681
5706 6237
4246 4957
4367 4943
7631 8134
7848 8428
9127 9581
3794 4252
3624 4417
6556 7276
2107 2932
9753 10309
7643 8194
5983 6075
4519 5302
1800 2699
5569 5908
1388 1897
8309 8427
2417 3107
9687 10679
2944 3723
9265 9917
4999 5213
8156 8895
3004 3458
5748 5915
8271 9174
6362 6677
4932 4977
2289 2704
9202 10080
5014 5783
6089 6399
1114 1682
1876 2240
8377 8554
6541 7208
9293 10051
6589 7400
6489 6973
9388 10040
5062 5093
8306 8553
7788 8362
2926 2937
2011 2324
3418 3607
6521 6645
7530 8025
4558 4795
1144 1936
3029 3298
4404 4851
5950 6772
2225 2828
9244 9531
1793 2010
4711 5488
4453 5153
4312 4415
8595 9076
9553 9806
7159 7618
7852 8303
7097 7446
1249 1633
6581 7365
8670 9343
6801 6947
9978 10172
4692 4883
6305 6677
6987 7417
3084 3317
7607 8062
5062 5259
8850 8986
9351 9464
6503 7382
3486 3949
1883 2593
9876 10140
9222 10177
1973 2456
6938 6992
1139 2036
9120 9999
1779 2396
1542 2421
5318 5568
3072 3464
4558 4841
5240 5488
1825 2034
4095 4768
9027 9909
3737 4583
1386 1744
8506 8730
2915 3256
6719 7174
3714 4302
1128 1615
4278 4537
7103 7326
5598 5904
1579 2440
2413 2454
9914 10133
2695 2931
1496 1725
6103 6640
7177 7621
4873 5625
571 644
3756 3986
4873 5427
6375 6868
6888 7611
1496 2305
2128 2316
618 1138
6669 6936
1177 1615
6562 7384
8628 9423
9464 10010
6408 6866
6204 6253
1264 1906
9707 10066
8301 8617
5951 6039
8594 8899
5981 6351
8245 8610
9903 10515
3060 3562
4071 4084
4871 4953
9177 9829
2352 2964
6009 6712
5424 6232
9200 9521
6032 6799
4099 4559
8206 8320
1901 2794
3332 3592
7678 8424
4722 5580
7817 8276
5706 6056
2952 3742
8552 8609
6661 6802
6126 6823
3504 4386
3640 4165
5118 5866
6106 6787
380 1143
6143 6193
1500 2220
6396 7106
7002 7535
633 1290
126 189
6852 6969
8788 8845
2646 2976
685 783
2637 2652
5224 5582
439 730
8656 9244
5871 6752
4164 4215
3920 4338
2367 2667
203 812
6419 6875
7727 8699
6807 7347
8384 9242
3189 3476
3525 3605
2248 3102
839 1464
9086 9296
2317 3234
5230 5627
4280 4297
207 1174
7598 7639
8666 9258
4450 5273
8810 8885
9260 10119
9034 9476
1047 1753
8773 9183
4690 4883
5068 5832
2514 2589
9887 10237
5633 6437
8323 9300
1680 2455
9989 10402
7730 8411
3510 4390
2697 3678
1187 1391
572 937
6075 6483
3361 4015
6553 6674
9678 10357
5194 5779
5313 5337
9101 9944
5061 5264
1635 1982
5131 5883
6147 6984
618 1112
8592 8917
4190 4342
5164 5566
8929 9441
178 325
6899 7512
6359 6381
844 1125
6586 7495
4295 5130
3392 4106
8331 8776
2260 2327
7345 7986
1095 1748
5223 5363
588 1408
1443 1981
8492 8940
8638 8694
2655 3369
9667 9954
731 835
1091 1891
6226 6573
598 978
379 589
7297 7714
5126 5402
7822 8307
6641 7057
2410 3003
6175 6459
6550 7305
6353 7200
1071 1824
6827 7437
7336 8001
9230 9369
1623 2519
9710 9844
3844 4440
1418 1643
6553 7508
4845 5119
399 909
9519 9930
747 785
7192 7419
9971 10051
8110 8862
1634 2522
1506 2279
739 1464
8360 8915
9702 9772
8694 9664
5631 6617
8054 8290
8973 9848
8418 8669
5846 6822
3683 3862
1628 1656
3874 3885
478 794
8666 9208
8595 9346
6443 7062
9651 9708
1923 2666
5302 5648
3465 3535
9621 10374
7982 8075
3186 3324
1362 2111
9629 10146
2485 2536
3734 4207
5185 5908
2586 3286
8662 9184
8955 9173
6099 6281
1690 1716
9861 9933
4846 5380
6397 7315
7830 8607
7174 7947
3188 3295
3292 4050
6813 7484
5031 5119
8304 8833
198 634
884 1413
9585 10418
7728 8681
9263 9932
7886 8385
2472 2789
901 1147
3513 3963
2544 3448
9137 9755
431 548
1265 1917
2549 3103
4788 5484
620 843
7766 8085
2855 3701
4070 4093
5742 6212
5631 6022
7618 8078
4891 5172
9511 10454
9757 10189
1505 1985
6198 7071
8158 9079
2457 3229
7756 8466
4893 4905
5078 5894
2198 2831
1024 1763
2494 3340
361 511
487 813
9217 10126
2783 2816
8455 9129
6376 6927
667 1185
9199 9977
6741 7083
1981 2962
4475 4852
4128 4682
5130 5669
245 571
1854 2646
4390 4538
3495 4309
969 1508
6363 6681
2172 2190
9306 9721
1588 1878
5976 6248
907 1835
9060 9165
4255 5141
6703 7076
8031 8335
8221 8973
2606 3032
558 1459
1761 2000
8289 8709
5137 5705
1531 2078
9442 9468
2125 2715
7218 7589
4707 5165
5736 6234
3941 4765
8375 9264
5916 5987
8158 9052
7321 8181
8115 8896
6296 6439
2748 2960
176 956
7524 8338
8483 8688
6912 7435
6844 6924
8637 8819
170 241
7927 8869
4131 4254
6865 7589
6935 7521
666 798
6530 6712
9022 9140
6755 7271
9853 10528
8125 8352
8901 9275
5105 5374
3122 3733
6093 6808
7518 8163
8952 9469
5333 5941
8348 9072
3376 3574
7198 7377
6228 6944
3838 4736
8846 9214
4767 5229
1600 2149
1924 2409
515 665
2496 2796
3715 4694
4879 5646
9697 10641
3909 4597
9289 9607
9584 10368
2084 2343
8664 9406
7563 8483
5547 5827
8937 9877
2896 3389
9130 10041
1112 1135
8157 8658
9366 9500
3947 4773
5759 6393
6114 6801
5960 6365
5805 6142
5104 5311
9189 9711
3493 3649
9229 9986
9778 9984
7644 7797
4242 5029
5622 6113
3453 4337
1181 2003
4843 5532
1417 1797
4499 4652
9562 10039
4824 5625
9210 9259
5071 5736
481 1146
9719 10560
5672 6395
3776 3919
3916 4018
4361 4642
9828 10200
6511 7345
5989 6334
978 1449
1103 1405
673 1077
8652 9210
3332 4082
2070 2492
5461 5547
1697 2600
9158 9174
7422 7477
5763 6420
5562 6165
2963 3146
110 730
6555 7392
3568 4381
6301 6829
7035 7615
3004 3502
7000 7994
9759 9951
9098 9361
8785 8843
3900 4605
2548 3290
9181 10041
461 507
5413 6378
1626 2258
919 1444
8277 9148
6436 6981
5064 5863
2306 2782
1127 1771
859 1214
4864 5072
7787 8112
1204 1308
8421 9240
7701 7745
4382 4821
284 786
9313 9904
9154 9446
3445 3512
1693 1808
4909 4994
4532 4625
9183 10037
4933 5723
6042 6158
1275 1667
572 1089
2588 2708
2151 2811
2803 2941
8158 8971
6101 6703
7226 8171
5959 6327
4281 5119
1762 1914
1217 1644
6790 7134
4724 5664
4995 5716
1997 2271
1942 2490
4239 4452
7893 8837
8021 8464
1190 1909
1224 1881
1149 1212
1734 1928
4199 5020
9994 10561
365 1187
5818 5969
3246 3576
250 902
1439 1950
5924 6702
9879 10112
7129 7340
9160 9549
7109 8026
7346 7780
269 912
9492 10286
8433 8689
9209 9587
2845 3296
5408 5869
7307 7784
6904 7705
7233 7872
2825 2905
6597 6859
3208 3544
6024 6844
7491 8079
6998 7730
1665 2556
2684 2763
4912 5714
585 923
7209 7770
7505 7819
9796 10772
1463 1775
3149 3501
963 1357
1944 2305
6081 6293
3997 4638
5110 5600
4432 4539
2913 3138
3242 3631
3040 3677
4834 4950
7877 7926
3694 4691
1484 1766
1080 1465
6167 6291
895 1249
7128 8106
7899 8885
360 595
3139 3880
7539 8326
3788 4284
2472 2701
6204 7171
3296 3702
9922 10812
5822 6030
2883 3325
2564 3362
9230 9307
9372 9546
3056 3434
5199 5233
6395 7349
997 1063
8616 8742
7537 7605
9813 10577
2220 2479
6670 7033
803 1267
1390 2307
3590 4555
7683 7782
4074 4171
1513 2197
395 847
2498 2749
6115 6346
8432 9020
7355 8119
7429 7451
4123 5061
6381 7038
3818 3957
7332 7418
2412 2428
2459 3108
2231 2570
6539 6847
3692 4151
6739 7308
5427 5457
4631 4754
1526 1956
1646 1825
5845 5930
5075 5833
1327 2244
6194 6950
8088 8359
7090 7505
6785 7180
1563 1728
6579 7525
6581 6891
4310 4375
6251 6391
7591 8080
1037 1507
6729 6930
1300 2187
9711 10592
7797 8559
4760 5527
583 780
7536 8278
3412 3914
5524 6332
8200 8335
7428 8372
101 543
4334 4858
4381 4652
4585 5575
8416 8933
759 852
4499 4778
4092 4635
7757 7908
9767 10700
1899 2257
9265 9776
2066 2195
8745 8960
8853 9007
5316 6251
247 860
8007 8803
7405 8056
2450 2759
384 838
616 1413
8768 9413
8727 8869
3292 3681
7102 7860
3723 4025
9842 10464
1073 1637
6321 7216
8681 9184
7868 7910
6842 7512
5906 6886
1612 2247
5164 5401
6469 6674
7700 8547
6736 7149
4885 5632
4818 5688
8388 9300
9233 9979
6612 7610
314 906
4751 5374
1482 1708
2921 2962
2823 2967
4715 4953
1252 1316
5720 6523
7730 8140
8519 9147
9899 9958
5033 5205
8272 8973
1767 1968
9750 9805
2076 2965
3569 4168
3046 3586
2606 2691
3873 4405
6743 7271
2647 2894
1241 1544
4454 5449
6872 6902
1461 2330
4263 5091
9957 10389
8101 8235
7465 7678
514 1451
5000 5313
363 947
2474 2543
8791 9363
263 724
9515 9931
7849 8310
3108 3695
9289 9544
2008 2446
7417 7517
4920 5741
3624 4358
9490 10276
2343 3144
6393 7042
6507 6983
5451 6031
9201 9738
9181 9262
9084 9242
4309 4475
6366 6520
3129 3662
178 461
6288 7117
2427 2797
4467 4674
526 602
1515 1630
1724 2646
4320 5197
3099 3965
3572 4320
7155 7490
7386 8103
5876 6608
6540 7205
4437 5141
6297 6608
6563 6687
6736 7410
8684 9629
3337 3909
175 1163
641 1362
6140 6780
3679 3747
7332 8240
348 765
7284 7879
5232 5791
7530 8004
9875 9923
165 698
4261 4827
2121 3090
4937 5409
1509 2088
375 654
7084 7213
5545 6513
1715 1736
4516 4874
2858 3737
5126 5310
7249 8030
4784 4933
3838 4070
9774 10730
2289 3019
540 597
5447 6104
253 572
9061 9361
455 751
2011 2344
3941 4707
9744 9990
4226 4267
7423 7994
8643 8989
8638 9508
1565 2422
3872 4616
5073 5246
267 795
1081 1259
6617 6665
4905 5321
6559 7168
9392 10121
5159 5183
6749 7380
9579 9605
6353 6547
2469 2551
8891 9030
3083 3815
568 1235
7098 7524
116 524
8039 8556
3067 3611
8203 8663
3947 4653
5050 5224
2243 2864
5991 6043
4828 5381
548 756
6023 6566
6855 7419
3865 4671
2476 2593
2676 3632
3771 3848
601 1541
4094 4918
7569 8381
8486 8658
1067 1745
791 1063
5678 5709
3619 3739
4781 5493
8132 8400
4537 5025
1294 1379
468 529
2294 2771
6250 6694
1336 1497
4831 4861
5112 5678
7416 8196
2070 3055
9146 9156
2312 2823
2064 2726
9814 9881
9472 9730
3495 3820
7967 8639
4185 4864
3041 3489
1279 1658
863 1290
2129 2620
2781 3431
9696 9781
8213 8223
2568 3399
8550 8902
2725 2767
6928 7007
4084 4450
5620 6300
9648 10646
4237 4882
935 1061
9458 10071
1900 2193
2206 2453
9575 10052
7477 7658
6059 6605
261 844
540 915
9064 9447
2816 3376
8695 9313
8401 8786
591 751
9250 9667
6007 6168
1190 2057
1820 2754
3373 3670
8439 8634
2542 2809
2328 3256
8491 8727
5905 6711
3531 3594
2733 3251
784 911
2870 3271
5486 6092
4854 5455
854 1399
4165 4748
275 467
9577 10410
5633 6418
3983 4428
156 429
5834 6513
1180 1987
9528 10411
1436 2412
4679 4934
8412 8754
8555 8740
2470 2515
5084 5696
8435 8795
6767 7039
4776 5645
3750 4424
5376 5564
7216 7376
1864 2069
6050 6891
2475 2949
4794 5497
1940 2266
3397 4356
2640 3326
2161 2443
5854 5892
2296 2663
2568 2898
1320 1640
6645 7599
8914 9091
5032 5537
9257 10067
9674 9710
833 1766
9979 10484
652 1115
2100 2351
7784 8660
7838 8015
9858 10776
8070 8572
4268 4694
1039 1847
291 951
7811 7850
9399 10219
9773 9973
8480 9470
8907 9040
3982 4020
6305 6557
3868 4210
5279 5662
9189 9848
7756 7923
9841 10451
7259 7800
3504 3518
9860 10842
1154 1669
489 826
4411 5349
4291 4505
8071 9071
6929 7076
2952 3689
6574 7329
3456 3826
9687 10075
2694 3508
2192 2961
7503 8396
6797 7027
8152 8283
2420 2792
4719 5602
4887 5008
5841 6816
8375 8485
2336 2623
4122 5056
5468 6355
2113 2501
3468 3841
3856 4142
2235 3085
1132 1142
2129 2813
6037 6654
5035 5640
9842 10109
729 805
7866 8240
2470 3308
3410 4060
509 605
7398 7414
7948 8848
1425 2067
3457 4267
1764 2495
2239 3120
6794 7142
8680 9134
5327 5416
1273 1302
8920 9476
8560 9346
2352 3028
4248 4317
7073 7286
6939 7820
4936 5809
6984 7930
7047 7577
6955 7402
9202 9217
8932 9528
2260 2857
6605 7422
1904 2247
7136 7725
6124 6229
4048 4780
8896 9381
1042 1575
9657 10305
7447 7763
9148 9679
9357 10275
8083 8742
5646 5674
5627 6070
3679 4313
4138 5106
4802 4957
330 754
6845 6928
6263 7149
3481 3996
1256 1280
3929 4795
8185 8776
2522 3096
8973 9481
5831 6273
5683 5788
6885 7165
3609 3756
3866 4404
6798 7032
2301 2638
3769 4100
5188 6131
8406 9213
2590 3040
4280 5036
6936 7771
8678 8851
6043 6088
1590 1600
1354 2163
4976 5706
2886 3573
7413 8110
374 750
3431 3502
6692 7605
3692 3707
4890 4931
373 756
9728 10549
7984 8153
1121 1636
2752 3010
9819 9934
2295 2752
9419 9447
7163 7443
5460 5992
7060 7937
7635 8268
6002 6148
5882 6416
8081 8362
8034 8547
8680 8737
6320 6651
8455 8523
389 1210
5753 6240
519 1186
7135 7178
6525 6925
2763 3026
2681 3521
2267 3096
5457 6342
9539 9875
6353 7320
397 1191
6606 7313
4768 5545
1983 2175
1670 1904
176 634
3833 4291
5663 6598
1688 2091
5164 6152
548 982
1492 1509
1358 1504
5137 5579
6396 7037
4013 4125
3390 4374
7891 8200
4780 4949
7809 8723
7937 8705
7731 7980
1017 1197
8859 9838
298 345
6365 7085
8645 9630
5311 6091
2671 3512
7061 8032
1025 1658
397 852
5809 6608
5754 6657
9685 10395
9487 9568
7855 8336
8599 8935
923 1781
3619 3859
9989 10125
6476 6761
9424 9835
4214 4965
2822 3599
2857 3251
6425 7246
1856 1878
7716 7875
6702 7615
4536 4598
4181 4499
2767 2916
2328 3178
814 1287
9877 10741
6412 6694
4129 4146
906 1543
5452 5841
9258 9519
4638 5484
5237 5317
6115 6667
2833 3283
1152 2082
5956 6922
4337 4770
2875 3848
4364 5134
3719 4152
5485 6394
1245 1401
1643 2373
4913 5609
9927 10055
6116 6393
8038 8435
9106 9917
9115 9373
5726 6547
3882 4450
9979 10198
3981 4535
8203 9067
8886 9145
9537 9801
2857 3324
4787 5073
3030 3527
2820 3335
5727 6163
8191 8347
8053 8841
8877 9071
7116 7151
9084 9306
3220 3814
8720 9092
8463 8730
4971 5777
937 1345
3055 4005
8220 8935
9345 9813
6891 7039
6103 6984
5030 5519
6828 7596
8746 9051
4534 5235
5123 5474
9390 10344
6434 7171
3371 3973
3534 4002
7789 7826
3047 3827
1649 2613
9912 10849
6033 6186
6201 7114
9833 10002
754 805
6331 7232
1337 2250
5640 5656
4560 4933
2803 3049
9068 9864
2106 2122
9540 9709
9291 10052
8721 8868
243 920
768 1736
2064 2587
9093 9639
3870 4822
3575 3990
1822 1979
4371 5170
2639 3303
6730 7574
1074 1938
8129 8835
6228 6976
4876 5797
8649 9064
7070 7174
8843 8880
4925 5228
5562 5574
3423 3785
2957 3899
6834 7302
4799 5657
9501 10301
9278 10195
4473 5359
4641 5377
1100 1389
7222 8216
2010 2805
725 965
3500 4372
1220 1675
3057 3699
7170 7713
2209 2432
4729 5092
9860 10543
2214 3046
1347 1544
1129 1532
6845 7427
3843 4497
5936 6894
9063 9635
3448 3711
8463 9194
1888 2777
8798 8900
3257 3488
2213 2864
7160 7293
4405 4863
5422 6205
5488 6276
8968 9287
892 1185
6613 6705
1020 1057
6337 6379
2379 3073
8457 8474
2208 2830
5016 5588
1157 1395
8194 9073
3142 3789
7325 7529
7026 7442
3860 4099
8104 8794
999 1568
4147 4319
622 1063
4290 4948
1525 2147
3319 3783
2456 2839
5755 6601
7830 8296
5322 6201
4509 5071
1295 1525
6761 7359
5130 5234
4528 5378
9501 9702
4217 4230
8630 9560
9090 9209
9080 9637
6120 6590
9265 9548
929 970
7247 8112
3605 4151
3036 3346
2555 3540
4243 5219
6167 6854
8905 9143
9272 9752
5923 6836
6461 6603
1711 2248
6747 6843
5833 6353
2183 2271
4877 5258
6051 6495
4854 5229
5311 5954
4525 4781
9477 9744
1913 2261
2713 3540
5637 5974
4128 4928
7557 8047
555 933
7750 8058
411 770
1398 1712
6860 7782
8299 8737
1812 2405
8978 9025
9607 9954
901 1039
2640 3201
8819 9747
7264 7560
6956 7453
8931 9399
8203 9023
8255 8474
4730 4882
6742 7422
321 1246
3424 4347
6451 6841
8219 9078
9367 9890
3915 4256
7911 8112
5220 5709
1059 1628
2639 2880
4982 5022
9464 10300
1879 2638
6099 7022
7682 8652
3791 4048
8389 8960
6878 7745
9771 10068
5490 5966
1297 1585
3294 3750
702 1358
1711 1989
7222 8031
6859 7408
729 764
8904 9778
4757 5721
8380 8410
9757 10669
7605 7682
8729 8876
4057 4708
6136 6697
6283 6722
1528 1549
7419 7981
8695 8886
7034 7753
3680 3901
2377 3226
9951 10334
8909 9002
7553 8163
690 1149
5288 5655
4560 4839
8743 8897
6347 7109
1909 2475
2954 3028
2454 3241
2786 3368
6328 7095
6478 6743
7475 8168
1560 2450
2361 3324
1485 1876
8684 8878
4364 4630
3135 3604
7412 7491
868 1384
2677 3408
9119 9836
8578 8598
6954 7136
9422 9704
3698 3834
6900 7434
8991 9498
3296 4161
2634 2678
5609 6563
9627 10546
7680 8465
8032 8514
1670 1866
1474 1984
346 1149
5119 5788
2175 2581
4290 4894
8558 9351
9146 9685
3996 4877
3226 3425
9017 9737
3698 4262
8688 9278
1892 2719
5482 5801
1035 1694
589 1268
3720 4705
6832 7550
2455 2747
324 985
9056 10008
3468 3988
9851 10451
966 1588
8233 8659
3588 3993
182 871
5416 6237
3368 3600
9848 10752
8359 9324
3528 3845
1520 2453
4177 5094
7419 7923
6236 6904
2663 2809
4890 5536
1284 2246
8047 8503
9577 9721
517 769
3340 3352
7327 7727
8353 8448
3764 4068
1995 2867
2470 3022
9427 10125
6502 6707
9142 9336
9526 9786
3581 4255
6961 7121
7712 7740
8988 9311
2611 2926
7122 7514
1005 1219
5589 5941
5365 5376
9108 9225
383 1307
1407 2268
1217 1343
7460 7544
3807 4334
8159 8541
7901 8347
9202 9581
6814 7029
9635 10089
2546 2846
4014 4330
4939 4950
5782 5882
2296 3191
9488 9820
9868 10336
3893 4272
6242 6330
2220 2783
8996 9556
8608 9454
8696 9358
780 792
1493 1868
9107 10102
4595 4927
2245 2300
351 408
2111 2345
8090 8304
3846 4310
7863 8649
2859 3228
2224 2844
3768 4121
1620 1887
6334 6726
4721 5169
1946 2716
2246 2414
3724 4295
1764 2049
459 1035
501 549
9624 9791
5581 6126
7112 7573
6208 6333
7431 7472
6103 7045
2429 3405
9897 10811
1608 2180
4790 5293
4963 5148
6609 7081
8200 8314
2430 3245
2523 2971
1197 1989
536 759
899 1886
8173 8628
8796 8919
2979 3499
7289 7619
9106 9288
1082 1128
9011 9989
665 1608
5765 6699
5885 6837
4473 5140
7909 8836
1793 1825
4670 5463
7271 7990
8311 8659
2056 2317
7491 7932
7978 8373
8838 9156
9007 9776
7961 8779
8266 9029
6797 7205
7829 8463
4836 5021
8575 8821
837 1370
5456 5535
4144 4806
1809 2582
4564 4956
2707 2870
4878 4930
8221 9211
9746 10329
908 1267
2661 3545
1542 1782
8199 8332
7988 8666
1553 1781
1071 1764
4119 4824
9949 10338
5280 6197
5855 6855
120 986
4034 4214
4072 4128
1330 2206
7762 8474
1382 1909
804 1356
2238 2311
6612 7334
776 1670
174 796
635 1127
2907 3530
1442 1711
7284 7351
5513 5649
9912 10107
8883 9705
6926 7247
8164 8622
7943 8789
3396 4336
2550 2981
9476 9909
6427 7145
2054 2575
986 1449
8740 9574
4026 4304
2066 2835
3620 4542
2964 3575
3321 3852
5131 5729
9458 10387
4939 5447
759 1349
9104 10062
7960 8116
6372 7124
5480 6257
220 475
2523 2887
3018 3852
1768 2382
278 712
9170 9317
9672 9790
8133 8627
3120 3631
2418 2914
2154 2882
9468 10037
7312 7934
4845 4901
2698 3448
2519 3095
8203 8550
6249 6602
2481 2732
4274 4981
9014 9670
6190 6288
7700 8198
3647 3819
2393 3133
1755 2124
4796 5727
1658 1948
4182 4682
3071 3124
5660 6246
1519 1929
8567 9535
9635 9655
426 1401
3733 3842
2518 3426
7426 7522
6693 6863
9408 9714
8987 9126
1561 1619
228 800
8075 8741
4355 4694
2844 3566
8518 8995
2212 2949
4956 5104
3417 3529
9425 10300
8904 9186
2685 3278
5417 6163
1293 1337
5954 6245
7900 8124
5305 5947
8131 8653
1244 1566
6916 7819
6319 6799
3280 3440
4633 5226
7460 8018
7709 8101
4580 4889
3806 4476
8778 9149
6167 6838
6099 6146
3533 4428
8016 8445
9163 9281
3879 4819
5598 6507
1879 2362
4003 4030
3704 3852
3730 4165
7379 7671
2208 2887
3185 3353
7268 7822
2764 3100
4217 4431
239 907
4884 5159
6162 6480
9664 9763
7362 7717
4809 5208
2794 3616
3119 3159
8750 9345
8270 8976
2642 2726
262 810
8641 9355
3610 3904
7654 8338
5790 6015
9425 10103
676 712
2199 2501
4432 4761
3700 4211
1804 2185
8449 9159
4791 5485
3444 4185
7727 8479
3154 3421
8787 9779
7155 7278
5521 5992
3710 4585
5522 5740
2498 3371
8032 8844
1948 2045
4943 5483
5651 6249
3244 3446
6878 7163
3454 4383
2419 2722
1488 2244
6792 7024
6964 7035
8478 8860
4589 4892
4817 5376
1312 1896
5307 5853
9245 9281
5260 5763
4629 5084
2002 2109
8849 9044
6445 7438
9855 9971
4583 5303
7110 7995
5710 6430
9299 9342
1444 2331
5161 5651
6679 6885
6350 6610
3560 4211
6267 7096
830 1584
483 1183
2785 3394
1970 2808
8195 8258
4719 5083
7152 7198
3951 4460
1781 2393
9528 10448
1073 1119
9250 10184
8286 8864
2969 3305
6928 7893
5661 6001
4261 5146
1046 1180
3083 3460
6585 6771
6629 7358
842 1752
1813 2655
6365 6703
8117 8737
3150 3770
4894 5511
5509 6351
7836 8557
9841 10294
400 1329
4480 4638
8957 9771
949 1776
5950 6266
1334 1458
4271 4351
8563 8699
5788 6763
4339 5037
2230 2937
1006 1777
3060 3904
9428 9967
636 1126
2301 2752
7423 8049
4227 4436
4393 5253
8567 9159
4039 4181
4769 5473
8771 8958
8104 8118
4616 4895
2853 3671
634 1103
6416 6688
535 1534
972 982
8981 9520
8182 8337
1265 1750
6258 6996
9632 10232
5695 5944
7027 7524
195 669
5838 6120
9143 9836
4682 5603
4960 5575
1416 2177
9845 10105
1479 1927
6108 6383
3140 3661
242 1220
6110 7038
4468 5229
1993 2223
721 1655
6094 6427
338 944
8590 8893
6428 6647
5623 5844
3558 3786
1158 1601
3934 4869
3919 4877
1525 2292
3649 3745
8448 8787
6656 7438
2035 2514
8146 8786
587 788
7574 8521
9529 10261
4950 5316
8971 9359
866 1417
8188 9061
3660 4635
2279 2500
9170 9256
4353 5135
6676 6916
7469 7788
2793 2928
9635 9959
7246 7532
8024 8073
2389 2438
1776 2047
3782 4197
8543 9085
6394 7390
2984 3651
8477 8883
4223 4644
8828 9381
7094 7512
1298 1807
9673 10553
9218 9233
9597 9674
130 349
4401 4671
8239 8260
6542 6764
4870 5193
7718 8028
7326 7748
6481 6728
3597 3680
1078 2015
4655 5279
3179 3906
1143 1194
6488 6635
9602 10023
8804 8919
8362 8979
5779 6695
6405 6706
5799 6602
1649 2048
6269 6431
2605 3029
8626 8715
8276 8437
698 786
4471 5027
411 450
2225 2376
880 1041
6171 6866
7346 7606
7814 7891
3888 4434
6729 6833
8842 8963
2112 2550
786 1638
1179 1237
9287 9751
4463 5002
1243 2071
5990 6318
505 524
4968 5953
5603 6393
1808 2040
8337 8842
5711 5824
8386 9386
3117 3365
4432 5297
366 1307
8034 8223
177 526
4053 4217
4286 4890
5252 6120
9752 10251
2885 3273
5640 6067
7975 8604
7774 8379
7907 7961
279 972
8387 9110
9784 10169
7260 7994
1666 1677
1534 1749
1095 1598
1774 2398
1662 2168
9175 10037
1494 2266
7556 8176
8638 9582
8653 9085
1906 2488
3543 3875
7789 8764
2581 3169
1191 1568
4507 4654
433 1233
172 820
2410 2713
1165 2164
7407 8157
4587 4651
2011 2563
7446 8220
1535 1967
815 1002
6048 6493
911 1019
575 1483
2718 2994
485 795
2490 2813
6659 6900
9669 10043
7082 7245
6953 7730
9650 10185
6745 7572
5764 6173
5746 5874
5510 6415
3573 4211
1571 1702
3999 4965
9911 10029
4959 5321
6715 7495
8746 9664
6759 6891
2728 3015
2405 3187
6182 6565
6827 7672
5478 5542
4004 4181
2761 3410
1342 2208
6038 6135
473 1264
6406 7018
2877 2969
4750 5183
3602 4362
9747 10164
930 1131
5123 6036
6913 7054
2673 2940
2916 3049
3530 3872
5413 5888
6962 7598
650 831
9997 10537
4709 5420
1365 2210
3303 3804
6858 7699
4913 5318
6227 7007
3908 4156
9603 10310
2542 2746
3992 4882
2125 2317
3635 4379
7295 7711
8950 9737
1977 2313
7313 7734
9225 9903
3510 4449
6436 6552
3927 4258
2112 2572
2238 2765
2264 2653
4925 5110
8229 8920
2104 2767
688 1270
2250 2998
9097 9442
5466 6138
6235 6347
1655 2439
5456 5555
6106 6735
1165 1494
5247 6243
3357 3857
6450 7135
5430 5896
8304 8994
5470 5669
6839 7821
7953 8329
6934 7007
8868 9704
3428 3865
4018 4676
2489 3051
2220 2646
2909 3566
8617 8685
7350 8177
1896 2563
2659 3576
3453 4444
8077 8428
4172 4250
8987 9155
7059 7384
834 1739
4965 5032
8636 9614
1568 2448
3354 3751
7597 7834
3428 3585
9867 10048
6426 6650
7889 8199
5235 6042
7872 8364
6803 7179
6453 7428
8495 8919
5258 6036
4559 4599
7769 8095
6628 6871
9894 10580
1294 1578
2829 3346
9210 9934
1558 2489
4479 4657
8260 9046
9718 10380
5494 6223
9713 10374
8203 9109
9038 9396
1050 1480
8749 8824
2858 3640
9783 10048
4131 5000
5337 6268
3815 4702
5530 6103
9596 10185
3404 4183
3545 4391
288 762
4336 4612
4360 5225
8008 8865
3671 3763
8251 8647
6669 6790
3171 3319
3523 4295
4427 5406
6583 7198
5128 6074
2150 2850
7787 8402
6988 7878
9904 10709
7430 7689
5103 6011
8338 9066
6979 7666
7770 7943
2735 3612
8075 8700
5860 6517
8052 8132
6844 7652
7559 7781
6125 6587
4860 5310
8099 8473
3316 3705
5185 5458
2904 3809
4766 4794
4114 4550
2218 3103
6688 7514
9654 10339
3993 4489
2005 2058
7848 8390
8095 8414
8302 8928
961 1458
1862 2785
6898 7292
2448 3205
4975 5934
8269 8481
1813 2226
7903 8102
2772 2876
5469 5535
7039 7197
8787 9367
7600 8320
3747 4486
1736 2199
2660 3110
983 1759
402 495
620 1292
7360 7468
3971 4678
165 957
1788 1951
5055 5668
1204 1705
8664 8892
9989 10102
7556 8522
6481 7041
4173 4358
9147 10116
4368 5364
4288 4510
3711 4165
6184 6579
8399 8789
4231 4361
4395 4981
9913 10804
9654 9770
5575 5681
6136 6426
7326 7749
7104 7628
6045 6924
5288 6049
3237 3454
1587 1807
8029 8258
6398 6519
1904 2507
4108 4403
9601 9996
7566 8419
6415 6560
3096 3969
4675 5555
3130 3728
6775 7124
7577 7626
1484 1931
669 1454
371 664
4998 5253
166 954
3475 4273
9973 10383
6199 6246
4268 4931
478 1333
8599 8818
3965 4231
9328 9460
8323 8411
4817 5349
5935 6321
9924 10663
3309 3862
2939 3775
2726 2885
1406 1919
9866 10173
4043 4811
4455 5276
2280 2526
2075 2486
4722 5557
6835 7719
6865 7609
720 1210
9650 10065
2313 3254
8041 8732
2032 2100
6974 7740
5597 5958
3022 3831
5494 6284
1141 1630
6007 6267
8743 9209
8092 9024
8941 9185
1720 2205
8747 8835
4550 5505
1194 1559
3868 4861
9401 9630
3251 3950
4565 5426
9236 9673
1706 2530
387 632
4928 5327
8413 8599
3024 3453
2442 3299
4160 5079
2386 2671
8839 9063
8777 9356
1087 1554
1882 1915
4075 4428
7963 7989
398 1381
9243 9932
871 1052
2665 2745
4477 4644
8872 9557
1736 2726
6747 7264
7745 8109
1988 2569
9367 10359
8568 8990
528 572
6405 6655
926 1182
536 772
4521 5144
2172 2961
3045 3255
8251 8643
9541 10207
818 1434
5671 6393
9311 9469
2372 2829
5712 5924
586 1560
2584 3276
2842 3252
9961 10111
1848 2444
1741 2537
5177 5778
2001 2963
9063 9917
6817 7284
3259 4213
9088 9108
224 483
7575 7906
4497 4531
3082 3678
7364 7579
170 1028
9517 9885
618 1430
2122 2596
7829 8393
9489 10091
8297 9111
1885 2597
5443 5684
9329 10294
6249 6699
6620 6705
3605 4026
3312 3595
5235 6003
7050 7528
3034 3221
7335 7671
4236 4272
4464 5000
5327 5389
5468 6264
8429 8877
7540 7735
5435 6413
1122 1218
9742 10640
5465 6061
7111 7657
7422 8092
7596 7673
5413 5850
699 968
7983 8826
1041 1902
9647 9911
6103 6806
8838 8927
9446 10369
651 1149
6886 7431
2558 2680
9362 9795
7398 8336
794 1741
3195 3708
2258 2831
6382 7381
5875 6649
2283 3092
7135 7186
865 1789
7920 8441
1366 2341
9844 10765
705 1381
409 1010
7568 7578
4526 4667
4914 5295
8519 9110
148 467
2545 2943
3640 3855
316 782
5057 5743
5685 6500
7486 7954
375 640
7034 7834
4433 5239
3724 4040
4775 5569
7816 8371
2032 2949
986 1587
6397 6716
5345 5998
4296 5197
7573 7706
6868 7851
2415 2747
1775 2736
302 637
2504 3064
9528 10344
5220 6164
9764 10462
5359 5669
9091 10024
499 1486
3306 3458
5242 5499
8278 8553
7955 8283
2421 2677
989 1488
8776 9765
9746 9972
9546 9846
7645 8537
2843 2939
6258 6362
3752 4062
3354 4166
4355 4365
1677 2566
9247 10247
634 1540
8153 8232
9127 9918
9944 10901
2428 2719
3852 4446
6090 7089
3870 4735
4717 5665
2262 2287
104 195
4232 4249
7862 7903
9084 9258
6417 7086
5411 6102
124 465
2600 2686
2203 3093
7729 8658
9352 10097
3091 3449
9723 10714
5680 6549
331 790
2054 2442
452 1073
2014 2768
3082 3444
9792 10282
4995 5827
4464 5105
7989 8423
4626 5065
2639 3369
5114 5225
7375 7628
2957 3308
6781 7484
8165 8752
4215 4850
5546 6381
1038 1730
9466 10445
9022 9405
6107 7063
5870 6715
6542 6959
5162 5526
706 1577
7189 7725
7210 7922
8957 9561
9818 9962
5230 5829
1589 2300
1764 2028
2396 2589
2944 3685
6693 7498
545 1105
5586 5895
7181 8179
5629 5763
3154 3941
9634 10314
6535 6790
4510 5111
8466 9121
773 840
7612 8556
7011 7541
4537 4567
3339 4200
8560 8722
7556 8362
2954 3700
4871 5263
797 1788
4481 5132
1320 1766
8476 8556
6519 7339
4573 5273
8756 9516
8120 8956
7098 7357
9538 10314
5042 5608
5893 6815
4896 5766
393 753
8264 8878
8419 9414
4908 5078
6882 7000
4902 5199
7588 8282
5380 5613
8046 8708
7667 7856
1425 2142
1178 1833
8023 8747
647 829
9442 10016
770 837
3238 3902
7292 7841
3861 3943
5738 5979
8217 8442
2063 2156
2139 2574
2835 3157
1762 2405
7761 8753
352 894
3054 3928
3404 3922
7807 8133
4964 5234
2451 2981
5772 5949
7080 7116
6779 6971
1011 1300
9116 9771
5774 6162
6206 7122
1470 2091
2177 2685
6636 7101
2791 3665
6930 7547
2427 3267
5703 6005
7874 7973
3535 4057
7403 8219
5482 5976
4137 4677
9222 9263
9764 10580
3739 4276
3000 3659
4166 4945
4092 4661
9871 10606
9459 9788
8135 8672
3048 3738
3542 4108
5185 5564
5367 6315
1337 2119
4276 5053
1155 1624
7686 7939
2113 2198
6123 6319
1725 2271
7056 7894
5472 5729
2712 3630
9646 9760
5137 5412
7954 8771
9748 9918
1122 1984
900 1016
2371 2453
4648 5105
9042 9390
2804 3240
5316 5984
5802 6606
5270 6266
6265 6724
110 905
1202 1402
7722 8650
1902 2085
5174 5709
5078 5525
6317 6989
6629 7568
1918 2574
2447 2990
973 1941
8507 8731
4888 5596
6403 6701
6622 7535
6669 7565
6943 7219
155 826
8614 9559
4623 5535
4541 4989
4894 5857
7735 8662
2760 3203
492 1061
2336 2769
8431 9123
6819 7057
7716 8315
5892 6088
6927 7039
1986 2507
9578 10223
4523 5482
4937 5740
9184 9582
9925 10068
426 1344
563 721
1905 1927
9027 9368
7999 8705
4760 5650
3810 4471
6945 7088
3075 3590
5838 6738
3568 3991
8675 9197
5040 5267
4401 4627
6087 6314
2708 2786
1975 2755
2703 2974
5614 5726
9772 10583
7213 7715
2048 2137
2160 2751
8721 9600
4247 4803
8453 9168
5224 5463
7048 7290
1700 1884
7265 7971
1858 2705
773 1658
1432 2354
4593 4751
7548 7985
4089 5065
9877 10794
3735 3802
2587 2742
259 569
5639 5739
6177 6899
5084 5850
861 1643
3690 3951
3108 3381
7954 8434
3801 4416
5824 5868
1489 1935
8185 8695
2582 3307
6932 7366
521 800
6695 7005
3008 3374
4735 5345
407 807
6580 7361
4496 5219
3496 3851
3462 4022
6986 7236
8866 9168
3917 4786
3678 4523
8479 9067
1028 1271
5772 6099
4138 4267
9012 9218
7075 7156
338 1120
8989 9350
3771 4232
996 1061
205 284
2114 2454
6062 6353
7666 8580
1558 1694
8117 9100
9957 10613
479 1330
6894 7305
3989 4614
9339 9650
8508 8648
4478 4579
4273 4423
5064 5164
9645 10508
5695 6095
6301 6585
5160 5551
8791 9268
1428 1925
8046 8997
9566 10215
3210 3524
8745 9402
9305 10144
5379 5901
4576 5414
6839 7641
5588 6537
717 1567
6202 6297
5432 6180
9146 10018
3046 3585
844 1741
5922 6853
5768 5859
2510 3110
8619 9154
7255 7731
8438 8824
415 508
3174 3933
4342 5312
1210 2006
1309 2147
1703 2590
2129 2643
6728 7619
9894 9926
7331 8195
5058 5280
3436 3891
3666 3914
3361 3960
4023 4039
3782 4129
7788 8047
3939 4765
3431 3965
2897 3472
8857 9001
8175 8329
1622 1721
4123 4442
1331 2076
1177 1473
1517 2184
5969 6919
4604 4715
6975 7620
5526 5847
9430 10003
1701 1745
7269 8154
6873 7736
4551 4718
6065 6419
4808 5631
4014 4434
5542 6483
758 1422
6691 7399
7692 7911
9995 10496
7219 8200
6472 6727
2921 2969
3882 4379
180 917
4493 4745
8049 8180
719 1402
7981 8786
8036 8151
1911 2811
7292 7676
1242 1886
4106 4585
459 1151
4602 4709
2133 2280
2983 3324
4576 4880
4577 5356
4857 5180
9429 9581
2234 3202
4706 5588
6573 7005
260 725
4458 5280
6441 7060
2262 2554
6855 7045
174 779
5987 6427
922 1537
1660 2263
2383 3304
1059 1407
9289 9862
211 961
8261 9214
1962 2911
7464 7636
5670 6106
1978 2497
3443 3638
5344 6054
4261 4629
1768 2056
186 850
744 1630
9212 9766
5648 5886
6274 7206
1777 2281
5083 6062
5124 6090
2722 3145
3400 4098
3546 3868
672 1665
7773 7829
8286 8706
8723 9353
3104 3384
6250 6382
8785 9082
2542 2628
6022 6212
8741 9527
1457 1909
7723 8257
7710 7915
9548 10523
9805 10170
8541 8986
5176 5617
2637 3635
2939 3269
8251 8944
8604 9358
5013 5039
1567 2425
8825 9657
1032 1781
7286 7336
6852 7153
7451 8153
7272 8120
3245 3407
3981 4370
4010 4305
9157 10116
6856 7250
4585 5122
2125 2413
7212 7580
4265 4742
2243 2718
9843 10033
4527 5300
650 756
1554 1837
1448 2036
7893 8888
4130 4353
9548 10297
5073 5587
6127 6265
7765 7994
4925 5080
9718 9736
7312 8292
8898 9172
1305 1592
4963 5033
5564 5745
1682 2599
7769 7918
5506 5555
4441 4814
4943 5370
6162 6818
9880 10399
5753 6249
5032 5109
5601 6523
5244 5950
1110 1582
8027 8166
2966 3543
6362 6651
4900 5784
2707 3159
2362 3029
4990 5792
4958 5654
9450 10433
2837 3057
8074 8391
5036 5806
6128 6743
8653 8729
4943 5858
879 1167
4234 4951
2743 3453
9265 10207
3495 3922
7501 7915
6260 7188
7394 7565
2299 2911
951 1055
9902 10173
9908 10444
5941 6162
2249 2347
394 1021
3323 4171
9513 10175
3636 3789
7041 8010
4725 5117
9987 10579
3598 4352
7746 8582
9364 10004
1941 2461
1695 1998
9314 9474
9766 10583
5093 5132
3536 3829
1631 2498
2503 3426
8416 9071
634 1077
4958 5882
8830 8935
882 1197
638 1040
6539 7426
6663 7182
8094 8282
128 1047
7892 8784
9479 10347
4788 5061
9577 9660
4579 4845
4195 4521
7444 7546
6688 6718
7600 7829
4250 4799
3463 3663
1798 2709
5538 6188
595 949
2469 3102
4762 5052
6903 7030
5861 6400
3577 3683
1698 2606
288 363
3718 4382
2007 2542
6021 6536
9516 9651
5269 5717
1846 2759
3573 4044
1064 1902
5621 6432
4276 4695
7493 7959
2287 2853
6548 6712
8878 9476
6463 6745
9247 9933
5769 6622
268 806
5861 6255
9802 10619
978 1708
3092 3378
5992 6466
7905 8217
3560 3766
8295 8590
449 1429
6893 6941
4469 4536
7451 8012
4065 4421
5040 5521
8415 9261
1087 1534
2547 3542
3626 4080
3074 3153
8976 9303
7749 8172
2932 3623
909 1252
3139 3324
1575 2057
5938 6596
3576 3868
8891 9334
4366 4996
7882 8161
1813 2253
3033 3366
984 1400
1363 2179
1793 2563
7325 7442
1461 2346
4966 5863
6274 7156
9271 9996
3196 3805
5847 5996
9788 10500
5104 5917
382 588
7392 7535
5835 6166
3632 4188
6079 6954
3489 4478
7034 7222
2227 2365
5126 5923
1015 1611
4206 5154
8450 9123
7711 7849
9429 10094
6847 7178
2258 2558
7677 8052
6472 6696
8369 9077
9251 9864
7917 8423
3545 3740
4588 5123
1430 1484
6041 6878
7480 7914
6423 6799
5869 6541
9457 9751
9654 9664
8200 8955
4145 4594
174 322
2276 2652
6098 6797
5189 5989
8333 9195
6744 7662
4830 5295
7549 8178
5201 6099
1965 2289
728 1299
194 205
5031 5980
747 1268
262 607
5783 6617
7860 8773
1766 2223
5267 6066
279 334
7802 7922
3485 3716
8044 8384
950 1511
2001 2435
2866 3627
7817 8716
7576 8364
8948 9541
9160 9805
2330 2526
3983 4537
7603 8113
2558 2686
1626 2042
2548 2975
3610 4061
8558 8972
5112 5373
5819 6523
6139 6599
9179 9866
5641 6574
6917 7155
7125 7938
1801 2027
9964 10872
1766 1803
2246 3164
3413 4227
7289 8123
8345 8625
1320 1729
1506 2095
3912 4326
4208 4839
1022 1626
8007 8272
8526 9450
9312 9691
9821 10814
9800 9972
4159 4442
6160 6885
2540 3113
5461 6281
336 1069
6297 6632
5213 5955
1451 1740
6283 6433
3535 3721
3392 3736
6835 7124
3459 4005
6461 6666
2063 2650
5769 5780
2276 3014
770 874
4430 4459
7028 7728
3011 3272
5772 6605
5667 6381
7303 7868
8517 9506
5324 5345
5994 6979
9067 9755
7080 7556
9193 9717
8438 8520
3013 3679
2275 2502
1147 1519
9397 10132
1684 2416
4864 5053
374 1042
6794 7351
9442 9781
6678 7580
6348 7075
1298 1524
7582 7882
5070 5943
5581 5611
3902 4237
4663 4879
2174 2516
7756 8067
607 1210
1885 2461
9589 9961
508 1296
9663 10333
2369 3236
5115 6010
1619 1732
6952 7137
4273 4676
2104 2725
5828 6054
4132 4517
4077 4697
2122 2412
3773 3945
2966 3652
6319 6911
6717 7143
6770 7707
5316 5754
4346 4607
6209 6439
6427 7194
4218 4777
6473 6602
1825 1984
5628 5653
3215 4203
625 1404
3206 3461
3604 3679
981 1548
1984 2952
3759 3842
7245 7743
262 467
8215 9127
2775 2855
6742 7193
9996 10129
3855 4731
1123 1149
3724 3941
6351 6601
6816 7116
134 1092
8166 8480
3937 4494
844 938
2707 2997
9523 10245
6317 6496
651 1128
3703 4353
6180 6402
1942 2613
5053 5477
3991 4628
1882 1963
6250 6309
5000 5609
2079 2778
533 933
2104 2176
1512 1843
5207 5360
4571 4607
3052 3396
7841 8223
4018 4258
3597 4020
9797 10700
2910 3109
9906 10132
4971 5053
2892 3458
1500 1697
8363 8617
7787 8118
2638 2899
1492 1619
8736 8871
5698 5952
6424 7283
7208 7525
9324 9676
7855 8807
8247 9130
7098 7173
6920 7650
8401 8666
7910 8049
9244 9497
4215 5046
5242 5759
9087 9842
688 1485
9576 10461
4625 4960
7097 8074
474 488
1964 2545
5631 6457
3034 3630
9941 10025
7793 8283
2265 3007
1502 1844
2960 3399
9468 10098
8800 9344
1187 1459
5817 6271
1690 1911
4339 5153
2038 2626
5279 5580
6717 7437
6010 6839
8936 9214
8494 9330
7097 7148
4718 4878
4603 5036
6898 7060
8555 9523
3466 4192
969 1100
2896 3743
6229 7106
7932 8827
8952 9464
5023 5258
6122 7112
9570 10306
5329 6326
9324 9564
1749 2587
5072 5919
1414 2139
8044 8975
8271 8746
7539 7827
6672 7058
1646 2580
8241 8711
6445 7292
3867 4840
2801 3122
5414 5593
4427 5040
9390 9734
8983 9693
2913 3857
302 495
2175 2320
3947 4694
4639 5066
8780 8955
2834 3190
7084 7729
9321 10039
7761 8018
6351 6602
5682 5845
470 590
4086 4605
8552 8913
167 910
6960 7836
2868 3540
5210 5230
2273 3241
1795 1857
2363 3035
8718 9460
8854 9356
410 807
6563 7407
1744 2220
6998 7550
6528 7332
2913 3114
3793 4305
6397 6947
2711 2960
2130 2292
534 1123
9926 10607
9388 9749
3841 4036
7358 8209
9917 10086
8842 8889
4877 5141
5923 6489
3798 4283
7505 7809
4127 4308
2297 3197
1911 2196
2791 3035
386 743
7623 7848
5858 6610
3303 3331
185 1165
9664 10453
3931 4861
6187 6572
642 1562
3487 3892
5992 6158
9789 10342
351 825
3836 3971
2639 3282
9793 9830
5732 6073
4434 4540
9638 9727
4798 5768
9557 10047
5544 5622
2232 2515
8300 8697
935 1056
1494 1560
4271 4987
5961 6479
6467 6689
4314 4727
5816 6151
5763 6058
1934 2300
5616 5719
3271 3706
3624 3988
1852 2729
835 1133
2988 3656
1300 2123
2364 2597
8827 9083
4362 4412
9342 10049
8505 8604
847 1769
6026 6194
4483 4765
2941 3678
3645 4279
4583 5573
1697 2375
4736 5728
1241 2098
5214 6135
3932 3950
2905 3232
4170 4254
9997 10645
4122 4859
7763 8012
5629 6280
9488 10058
4773 5146
3553 3983
7244 8085
9331 9369
2959 3884
1579 1701
3819 4349
7251 8160
1004 1644
9011 9832
8247 9212
8498 8609
6286 7247
2118 2867
6268 6775
540 1373
9875 10559
7344 7449
2838 3543
4298 4671
7186 7948
4094 4302
9195 9352
1260 1976
2426 2842
6934 7259
4650 4901
8726 9228
6916 7238
2085 2457
538 1038
4176 4899
773 1554
9526 9694
4290 4551
8959 9607
3911 4393
2603 2721
6315 6626
754 839
1355 1965
8441 8910
7018 7260
5044 5433
3538 3741
7380 7800
340 730
2963 3667
680 1313
725 1425
7942 8248
4337 4752
6212 6499
1976 2704
8686 9040
6816 7486
3882 3907
9093 9780
2546 2635
6075 6678
1038 1062
4941 5158
6533 7359
7488 8214
7044 7634
8214 8933
6087 6452
8402 9294
9646 10271
3228 4036
7302 7877
5280 5473
9577 10192
7556 7617
1904 2701
4385 5072
4796 5695
6543 7139
4974 5654
3060 3436
3644 4443
4568 5184
365 616
9286 9660
4847 5587
9252 9896
3202 3404
5198 6198
607 1040
7575 8077
7762 8038
1289 1771
2541 3503
9306 9431
7584 7631
5575 6260
4504 4648
8139 9029
7329 8160
792 1614
7146 7324
5729 6089
8921 9775
1974 2560
1606 2246
8056 8363
656 730
2327 3252
2786 3199
5209 5256
7420 8192
976 1036
8471 9192
3229 3425
2075 2872
9291 9736
7831 8695
4573 5547
1881 2483
9976 10838
3899 4824
6563 7352
1647 2623
5892 6251
394 930
6670 7652
4204 5072
8603 9431
8338 8544
1359 2320
5550 6425
1558 2267
3975 4601
7795 7883
7765 8599
866 1735
6337 6930
9583 10437
8382 8681
7967 8156
8273 8874
1931 2625
3801 4385
8332 8603
9608 9642
8133 8897
4523 4998
1994 2556
6142 6923
4388 4691
8611 8746
7075 7794
689 1442
7673 7740
2099 2778
8273 9061
9332 9386
8639 9221
4772 5079
6054 6974
807 1051
5037 5633
6601 7538
1461 1664
9881 10351
3248 3609
4336 4913
2931 3021
5657 6209
9982 10174
3889 4579
9397 9747
5870 6856
9600 10202
915 1414
4320 4943
7416 7975
7590 8121
745 1347
233 725
9200 9964
1682 2072
4632 4848
6979 7419
1003 1655
652 773
7879 8593
7934 8220
3160 3912
584 1577
2508 3347
3723 4479
4306 4768
8841 9451
9202 9459
2986 3267
9472 10367
3348 3650
7211 7649
1094 2040
4954 5352
2963 3618
5339 5505
5633 6105
9651 9810
8310 8633
9179 9755
5804 6326
9742 9854
4531 4633
8311 8687
8955 9548
5340 6249
106 1079
5464 5904
1059 1999
5950 6445
2491 2596
4535 4608
2899 3303
7132 7896
8698 9410
7076 7979
4497 4636
2156 3033
7433 7793
7298 8281
6847 7674
4569 5270
4191 4249
3919 4881
757 1631
9591 9928
3096 3471
2146 2542
521 1481
1617 2133
310 826
9104 9376
6526 7264
6287 7092
9281 9870
1177 1826
9224 9418
1336 2034
9258 9436
6434 7190
5471 5624
8869 9660
6239 6982
7372 8239
3821 4776
4114 4141
5010 5328
5294 5540
396 1135
2896 3885
4847 5288
7898 7979
4951 5468
343 769
7887 8174
8944 9408
5194 5622
515 1376
8305 9286
2445 3092
4131 4652
9856 10750
8982 9322
6012 6410
888 1307
2246 2978
5743 6158
1743 2087
7546 7712
7321 7451
3990 4905
789 1328
4580 5189
8518 8842
7811 8249
5515 5842
9001 9512
1093 2001
2988 3201
1712 2645
6392 7188
3748 4337
3120 3737
371 1114
1709 2354
5210 5815
3548 3938
6859 7675
5833 6282
6348 7144
9383 9798
4132 5013
2918 3704
7438 8415
7353 7817
410 1277
6571 6971
1117 1578
2056 2235
9933 10555
5780 6137
3338 3531
6255 6916
6072 6305
6797 7298
4301 5294
1263 1742
8235 8308
4221 4492
8323 8353
7285 8015
4157 4654
2053 2677
9159 9254
7228 7377
1822 2293
9659 9885
1926 2711
8211 8732
4748 5671
4830 4969
2466 2570
8800 8996
3980 4267
8358 8532
7887 8221
4064 4109
6631 6958
2363 2860
984 1893
7267 7786
307 1273
7218 8010
5089 5540
8346 9335
5249 6026
2602 3363
160 969
3037 3509
5924 6290
8282 9217
9368 10101
7013 7760
5735 5987
2313 2820
7729 8181
6686 7524
2572 3245
1080 1479
6494 6574
8101 8744
2177 2554
3485 3947
4982 5678
7526 8000
3356 3384
462 1089
5094 5161
6855 6955
9108 9782
6045 6635
4816 5243
8460 9222
8364 8929
3297 3414
7642 7767
2649 3463
9358 9924
3606 3769
2186 2262
7912 7944
3171 3917
5738 6001
7433 7858
2902 3250
881 1414
4751 5623
9847 10787
4595 4776
5612 6241
5719 6095
4258 5003
3954 4326
4057 4288
9539 10516
2358 2734
311 975
7470 8459
5080 5221
9734 9754
5556 6049
8818 9710
4492 5192
532 894
4120 4650
4092 4649
9607 10096
8394 9153
1147 1812
2793 3397
8842 9689
992 1415
3629 4207
8208 8683
4184 4985
2253 2881
9845 10821
644 992
9531 10465
7298 7841
4502 4877
5030 5864
8067 8526
7901 8437
9488 10419
4663 4685
6745 6973
6116 6814
2326 2866
4661 5530
6788 7788
2120 3062
1577 2037
6315 6418
5822 6461
616 763
1714 2539
5222 5567
9032 9088
6370 6482
6031 6902
4616 5261
9493 9547
544 902
3506 3575
6671 6878
7449 8080
4729 5034
4256 5209
5184 5409
8869 9759
9499 9569
954 1837
3030 3954
4974 5607
7219 7369
9349 9999
4642 5507
3981 4227
9198 9471
904 1088
2949 3528
8334 8798
6559 7195
3715 4157
8238 9097
6342 6623
841 884
7238 7305
9292 9571
820 1678
8940 9754
9709 10255
673 1337
2311 3147
2895 3243
3704 4043
788 1290
5735 5786
3579 3724
7835 8405
6424 7350
4900 5095
7114 7838
852 1528
8631 9211
5226 5332
7494 7512
1186 1930
4190 4842
5551 5988
1555 1677
637 1479
6717 7470
5479 6467
1620 1725
9961 10443
5150 5164
7030 7086
7027 8019
3430 3664
2426 2518
2388 2544
8493 9080
3924 4123
8015 8265
4509 5191
8203 8410
2968 3624
645 1430
4915 5200
5668 5859
8017 8330
983 1110
2196 2503
8966 9713
3101 3493
8157 8448
690 1012
2412 3256
3828 4177
1298 1988
5877 6176
6718 7045
5401 5954
4710 4808
638 1445
4879 4951
3153 3705
515 580
9342 9995
8234 8992
641 1160
5324 5684
2612 3299
9526 10442
6256 6314
5546 6035
5491 5848
5232 5924
4928 5361
7844 8155
8852 8893
2585 3466
3317 3867
9457 10093
9590 10580
7888 8004
6422 6849
2189 2201
1959 2206
2841 2921
2272 2297
4431 5255
6102 6667
3531 3893
6984 7273
5167 5974
4401 5133
5069 5885
9738 10206
7479 7810
148 1039
843 1160
209 330
8299 8351
3828 4587
3909 4763
9492 9878
697 911
1715 1957
1892 2802
3268 3566
9254 9613
3867 4248
6636 7024
3465 3949
9036 9343
8881 9077
4185 5075
9435 9556
4740 5142
2488 2756
3125 3634
2130 3074
3422 4027
8666 9384
636 1610
7617 8311
7177 7556
7059 7931
5390 6050
9122 9841
9284 9992
1861 2137
8412 8755
9912 10361
6779 7375
3764 3843
2832 3776
1238 1379
8687 8940
8669 9172
9835 10301
8316 8688
8912 9333
5588 6185
241 411
7188 8182
8312 9245
3174 3409
5814 6532
9282 9553
7457 7918
1627 2229
6842 7075
7137 7596
781 1478
7664 8266
7663 8035
5853 6309
6563 6860
4595 5056
5918 6367
9883 10809
3065 3344
6217 6620
6315 6469
6394 7362
7247 7855
2445 3224
6439 6930
7978 7989
