9923
434 694
422 165
458 596
312 567
747 839
446 993
793 606
257 116
514 683
598 719
216 613
822 41
392 719
241 290
861 221
389 143
748 429
709 782
610 793
682 536
257 60
906 97
56 686
541 466
13 617
450 11
684 786
455 841
320 780
685 467
617 686
423 823
89 571
108 489
848 797
720 241
800 117
74 516
788 407
302 103
44 698
701 922
53 644
881 471
927 726
608 801
584 107
55 843
90 762
658 645
767 352
372 802
105 288
750 883
889 164
43 644
607 842
242 77
640 580
240 82
957 591
256 988
274 851
401 135
915 774
549 574
238 450
284 465
694 411
643 843
288 941
797 433
527 569
197 927
218 900
171 144
20 642
815 247
446 741
337 484
925 720
72 721
422 871
47 699
78 661
876 306
998 973
113 402
774 373
466 636
896 297
181 227
6 554
353 995
286 135
409 101
218 910
260 707
801 703
965 998
932 86
861 782
669 832
193 157
785 370
564 765
710 556
773 136
837 604
626 867
275 443
869 435
589 881
214 268
599 455
254 9
195 293
477 830
342 306
216 905
656 293
584 128
857 527
7 450
430 488
551 934
109 91
257 467
130 295
329 69
79 869
436 391
611 461
281 849
168 111
644 569
333 106
545 14
279 498
32 821
323 194
933 3
95 254
436 578
962 52
255 319
709 362
250 586
155 152
896 583
404 556
509 399
687 675
288 219
457 807
262 70
531 479
291 138
759 29
236 162
893 453
344 797
849 359
729 709
285 813
205 581
505 682
365 629
821 8
757 656
879 816
144 516
467 503
793 867
506 963
424 766
86 875
793 892
674 142
49 506
412 441
382 477
511 878
50 268
921 245
191 303
6 576
786 315
668 276
737 558
546 849
982 714
283 993
460 101
2 812
235 698
206 752
827 310
891 672
227 602
383 524
261 729
656 44
298 206
698 940
481 957
903 522
873 11
245 115
936 228
458 478
257 470
52 888
242 423
141 175
998 749
799 896
675 710
518 392
639 423
684 642
301 815
55 638
442 273
802 68
935 59
370 405
102 813
589 756
960 725
227 717
355 911
301 844
966 880
672 947
870 796
564 696
436 984
767 971
317 334
198 509
478 330
404 904
558 312
612 501
935 36
971 114
435 667
44 620
965 509
115 179
456 105
801 993
239 108
31 659
336 398
773 939
237 315
610 627
927 276
444 617
546 319
713 558
553 350
367 713
984 22
977 857
202 615
808 513
990 120
571 335
677 520
563 899
580 885
697 678
710 232
632 370
201 951
692 479
506 807
42 904
788 895
502 833
923 401
341 318
558 805
339 969
228 900
9 6
36 61
424 963
279 982
661 277
466 20
280 638
522 684
570 752
649 605
293 951
370 114
460 499
666 302
174 576
861 636
838 650
193 505
164 135
453 498
204 985
237 462
617 229
152 242
554 329
502 304
344 190
152 495
792 153
709 627
475 731
379 367
565 330
848 246
742 420
483 668
346 118
469 294
567 143
491 181
801 821
295 856
362 504
581 980
904 143
876 949
507 430
429 933
346 427
374 924
45 105
341 337
237 601
142 235
350 938
350 316
736 265
522 542
693 126
485 49
354 306
187 495
167 813
172 1
3 23
632 783
274 758
971 566
143 940
718 834
502 262
92 711
695 40
13 284
801 309
896 195
15 493
9 121
78 10
852 362
574 553
812 567
818 863
58 618
492 33
858 320
28 659
560 538
862 499
476 56
468 916
490 228
627 538
15 467
819 736
589 453
589 218
781 159
750 701
958 701
966 278
556 124
587 253
672 705
220 303
452 128
659 82
901 849
219 251
728 501
718 641
41 254
691 669
86 30
364 438
39 658
867 43
116 688
577 99
584 172
427 31
707 984
568 276
313 528
821 941
200 995
68 788
810 922
671 56
991 305
472 518
19 462
535 207
899 881
396 347
6 402
284 134
549 147
942 336
561 54
403 839
782 930
180 937
853 444
911 265
857 728
795 880
805 658
614 461
581 403
850 424
514 92
792 645
724 998
369 800
675 874
243 271
646 680
76 268
875 884
100 284
617 619
237 27
528 998
919 22
174 172
729 779
775 609
146 63
130 234
504 983
335 602
320 501
778 861
566 374
666 802
543 833
915 411
207 482
707 238
531 388
342 410
392 854
335 275
682 738
627 106
34 500
780 542
317 180
614 164
287 252
227 205
242 987
27 586
588 800
584 394
379 644
159 770
408 720
678 403
981 929
86 737
924 452
677 766
477 822
686 717
532 10
310 738
810 123
842 735
877 382
102 842
402 603
443 300
854 387
68 436
569 913
827 960
640 194
355 4
882 625
945 634
771 741
516 759
613 234
280 726
499 878
74 2
878 468
587 637
96 485
923 25
670 301
215 937
749 368
435 608
534 758
972 248
735 233
987 881
80 352
952 683
680 903
735 685
13 869
585 448
893 913
777 134
289 158
106 44
137 284
242 10
597 759
969 273
78 393
416 506
446 523
42 605
350 269
613 357
542 600
973 86
900 713
295 887
616 638
759 275
74 480
412 156
109 418
73 320
70 159
802 274
528 232
797 994
86 246
818 737
869 146
754 329
868 147
88 210
404 741
948 357
693 160
950 630
162 757
106 843
780 23
478 233
67 936
330 600
748 244
509 501
138 428
248 280
890 867
408 720
630 244
131 738
771 315
804 368
485 742
109 575
598 968
331 374
578 417
86 478
14 940
939 774
98 533
707 840
108 870
525 614
53 526
906 674
655 539
674 542
6 993
638 801
18 865
36 424
533 721
127 154
815 117
227 42
751 861
231 943
494 890
36 780
558 253
595 566
301 994
377 348
584 923
230 993
927 319
488 98
984 351
494 523
378 324
83 798
901 59
240 390
269 796
724 883
653 39
490 384
866 1000
490 639
622 738
714 753
997 930
222 192
543 796
789 393
300 282
197 529
666 290
151 783
660 564
621 710
622 447
814 10
654 439
127 430
648 39
249 98
361 107
168 810
232 50
75 747
908 108
668 354
193 299
589 407
126 652
141 5
197 728
272 318
709 339
697 809
187 366
421 378
918 462
809 840
717 505
747 180
547 732
920 516
109 132
266 354
829 15
192 418
116 460
171 516
540 117
799 411
311 632
508 648
347 599
292 512
839 830
933 932
132 202
743 488
881 614
359 233
231 942
735 18
995 119
228 499
267 376
386 14
6 329
705 181
638 739
538 238
299 522
514 896
532 390
376 866
40 187
378 4
530 863
296 740
779 710
311 787
489 353
983 585
171 530
161 617
695 452
545 755
863 889
811 268
704 843
61 438
705 466
89 551
381 252
481 567
868 185
766 628
353 908
790 745
108 652
645 751
73 558
793 734
15 232
149 647
323 642
799 703
958 667
76 617
677 165
373 324
534 828
626 82
385 538
34 151
521 583
470 223
227 215
759 809
962 716
643 842
336 258
132 463
600 733
665 83
125 41
162 67
370 299
670 95
85 656
301 223
437 211
159 530
433 271
751 267
450 645
947 804
210 357
868 755
284 512
779 289
928 924
189 775
769 282
742 112
232 273
93 974
349 444
794 634
911 160
590 815
910 15
166 239
168 849
240 605
976 431
143 742
87 558
636 794
518 870
544 318
59 116
134 435
865 666
178 489
584 848
184 532
716 287
658 924
213 75
541 160
306 814
954 323
612 927
700 774
650 146
208 451
829 146
323 785
913 710
402 90
309 639
138 660
970 987
608 70
371 970
72 761
997 585
282 522
103 656
458 815
201 669
311 383
268 319
972 826
1000 510
418 564
920 349
41 487
647 595
976 769
721 731
914 9
604 837
91 328
573 880
168 869
441 875
387 62
2 957
993 804
415 860
309 898
246 65
755 136
920 625
155 300
531 518
832 173
654 854
488 75
37 119
903 649
571 242
877 122
767 364
653 648
108 24
818 3
862 247
93 961
167 584
628 313
279 287
981 274
74 807
883 523
156 703
715 181
20 171
972 746
627 107
66 895
61 930
365 126
696 990
413 249
261 586
825 332
841 220
465 244
115 406
332 383
58 771
329 470
551 629
509 616
689 608
651 427
605 185
763 853
496 930
724 272
27 658
49 177
784 853
369 546
878 870
902 767
402 870
722 517
996 978
283 403
366 772
747 695
881 648
523 676
972 479
593 90
784 988
822 10
84 163
149 837
574 499
612 128
339 911
252 608
345 456
239 867
581 876
224 772
533 247
830 738
805 240
729 119
41 473
175 155
120 478
383 294
586 774
286 725
367 775
47 786
23 253
534 334
87 21
90 527
675 483
124 33
455 839
348 170
838 634
672 188
638 392
850 669
125 588
407 883
189 773
44 399
14 756
138 585
270 731
498 92
682 94
420 461
464 87
319 151
251 290
878 757
805 968
43 818
989 833
584 262
827 183
916 168
594 601
114 76
201 659
679 813
8 662
477 501
508 765
962 82
259 521
161 982
747 793
151 21
708 428
896 848
400 77
393 136
860 703
922 684
881 20
67 250
604 453
33 963
114 814
6 625
491 111
899 152
321 754
11 616
751 467
864 76
280 344
176 617
472 928
844 942
748 590
601 780
745 790
38 934
863 890
918 970
494 45
919 265
470 710
876 191
269 864
54 165
793 517
553 838
142 222
510 145
285 988
431 296
867 797
119 418
816 40
199 102
505 242
931 241
17 986
652 250
633 914
999 581
153 324
759 571
134 775
62 569
147 12
592 380
337 38
509 221
205 355
912 42
203 453
359 434
320 409
325 474
840 689
49 908
690 793
160 991
27 309
601 375
798 987
440 944
37 588
754 109
373 483
608 474
749 227
731 810
544 32
623 511
893 413
379 581
13 74
575 929
238 846
539 590
566 911
10 786
399 976
183 71
923 635
665 702
777 390
596 605
915 963
726 37
581 58
835 545
853 403
966 953
884 318
538 110
86 604
537 400
238 711
782 784
381 820
30 52
842 998
668 715
752 899
185 395
961 996
593 133
708 766
349 396
474 27
108 365
595 512
661 171
161 477
105 602
724 121
537 85
771 902
568 573
778 515
128 793
229 755
852 919
436 215
915 643
907 222
677 491
732 806
469 315
849 553
64 119
88 160
570 535
573 998
1000 228
267 957
481 624
539 100
82 290
602 323
96 168
668 903
629 613
227 926
643 715
908 246
758 1000
688 777
453 30
508 955
574 783
259 100
868 53
682 297
349 344
563 434
734 430
483 983
13 421
462 696
90 657
915 955
411 442
852 429
118 987
11 803
504 728
665 113
52 627
112 691
353 307
689 380
851 670
916 989
414 886
123 510
480 456
520 495
86 968
518 90
867 327
753 975
777 13
240 564
958 359
49 663
726 335
264 711
419 691
802 937
459 430
545 30
991 498
789 223
953 477
170 338
808 815
120 87
824 878
143 481
11 251
408 156
486 684
799 66
574 791
854 39
142 750
812 242
890 25
384 451
667 818
743 874
159 670
146 932
420 376
955 683
29 143
104 125
61 344
839 695
509 855
409 744
306 640
824 493
862 368
46 724
210 270
186 103
493 326
474 923
108 146
141 507
300 165
988 527
423 644
201 506
375 133
295 142
936 589
495 85
282 86
669 494
166 486
200 579
440 104
43 872
703 636
641 963
562 559
904 716
449 745
121 189
810 282
652 459
962 850
466 418
948 766
783 444
636 994
465 706
511 837
843 49
675 884
839 26
587 307
719 321
568 866
141 387
458 672
356 842
98 265
755 129
544 544
299 472
132 531
278 344
634 813
974 480
869 925
533 866
81 250
839 545
453 870
898 946
950 242
834 996
590 516
609 4
273 236
404 739
729 908
30 515
367 434
515 366
961 944
568 944
765 866
977 133
248 301
204 406
713 795
760 371
85 754
80 409
286 26
354 528
719 514
686 112
878 45
887 669
517 15
711 624
795 581
996 345
333 926
485 742
922 988
524 307
985 779
17 890
983 180
345 699
812 153
500 124
273 834
148 364
812 286
19 904
295 98
947 412
146 623
835 181
828 760
687 761
633 390
117 361
139 856
210 319
860 256
554 675
650 238
40 840
963 193
161 23
10 717
257 269
838 659
291 774
501 394
249 363
455 818
869 550
525 725
354 167
142 661
300 846
751 981
574 458
211 825
325 141
9 202
658 46
264 911
416 634
215 318
911 958
854 228
587 498
590 965
946 505
244 249
128 362
429 520
662 135
824 10
604 689
525 461
352 866
891 556
105 321
111 59
955 479
175 798
352 531
688 940
583 674
582 873
973 114
810 303
87 949
18 86
443 531
640 230
752 527
865 645
141 631
309 418
803 171
463 241
284 583
591 255
982 537
269 24
492 104
447 522
694 10
112 148
724 658
483 805
773 349
789 911
678 875
389 823
420 41
688 853
921 548
610 267
282 221
85 90
784 953
839 589
212 538
503 219
383 387
507 738
824 126
805 962
941 400
514 265
548 98
779 844
467 264
161 824
342 621
727 256
218 29
701 102
929 232
654 677
258 773
616 347
794 965
682 891
648 937
744 302
111 405
196 619
329 28
411 700
217 639
143 498
444 925
591 809
967 386
709 41
304 241
830 358
977 311
619 745
516 804
708 860
307 992
966 286
457 174
63 359
277 470
333 600
407 815
588 504
119 987
552 255
357 32
325 400
722 461
393 653
60 803
701 994
37 656
759 536
702 650
492 682
422 415
800 368
484 108
715 889
968 640
848 262
711 234
330 467
333 464
594 433
594 471
143 461
491 271
409 806
208 728
501 895
299 87
19 432
574 71
815 822
787 54
775 192
723 670
614 853
56 686
456 80
854 923
867 503
160 153
550 266
646 83
498 354
929 499
460 132
224 660
194 415
919 476
175 927
914 974
74 323
397 819
720 333
517 569
470 24
691 138
163 627
294 299
448 911
998 721
438 338
791 224
702 786
511 552
750 750
363 425
879 749
481 830
717 106
997 930
345 564
211 106
195 999
500 904
96 501
678 818
226 296
805 138
101 939
720 84
708 268
302 804
169 590
380 917
108 151
371 116
785 842
898 804
118 118
783 485
43 251
537 654
553 812
84 529
807 44
630 844
85 800
185 462
969 660
441 719
764 289
222 78
848 357
435 557
910 899
161 497
657 200
573 336
778 415
896 925
576 16
281 394
904 738
407 853
660 426
148 396
504 492
288 605
894 507
237 94
965 294
106 407
6 712
188 690
217 293
698 730
111 437
642 830
826 624
162 478
258 155
407 995
52 956
508 649
569 366
528 603
135 780
674 114
896 735
850 690
305 960
55 890
494 828
16 109
811 467
544 278
516 512
713 474
492 693
997 155
459 26
94 418
176 278
123 61
927 208
845 664
483 553
43 706
51 19
593 250
521 564
419 576
172 458
740 550
151 839
676 709
542 940
213 221
530 114
815 423
679 197
809 421
151 369
853 778
692 14
733 496
316 376
251 256
955 20
206 701
730 73
860 999
583 211
782 171
849 529
859 147
843 35
751 761
924 81
187 965
281 261
30 239
735 696
922 567
383 509
597 777
133 574
715 346
927 972
62 250
345 864
706 695
321 263
802 890
654 55
59 884
960 163
811 332
705 65
883 367
83 864
928 665
428 873
404 260
327 51
874 812
200 39
397 508
799 599
488 487
426 1
10 109
852 221
123 318
737 623
602 17
613 392
909 891
456 159
512 306
654 779
812 641
952 405
817 181
326 96
436 431
655 679
997 238
888 562
182 816
979 791
960 740
674 737
229 525
859 76
377 879
223 1000
268 460
930 313
174 392
201 493
418 632
802 525
606 162
413 270
265 70
625 503
666 350
515 323
204 480
343 765
975 928
841 525
922 120
216 126
855 558
274 953
34 267
382 135
31 848
69 189
481 54
471 165
485 665
258 429
193 120
989 107
886 869
457 239
708 440
620 577
420 758
926 423
271 580
892 585
994 86
983 202
151 847
957 52
461 133
339 903
759 830
1 350
816 647
618 488
686 233
553 477
799 622
695 549
676 878
824 328
438 194
675 798
806 242
374 506
162 256
544 425
807 52
230 477
813 179
64 844
261 75
481 604
338 741
382 793
128 785
768 767
601 310
168 730
84 891
671 989
355 4
815 480
967 986
88 460
398 522
845 616
138 391
786 806
968 848
517 578
357 57
819 154
466 743
844 689
125 232
654 81
419 709
186 743
848 193
228 825
13 758
45 947
802 137
36 693
346 86
198 234
516 402
562 300
373 483
28 406
258 324
643 994
216 577
959 885
878 58
757 317
321 3
544 381
566 358
754 931
666 202
471 78
395 593
825 651
774 126
356 786
657 363
991 436
70 662
625 219
927 202
14 875
614 421
32 233
69 921
123 904
917 575
447 235
90 375
880 273
339 522
570 961
811 350
693 805
40 610
963 558
502 467
153 477
826 333
179 675
776 969
36 706
82 25
819 345
707 890
707 506
497 444
850 631
534 315
101 353
808 506
480 278
128 467
97 975
660 250
60 621
305 752
105 669
49 775
267 813
700 369
679 539
521 254
74 838
249 642
22 525
592 421
51 352
649 395
928 675
951 363
154 236
690 319
29 851
64 470
145 987
929 292
799 72
65 763
49 669
708 216
840 701
598 680
104 490
248 979
683 896
678 391
268 846
432 104
858 467
247 360
613 96
129 297
893 993
527 858
44 436
349 11
352 544
530 877
119 432
540 225
768 193
69 922
769 239
777 907
922 665
719 507
432 770
214 755
31 820
889 257
872 888
404 398
313 260
587 239
834 275
974 231
789 447
535 874
908 422
454 542
596 23
839 41
15 571
286 466
772 104
260 300
688 966
907 218
559 619
216 67
460 816
713 753
751 23
846 759
251 688
508 353
472 500
686 884
755 749
243 141
347 225
718 706
300 397
814 811
397 509
88 198
839 548
173 411
722 1
372 589
775 258
65 598
743 699
181 11
814 594
136 88
798 600
821 158
273 21
559 821
496 651
965 176
415 316
448 886
63 431
152 643
387 274
866 750
1 610
126 53
887 767
646 794
261 415
885 158
104 875
612 864
846 636
522 849
214 698
129 402
49 497
589 846
833 459
433 217
971 249
910 669
118 134
863 747
953 668
487 695
624 54
599 732
534 266
868 836
809 779
229 730
188 60
603 752
279 921
699 7
6 39
887 342
532 853
948 608
872 771
929 64
523 913
605 116
834 921
211 530
19 153
957 460
829 780
737 745
731 466
547 995
786 217
233 30
704 155
344 984
33 688
179 719
60 656
985 17
694 712
321 864
78 144
529 247
250 299
776 825
346 202
514 246
287 878
741 756
17 919
464 467
858 356
434 496
866 296
552 892
36 403
360 854
295 867
360 365
420 217
959 464
438 553
259 374
817 684
776 221
63 252
117 406
913 283
769 191
445 586
534 239
719 148
404 538
472 482
174 473
164 517
46 842
788 609
94 484
517 699
583 436
34 191
936 281
346 999
108 40
7 590
861 3
741 783
283 103
581 448
187 128
540 236
581 670
943 499
599 828
369 446
271 667
605 76
208 671
200 27
765 680
607 570
623 421
474 311
20 730
382 187
265 388
39 10
146 792
19 177
342 745
994 197
837 407
135 548
854 337
268 211
170 273
859 998
690 925
324 528
431 726
452 322
329 162
792 674
676 497
216 351
267 720
483 518
788 85
767 618
958 448
426 862
735 232
102 554
974 781
692 598
727 551
724 704
8 991
94 140
660 458
515 748
868 756
294 566
692 658
616 722
50 15
520 854
883 250
392 101
450 371
289 146
622 494
418 403
516 759
280 234
380 936
247 631
469 68
981 939
508 642
109 798
856 752
799 452
570 361
390 275
124 693
766 833
248 986
569 196
902 348
962 233
220 122
949 493
745 655
529 20
609 381
726 903
594 897
378 639
573 311
631 545
415 806
61 447
615 715
729 122
180 50
18 245
841 32
511 474
335 425
877 865
761 935
793 541
934 306
309 159
601 53
277 227
133 27
282 846
148 674
631 613
121 220
825 912
862 229
810 157
241 779
511 857
350 441
761 210
63 852
168 929
187 718
402 151
240 194
416 568
190 52
355 751
656 410
786 928
295 327
879 452
233 552
330 785
153 244
251 366
511 500
453 444
799 795
977 220
804 266
536 78
578 516
654 810
245 777
251 189
386 469
399 331
750 428
414 370
717 405
108 640
834 333
861 790
373 852
534 658
775 428
93 420
405 649
970 70
850 310
745 623
588 202
79 259
823 954
82 799
97 968
143 287
231 426
814 478
462 302
671 388
186 998
256 588
378 413
523 287
72 988
242 933
132 131
687 527
799 393
827 28
543 953
249 466
425 605
324 610
738 624
452 935
843 106
714 157
281 384
276 115
18 656
608 976
908 978
715 681
842 660
109 99
173 617
354 846
395 706
57 40
721 470
62 942
343 767
58 11
398 422
96 516
773 941
731 311
793 728
548 785
684 868
416 428
394 309
59 452
694 646
948 446
810 907
853 458
342 713
701 353
6 589
586 309
857 409
692 259
3 356
660 236
679 103
642 790
5 498
344 763
628 382
954 876
328 424
352 772
958 596
240 716
717 732
917 280
899 923
579 358
685 952
649 152
703 178
864 360
772 367
667 211
282 38
226 172
804 709
698 49
166 834
515 26
109 715
483 645
912 354
856 291
796 710
473 82
567 113
41 102
109 787
799 567
367 220
925 64
356 539
723 470
836 869
343 713
535 195
964 152
360 567
988 657
139 738
426 454
419 468
323 903
251 930
244 513
675 111
760 788
743 304
131 36
664 874
663 20
612 534
203 614
826 196
922 369
520 178
25 764
987 846
69 226
717 548
167 221
267 811
378 648
759 253
330 926
257 22
593 391
431 57
673 556
231 193
937 23
952 689
896 400
922 760
265 682
193 957
724 647
866 397
31 195
384 256
247 739
183 502
616 300
89 808
959 563
746 246
428 124
64 335
670 241
71 406
386 453
318 324
467 809
111 777
750 77
165 415
320 572
387 625
578 57
345 375
158 198
870 460
327 437
471 70
426 295
675 56
623 959
506 748
815 406
284 340
746 336
377 63
753 656
544 143
492 450
941 161
85 559
449 890
118 624
430 612
265 609
927 442
182 703
216 329
965 851
302 742
761 411
832 862
99 812
302 737
437 128
863 261
939 613
180 824
880 894
401 494
918 984
663 89
841 101
394 820
394 841
557 811
924 370
775 866
42 852
716 764
381 489
147 50
319 358
11 693
73 467
115 401
815 629
355 554
291 52
862 798
711 517
599 499
239 584
37 527
907 471
957 688
934 275
356 720
960 725
970 612
832 434
94 509
277 974
30 249
717 791
429 563
514 993
22 203
949 874
945 495
205 412
925 338
775 190
710 329
686 698
311 377
580 549
656 786
486 962
381 50
53 764
36 27
826 166
71 853
130 31
236 319
63 420
822 181
673 191
433 668
334 174
768 595
986 83
770 879
908 112
467 670
641 266
740 253
100 6
766 149
862 872
87 740
13 815
795 49
544 991
937 235
520 140
55 204
387 309
86 324
452 699
722 446
401 616
670 296
831 304
424 433
887 909
967 444
151 32
329 569
522 20
393 153
325 11
430 748
396 542
342 24
149 735
901 137
718 420
853 534
593 780
425 151
846 270
109 482
855 830
812 715
284 435
244 267
420 956
544 134
896 126
214 136
757 552
650 699
272 222
324 692
486 114
640 822
589 342
852 13
915 986
352 479
412 503
234 937
780 861
737 882
812 895
164 685
578 101
628 827
790 261
905 266
313 459
458 992
383 534
568 294
436 92
813 84
184 884
791 194
317 93
773 455
678 911
572 270
594 920
652 24
922 929
110 865
204 603
584 775
860 622
643 488
230 693
23 949
928 979
81 915
686 668
509 487
993 359
829 460
860 233
941 866
778 481
804 73
32 983
334 378
554 273
652 861
265 82
707 153
380 710
939 148
715 825
478 932
295 557
182 929
444 348
972 763
315 237
249 673
195 619
326 86
303 954
606 482
874 705
722 93
688 33
853 746
387 787
510 390
137 177
699 260
896 118
164 587
803 862
895 89
847 750
743 515
999 423
333 505
701 999
173 520
300 279
285 37
810 275
528 561
498 576
844 576
890 947
570 115
865 95
654 800
452 423
806 705
578 690
747 330
82 766
317 13
574 10
477 620
497 74
89 96
452 369
12 938
935 790
746 89
678 873
215 390
911 803
31 468
123 726
135 259
626 97
728 330
81 737
362 254
333 935
38 876
782 453
467 96
948 991
155 513
645 299
945 261
244 896
284 278
51 826
484 716
788 957
687 476
183 683
979 325
35 777
514 220
116 392
839 816
887 397
567 337
741 56
518 526
201 937
514 813
361 667
240 888
582 991
849 969
368 290
214 61
41 408
868 356
499 845
441 387
919 330
262 752
886 640
7 986
812 163
745 765
654 731
863 622
180 116
493 250
132 873
290 823
68 913
917 168
135 546
848 299
314 711
182 574
636 181
702 463
522 70
622 938
462 459
349 764
563 662
852 988
415 316
782 396
208 340
139 180
868 927
771 147
983 761
297 841
396 305
683 411
724 619
784 660
727 869
41 779
531 114
642 558
387 190
299 257
229 885
663 924
654 681
740 225
651 283
530 805
395 436
413 271
643 40
422 336
732 969
880 801
488 119
448 854
840 479
5 250
853 437
224 687
304 84
24 857
569 993
773 175
106 870
571 276
959 799
96 440
10 207
824 542
526 754
82 681
111 835
422 970
286 738
728 840
672 794
155 583
809 472
168 110
29 303
93 778
288 327
722 285
389 749
924 153
348 65
905 885
416 919
387 913
180 920
304 620
258 765
853 738
334 714
86 239
335 874
179 888
551 199
613 326
60 617
48 417
473 184
889 64
929 717
113 986
267 772
255 240
707 674
616 394
820 30
939 929
104 505
205 41
249 639
863 186
622 550
498 414
427 126
42 431
194 326
184 337
918 913
308 852
739 153
329 29
720 35
239 788
697 21
55 820
575 190
225 600
284 81
192 88
869 590
651 681
133 537
369 298
216 46
573 662
966 254
390 422
477 7
724 360
540 1
516 215
53 791
402 537
43 274
429 410
933 888
580 480
522 116
505 776
622 840
736 712
831 975
883 106
255 13
979 973
6 14
335 78
950 27
953 217
972 237
50 212
964 931
264 431
585 290
732 25
228 28
84 511
289 817
943 924
325 55
220 52
636 49
760 844
670 567
169 436
491 815
444 617
718 488
971 818
24 336
628 958
303 140
432 102
301 914
246 371
371 277
792 88
83 350
92 711
672 780
9 572
859 594
146 864
19 293
694 932
231 623
738 202
768 807
107 390
508 18
101 786
288 947
33 124
105 835
689 687
722 578
892 375
131 120
415 454
165 316
720 135
727 220
910 663
769 433
175 300
167 571
504 533
702 76
24 276
649 633
99 372
939 978
385 965
820 121
110 498
812 803
844 743
731 27
700 467
507 488
293 282
579 796
805 59
699 319
459 880
30 195
798 484
592 350
549 311
171 257
16 831
386 170
357 988
731 830
105 309
626 475
639 615
663 866
809 299
512 997
59 113
454 812
709 325
78 387
730 503
539 908
470 561
290 831
867 124
995 545
76 269
770 510
885 78
144 381
694 824
769 250
210 940
942 81
183 730
436 540
18 200
464 534
253 938
568 661
221 146
253 766
945 856
295 312
226 349
317 323
695 903
216 306
27 519
577 729
75 537
57 206
341 889
614 380
877 774
582 579
55 73
586 746
809 57
294 13
615 576
458 970
413 815
615 886
237 724
900 93
680 600
919 672
559 165
450 729
338 731
688 577
267 836
312 246
234 21
917 137
577 165
650 665
787 572
268 865
752 978
135 461
643 77
359 757
504 744
862 881
368 694
743 518
311 782
234 860
245 802
786 961
714 844
130 357
95 611
744 547
950 899
310 824
166 89
53 6
116 574
845 405
781 374
539 527
932 231
918 359
566 304
887 349
545 266
947 667
255 836
639 734
927 598
633 837
73 582
15 573
157 819
534 461
226 877
902 855
324 408
501 616
305 862
154 531
965 335
363 195
786 873
543 864
707 754
179 158
969 962
750 686
714 799
62 408
243 795
121 38
35 778
92 795
349 136
962 498
136 340
160 266
87 126
263 877
777 687
630 746
947 880
511 375
612 190
158 819
950 718
841 473
634 366
71 848
880 72
268 542
747 940
369 468
290 987
882 40
410 182
777 210
645 946
146 707
903 68
968 773
669 352
91 913
76 137
381 480
876 128
609 206
788 488
110 568
184 334
55 634
320 916
949 991
543 662
852 328
327 17
385 318
117 639
315 719
767 564
440 65
455 513
897 8
329 158
517 15
601 409
839 780
461 307
127 878
16 501
259 198
173 184
568 853
756 407
126 960
116 355
13 136
436 407
616 766
284 220
724 269
360 183
131 587
184 653
916 247
885 261
647 471
495 417
46 984
32 143
830 737
641 109
787 628
994 570
643 810
636 118
145 675
691 92
467 71
146 470
815 668
603 380
322 695
878 411
787 96
265 549
433 521
439 370
897 643
153 539
364 399
537 264
519 96
296 807
781 124
556 605
566 279
840 825
987 507
652 665
661 75
67 293
829 392
40 637
515 801
67 56
86 841
302 709
504 722
429 1
95 546
337 873
593 17
137 123
811 273
602 391
504 751
256 860
27 762
783 107
573 361
143 295
93 469
454 632
419 350
407 353
913 512
459 117
605 707
156 660
897 967
757 791
607 16
371 444
42 837
513 955
119 299
441 207
717 316
50 766
498 337
5 464
3 901
694 591
46 160
539 977
376 488
304 602
380 923
801 901
975 646
918 507
66 552
196 408
406 899
323 944
237 637
56 334
574 99
229 175
67 180
371 218
857 393
109 918
873 548
128 238
963 446
91 112
87 839
791 349
282 235
74 225
41 65
399 278
518 905
20 787
135 707
425 467
352 755
778 676
918 211
272 233
430 9
893 822
1000 768
909 595
566 662
696 415
379 871
610 7
633 77
775 632
705 336
967 85
717 397
703 478
302 228
767 758
834 354
538 772
35 374
26 223
112 905
758 170
87 291
723 574
59 356
576 722
308 12
560 253
280 32
426 82
634 315
700 519
37 784
381 157
323 612
364 778
119 394
612 824
320 85
43 625
513 603
261 199
376 449
557 192
19 849
784 700
314 826
766 645
555 391
754 690
921 641
629 673
911 813
103 963
367 250
488 162
601 743
841 372
671 765
188 790
291 733
334 386
909 134
888 128
929 554
695 413
854 560
651 504
851 816
79 691
976 392
133 10
270 349
394 97
766 61
322 132
277 320
60 341
681 238
308 189
482 649
170 535
60 722
520 975
835 209
335 790
511 793
781 513
628 520
871 631
271 729
296 905
894 353
10 780
548 467
629 939
585 881
921 460
773 416
952 176
276 612
427 389
896 673
603 24
117 343
939 936
774 276
285 850
366 920
913 470
993 544
666 461
544 458
341 997
71 837
897 646
371 477
184 776
782 430
884 583
392 393
583 996
237 337
782 547
409 892
681 716
507 361
436 26
654 535
597 474
166 666
423 345
701 545
843 574
165 340
476 178
328 503
899 571
969 279
921 799
937 596
133 780
536 12
296 765
93 289
101 906
801 536
871 853
159 790
405 876
277 556
504 877
989 703
580 476
905 597
152 774
336 243
333 171
939 470
926 809
707 515
224 46
969 189
587 96
627 605
235 643
455 353
942 542
348 111
465 267
122 108
262 806
829 850
59 65
266 648
885 635
495 93
975 275
877 796
220 974
641 506
291 137
261 301
815 592
100 781
157 372
204 693
956 142
551 77
156 965
545 685
398 588
226 718
678 170
263 689
43 238
689 156
164 2
740 27
974 277
875 491
202 63
305 658
587 414
752 934
171 375
502 206
388 193
461 821
472 352
609 801
176 163
28 361
117 311
895 371
972 948
993 981
92 707
154 797
70 577
378 754
872 971
134 390
171 84
464 795
363 980
634 992
600 506
520 895
391 766
737 608
933 914
7 488
162 652
942 978
147 304
392 78
942 803
898 204
224 284
814 348
258 214
944 376
367 7
860 331
862 199
608 287
906 965
903 400
320 251
436 921
593 160
211 108
894 163
764 380
157 604
12 901
785 962
7 903
500 797
578 397
255 605
285 875
431 979
19 266
406 878
523 719
880 417
742 742
96 151
479 239
192 972
649 64
338 649
593 246
12 905
628 715
151 740
795 801
440 690
216 55
759 810
97 721
386 411
785 297
917 443
421 517
191 61
167 147
404 182
676 488
733 408
794 220
95 256
530 710
978 546
596 444
724 431
300 475
371 7
525 984
955 184
185 516
661 717
256 880
781 121
206 482
333 164
28 637
419 642
861 58
569 71
931 588
199 628
802 968
837 35
991 295
573 502
135 328
490 328
809 325
387 153
241 996
294 365
462 869
921 578
330 674
767 868
461 450
623 303
263 303
727 270
859 924
696 162
426 595
639 377
494 207
200 356
721 235
319 880
783 101
126 866
694 693
476 208
926 266
127 879
455 565
149 705
686 885
454 361
623 231
128 311
973 198
593 998
541 74
408 72
756 727
485 351
392 89
202 522
6 229
733 158
866 122
926 686
37 701
367 233
509 433
989 60
475 704
660 432
557 348
30 786
123 108
892 128
502 564
354 991
308 910
851 901
158 525
337 832
4 814
291 117
1000 752
870 699
757 902
852 803
568 743
980 259
587 198
109 754
321 123
150 470
404 581
25 836
409 709
563 376
377 178
137 69
541 40
620 703
105 131
967 444
498 468
755 742
646 728
378 708
679 107
223 464
752 313
880 772
970 366
542 801
996 72
245 903
928 30
671 593
649 145
827 817
119 252
780 359
457 528
94 199
925 860
705 162
165 771
431 998
985 595
292 514
50 199
332 445
730 341
253 836
97 250
676 263
94 789
89 758
914 174
211 558
369 67
294 405
257 266
781 698
356 485
630 267
76 209
768 4
777 903
926 323
94 608
871 86
873 445
75 563
678 175
938 912
219 789
884 474
218 83
168 439
836 760
71 781
208 980
758 677
868 929
454 308
747 64
543 187
852 623
416 874
323 459
143 883
84 786
233 304
720 667
369 47
286 295
214 79
186 635
616 743
125 474
964 470
257 926
517 867
992 242
290 88
721 871
863 92
249 596
542 282
984 503
457 828
764 931
733 191
578 35
377 667
43 788
661 300
403 859
374 481
599 51
486 302
598 485
182 298
870 345
261 993
118 822
364 719
907 457
545 851
972 366
665 359
751 159
228 38
593 718
606 286
762 307
464 105
488 115
952 103
570 33
442 265
506 824
316 428
856 885
433 497
72 360
60 77
875 174
498 957
679 84
45 89
863 868
755 692
303 441
21 315
573 18
784 846
175 458
425 161
924 297
599 844
359 899
561 244
149 81
379 770
132 944
73 907
452 299
209 887
279 757
629 789
889 871
381 65
854 657
38 618
691 549
238 259
773 980
441 457
985 76
1000 335
267 289
310 342
426 604
111 94
751 141
204 590
453 413
899 122
240 772
442 126
914 457
566 300
224 942
905 178
396 203
225 159
586 206
705 824
674 245
751 68
974 705
84 334
984 148
755 686
617 611
734 440
406 30
869 849
885 251
843 270
623 441
819 243
441 134
247 388
705 974
812 156
490 762
542 733
485 274
171 222
51 234
211 602
226 495
46 27
266 198
426 897
433 476
466 644
932 714
605 877
585 423
847 578
967 681
26 871
421 141
559 367
866 397
591 871
893 704
333 5
300 889
656 454
269 930
401 408
492 340
305 437
894 615
822 806
890 479
811 843
824 388
707 163
665 399
686 68
209 406
186 699
215 470
508 103
828 922
861 106
888 540
139 615
608 686
412 169
11 147
80 500
741 224
976 438
684 25
555 462
103 625
53 456
656 98
513 260
833 621
994 201
700 990
308 382
578 785
304 70
283 959
221 159
146 203
343 247
897 493
370 597
808 189
116 583
691 141
605 471
480 665
704 580
224 13
36 369
546 565
91 149
217 617
255 855
965 125
532 170
206 263
843 713
320 637
783 523
758 589
929 888
80 780
630 855
732 116
621 941
893 971
900 789
738 513
924 700
186 144
122 898
660 606
708 543
340 165
667 207
350 667
565 949
391 347
509 91
137 204
134 400
817 76
353 230
778 595
688 859
387 634
532 101
583 492
98 289
375 248
457 898
782 809
731 89
78 208
285 240
447 588
494 16
538 643
922 469
551 753
549 16
727 535
413 550
59 833
15 962
998 971
389 427
364 809
321 428
75 472
218 52
249 515
254 683
137 824
497 886
297 114
176 416
752 883
349 83
534 600
376 686
633 764
176 664
320 926
333 191
472 453
596 702
566 504
816 91
317 598
951 60
110 49
691 468
674 166
355 555
982 22
383 229
969 137
672 570
387 611
776 637
421 248
322 912
394 471
626 410
729 319
283 566
478 42
236 746
49 838
320 516
581 508
448 504
587 48
144 435
42 419
246 911
532 452
338 667
422 779
429 852
873 207
737 846
540 924
183 912
150 994
969 402
824 507
306 228
215 881
884 262
683 480
453 390
32 120
246 839
843 948
357 72
828 307
784 860
840 568
602 122
633 470
716 131
519 435
365 610
64 230
25 426
952 240
567 975
224 319
57 62
124 968
339 98
742 436
772 951
470 304
819 7
847 83
275 785
376 153
713 148
446 79
368 458
297 19
328 327
664 331
304 262
825 717
848 906
424 548
732 979
864 536
812 270
740 552
702 329
336 165
180 701
144 703
178 60
266 928
480 537
153 162
751 652
316 332
493 46
125 281
248 814
217 467
758 191
247 408
705 259
81 796
577 377
390 179
626 325
257 836
141 234
28 175
165 679
644 976
941 126
553 130
304 636
679 569
839 636
220 432
84 608
74 31
229 979
713 206
179 599
619 25
808 49
35 452
272 526
386 448
10 730
345 289
708 335
970 350
55 348
627 63
168 195
67 597
564 390
23 183
390 193
917 342
84 188
740 942
737 800
194 52
780 699
865 908
744 135
301 877
904 691
36 525
514 654
395 221
358 84
725 844
329 847
799 638
889 855
351 338
539 649
353 499
357 256
671 156
123 327
583 374
376 748
141 387
797 42
437 292
987 707
757 350
439 347
273 969
761 403
698 474
101 574
530 375
767 138
128 317
82 475
625 586
8 318
703 586
542 730
150 532
432 693
357 798
892 212
267 291
903 900
410 346
621 615
31 35
726 675
855 894
441 839
467 714
636 24
200 218
531 262
924 403
912 382
201 339
408 307
718 882
908 317
903 938
776 328
933 60
851 90
396 214
948 726
272 5
731 831
59 984
741 777
871 895
139 823
487 536
845 998
888 791
744 856
254 54
832 998
459 942
835 939
110 881
532 455
188 950
958 895
734 913
665 531
936 510
966 312
787 417
124 904
793 392
958 848
943 575
540 995
669 31
783 590
741 442
872 32
503 663
661 590
345 560
289 864
414 744
214 631
180 280
113 8
643 535
467 834
518 997
966 373
65 76
832 96
541 688
89 959
1000 907
295 984
5 127
341 85
882 171
231 732
46 285
143 239
403 195
417 649
81 370
362 678
947 527
53 717
816 361
758 69
68 111
968 830
245 561
535 881
270 688
68 802
708 920
315 335
148 242
331 80
989 668
768 428
215 179
681 808
965 864
838 566
901 918
450 141
989 615
4 621
743 271
325 834
714 959
47 275
706 749
741 821
229 733
126 360
123 150
15 25
113 327
454 839
160 370
925 40
440 738
472 883
436 499
49 819
511 708
467 172
483 605
331 209
609 37
521 304
83 224
652 981
27 203
554 284
395 867
735 596
299 268
265 676
889 286
292 505
212 711
905 255
276 32
487 131
884 299
632 85
383 603
383 317
632 354
183 601
520 121
611 38
31 111
91 680
457 649
98 184
774 736
489 848
731 37
806 95
98 826
815 508
388 802
888 663
684 741
410 948
111 453
834 308
779 15
530 634
80 437
452 760
873 248
635 520
190 646
18 763
690 993
940 587
416 739
88 567
344 432
371 532
496 661
899 685
985 332
94 846
378 201
45 471
440 358
670 697
741 776
145 696
260 553
974 161
604 650
925 830
171 151
907 150
365 499
820 495
999 736
587 970
153 256
988 559
947 437
585 201
245 621
520 962
88 648
267 779
6 209
811 534
939 789
885 58
712 922
842 659
274 690
352 541
216 790
798 227
628 830
73 403
860 11
544 192
614 908
946 726
744 856
239 785
131 539
833 423
265 533
970 770
786 526
238 792
706 81
617 77
515 17
100 566
471 290
109 227
611 835
505 591
635 419
928 618
384 231
462 511
287 263
245 350
989 836
76 881
599 491
983 702
697 386
243 393
325 425
782 608
881 495
270 127
748 98
536 517
49 646
558 327
353 843
896 761
407 285
425 717
763 925
71 873
637 161
371 920
584 521
129 180
1000 646
185 891
169 869
645 654
811 412
925 302
627 94
42 782
574 601
668 397
427 497
128 278
314 808
587 30
143 603
579 29
421 364
653 956
32 283
682 662
231 485
504 675
514 921
270 496
700 425
45 651
600 196
981 560
453 417
462 371
120 831
158 137
584 86
505 555
507 808
143 744
910 899
695 590
734 960
75 454
152 100
913 23
930 839
605 368
761 160
24 274
630 981
454 362
603 396
370 209
533 755
497 914
33 779
503 236
773 478
760 647
251 264
564 867
971 390
204 77
261 125
150 415
447 927
398 674
384 340
798 753
395 855
807 779
488 782
438 897
608 585
580 624
325 985
587 113
747 628
329 296
912 447
860 715
959 711
860 632
466 55
37 238
596 962
745 859
283 963
821 663
503 265
720 406
838 491
739 644
512 956
167 354
872 874
394 178
908 646
85 791
844 114
570 682
924 766
169 405
40 758
159 786
802 806
309 600
807 638
401 725
760 656
848 31
295 908
562 686
862 339
527 388
661 447
543 624
352 109
350 611
145 638
541 291
299 520
297 115
868 623
231 936
828 571
305 931
806 16
406 363
871 830
432 894
427 235
453 29
89 100
41 498
750 922
595 839
411 967
217 826
880 82
516 411
756 383
594 994
14 930
737 949
269 799
136 646
120 801
297 70
625 691
682 255
890 50
29 512
593 388
228 318
912 403
574 653
173 410
457 319
290 530
373 215
25 813
842 776
769 98
753 443
721 426
128 865
358 920
210 180
715 943
232 823
373 364
255 415
454 550
636 301
686 623
892 818
261 497
293 70
53 17
732 409
202 851
148 807
841 688
350 450
272 309
966 329
128 576
57 190
462 820
868 196
611 9
145 828
188 735
826 957
590 531
885 73
252 828
1000 348
98 854
545 999
960 643
210 546
890 191
920 352
398 519
2 13
864 826
818 186
370 898
22 169
909 137
427 565
218 246
697 379
835 600
207 781
151 150
739 496
931 142
328 76
3 8
116 753
957 295
279 666
992 614
330 473
409 295
466 846
967 872
216 876
212 735
853 654
194 567
600 167
322 604
568 182
242 733
707 113
219 931
244 370
757 55
451 551
926 467
132 38
651 547
629 251
246 102
620 932
369 181
535 364
750 579
838 231
702 353
546 599
708 436
467 687
369 326
146 34
553 739
201 711
445 471
268 89
636 987
218 967
104 908
285 781
629 42
265 62
200 16
465 13
297 284
48 201
99 665
745 15
725 612
990 92
614 890
812 801
770 516
827 541
809 722
579 640
502 546
746 834
235 111
594 725
148 217
396 279
963 88
485 66
402 416
726 237
265 61
806 939
589 536
415 419
717 421
446 854
63 321
967 44
136 204
319 376
473 676
814 709
520 673
486 895
522 309
886 230
266 319
89 158
615 926
854 383
482 993
947 12
31 839
841 383
955 349
462 272
257 910
440 27
882 47
14 129
36 177
925 131
548 30
621 117
409 44
312 884
373 913
902 126
154 956
118 403
284 757
694 584
377 802
275 664
818 576
944 227
46 930
778 73
87 449
382 163
901 922
499 63
643 491
907 64
736 365
563 892
981 400
148 781
309 669
826 865
168 870
696 645
512 892
105 239
253 471
589 344
448 7
577 910
526 786
877 660
85 375
212 731
152 697
80 654
828 644
506 925
437 399
951 19
145 814
8 186
113 647
589 810
908 208
282 116
64 73
523 334
364 576
449 817
931 368
334 908
200 78
47 748
429 387
354 370
248 263
907 981
416 676
671 174
313 499
191 652
430 954
788 540
254 84
621 919
400 289
41 493
235 881
651 507
30 510
107 758
912 466
777 89
121 975
772 571
17 57
600 249
967 523
653 165
51 651
618 641
987 521
912 26
977 543
61 4
833 237
658 551
754 620
857 751
451 34
739 300
557 676
672 867
184 577
41 406
728 79
778 303
138 815
821 996
356 102
653 10
275 742
843 260
509 789
778 734
162 110
599 14
937 950
470 257
965 336
344 126
554 323
563 240
219 91
120 755
241 284
527 510
142 699
372 280
745 197
988 659
346 793
712 367
232 174
748 412
861 367
764 912
950 742
52 706
400 281
947 656
220 991
735 419
247 667
24 117
40 533
624 365
47 548
817 430
69 120
641 319
786 281
711 230
830 920
955 153
828 467
976 915
482 624
985 763
541 666
993 535
623 797
667 720
591 702
464 140
716 480
563 379
182 189
533 361
39 704
775 143
792 276
853 641
533 598
634 168
161 338
735 431
541 670
712 44
396 721
746 734
450 609
433 544
652 657
101 813
21 427
28 549
150 369
341 346
718 281
279 44
28 246
930 875
843 697
733 83
323 874
619 331
413 66
566 33
959 741
750 517
28 42
424 87
545 969
495 842
165 832
717 92
85 101
888 179
388 702
98 984
271 274
925 250
886 316
768 561
410 228
901 259
556 941
385 679
75 357
527 881
593 718
190 138
614 155
578 104
101 205
107 39
694 540
282 175
51 417
698 998
248 531
295 506
902 300
321 242
857 165
651 923
342 965
670 530
156 485
928 360
782 359
827 726
617 695
162 75
295 394
961 975
104 190
858 968
345 106
30 906
924 838
363 380
870 653
411 979
23 324
866 264
211 798
873 149
127 883
263 164
468 76
518 658
744 614
584 677
519 207
464 715
26 711
709 366
321 633
265 542
240 620
212 988
992 188
254 727
761 751
811 607
271 288
177 349
521 502
529 373
705 77
889 881
348 654
525 74
555 259
581 419
966 401
780 94
640 909
163 753
755 708
311 791
177 277
333 907
978 132
585 98
248 199
95 612
459 76
404 882
3 292
436 144
281 754
841 348
955 315
422 897
469 819
722 903
98 201
625 701
388 746
401 542
821 918
283 199
793 899
804 85
432 496
411 459
363 808
179 175
433 487
292 775
688 621
185 165
364 419
499 765
558 424
441 713
997 430
680 341
97 168
976 289
650 939
57 791
756 974
39 297
222 811
446 641
92 977
90 785
787 383
849 70
798 296
34 624
853 682
561 87
482 87
663 702
901 140
79 472
542 949
646 735
535 310
881 635
27 369
60 418
782 544
55 14
499 98
78 958
122 371
747 523
928 568
839 675
288 919
95 169
704 970
388 150
949 969
42 607
761 346
836 826
995 754
562 563
711 861
567 453
674 947
614 100
657 803
25 468
657 635
590 76
314 851
290 391
347 536
489 380
484 29
623 44
115 317
373 496
39 307
885 319
198 133
582 624
821 696
64 179
651 438
274 293
268 925
721 982
708 222
380 794
974 786
16 862
546 300
173 108
599 989
206 725
295 18
190 308
203 112
324 58
118 195
144 848
137 708
310 198
197 641
587 994
527 441
636 835
82 368
618 777
489 777
87 8
547 477
757 699
660 615
42 63
273 860
910 651
98 813
638 503
645 729
306 644
757 591
334 154
196 434
750 349
112 226
294 418
167 447
125 495
336 667
502 215
264 822
435 634
600 366
767 990
250 439
19 262
983 398
121 863
417 980
448 605
49 969
464 331
170 90
242 651
150 607
681 203
595 121
457 519
15 520
246 44
811 38
674 11
116 373
83 771
817 189
700 172
229 412
336 202
479 226
476 382
820 762
247 492
605 684
887 650
754 608
785 66
642 932
40 458
289 882
584 700
961 714
729 527
289 791
648 729
986 293
342 660
720 286
478 867
420 99
334 186
509 814
804 314
731 743
120 462
283 412
677 470
236 97
762 321
201 420
535 552
620 667
485 562
292 990
479 657
53 780
587 184
868 45
545 355
396 996
139 576
635 45
186 758
524 976
448 873
999 790
127 492
11 282
667 836
6 884
958 950
162 441
980 614
428 581
821 375
669 108
626 330
789 327
974 435
55 297
141 17
769 936
192 427
410 531
637 735
181 273
337 103
854 259
174 771
699 568
857 723
301 508
236 214
505 688
368 966
824 939
932 671
273 326
677 85
865 958
206 762
99 779
216 585
766 913
768 535
985 570
784 779
51 897
145 47
250 398
969 455
627 842
25 218
303 795
168 838
284 58
532 999
728 801
772 907
843 845
318 445
647 519
567 360
994 63
352 575
580 368
853 915
568 75
631 364
513 9
480 539
50 141
827 824
323 350
726 956
22 162
145 127
578 666
600 431
287 101
371 601
987 518
572 162
694 997
663 976
576 863
476 14
614 666
851 896
260 27
945 76
42 382
87 790
176 478
167 256
100 894
20 227
520 70
514 202
767 756
133 368
420 595
14 881
500 5
578 871
768 425
711 114
369 537
197 999
831 394
889 946
531 854
940 176
240 37
365 995
434 955
878 12
932 838
628 809
377 480
620 550
1000 336
923 491
242 227
426 806
57 167
302 650
488 13
591 821
707 225
1 59
24 161
825 234
851 116
622 895
471 993
818 171
124 480
22 956
372 145
947 277
55 272
51 766
681 338
81 872
278 741
372 675
223 888
21 854
432 850
409 436
682 194
751 386
84 772
199 160
248 196
802 736
806 789
676 331
485 976
46 278
330 685
940 174
853 321
24 303
858 239
583 590
439 892
607 793
894 404
205 966
182 539
37 440
61 126
192 858
869 646
766 952
37 336
881 930
490 438
806 169
933 350
507 638
353 135
11 466
731 591
1 358
108 554
922 144
528 934
210 17
322 491
564 57
871 271
879 61
446 915
297 627
646 662
486 39
467 247
396 428
954 218
962 160
554 733
624 386
853 247
554 306
851 259
957 458
989 622
140 186
82 5
723 761
376 258
530 643
531 539
247 408
785 519
534 139
213 989
686 303
205 904
506 901
809 352
465 769
524 202
588 944
26 786
726 923
949 829
382 273
711 800
659 142
664 722
732 354
127 378
854 288
481 433
261 824
795 832
713 782
729 149
362 142
66 883
240 248
361 266
801 628
524 310
35 327
329 756
842 505
222 49
406 252
195 991
795 464
224 410
35 448
749 989
366 461
700 470
256 239
494 885
692 480
466 390
756 996
350 1000
829 457
655 951
83 206
817 452
23 545
563 298
917 430
727 939
848 585
1 890
385 481
854 914
396 734
909 907
411 277
495 348
776 350
833 114
361 928
441 101
97 115
948 200
972 572
318 309
773 373
906 818
510 405
170 703
310 925
434 335
356 259
752 195
28 957
608 327
544 748
160 788
41 965
910 872
777 11
452 910
722 368
337 431
355 573
412 79
271 662
361 843
236 461
37 93
15 311
405 343
784 653
905 777
157 820
894 967
732 182
995 37
16 870
422 504
340 437
379 957
93 446
286 813
695 376
847 323
313 912
270 17
990 476
316 418
167 484
522 55
313 191
381 699
104 686
865 833
941 292
29 950
374 726
764 212
949 41
895 198
480 883
824 83
47 396
764 926
369 477
951 607
393 445
924 829
18 844
591 838
704 843
565 54
246 471
23 347
851 314
67 760
162 908
53 22
988 647
62 612
263 373
276 737
299 294
950 613
983 800
337 657
463 315
719 695
394 784
285 367
346 362
427 903
860 243
337 175
519 689
437 517
537 854
546 433
340 513
408 471
424 677
712 875
366 799
601 914
158 209
178 466
173 433
136 28
730 950
387 582
254 364
137 532
449 710
142 51
313 776
357 914
473 525
529 256
687 4
777 356
182 853
501 935
727 549
39 337
740 29
926 428
620 326
875 339
239 776
793 524
445 304
38 248
615 999
682 537
398 116
861 580
855 860
106 672
381 551
802 486
788 170
851 569
909 759
216 600
56 919
899 423
621 495
496 160
360 283
7 771
147 908
264 84
549 606
67 923
913 428
397 169
488 420
184 136
186 875
809 908
492 609
371 527
267 188
698 142
353 904
84 137
752 954
627 506
555 741
249 424
492 575
124 71
170 246
660 992
794 3
514 687
351 445
983 766
226 509
568 158
883 448
790 745
599 364
880 635
288 920
417 856
132 200
820 6
890 600
735 83
238 168
618 198
457 225
821 832
295 812
368 81
815 785
265 509
5 440
862 744
113 179
821 874
995 622
24 785
805 831
174 490
101 898
509 903
564 207
145 89
380 984
468 599
856 296
75 655
566 691
129 570
421 106
411 127
433 77
628 145
998 14
908 554
368 284
597 266
368 148
967 768
75 87
292 625
136 422
900 94
973 764
35 96
262 6
542 168
665 911
164 927
278 355
526 605
281 712
552 151
279 92
710 312
678 488
696 261
268 880
761 174
838 390
457 184
557 494
435 845
734 295
412 179
302 828
945 885
637 656
27 412
143 445
791 77
13 895
225 693
612 459
258 439
53 946
730 878
347 247
540 875
597 694
52 802
279 655
120 325
953 393
957 492
659 1
846 20
208 214
615 463
214 783
579 212
364 452
267 699
170 133
665 358
599 907
10 439
31 717
942 843
417 999
207 161
590 109
69 776
922 774
478 681
711 282
762 176
783 654
837 749
803 421
182 135
902 773
953 571
104 356
53 517
727 796
757 370
47 670
538 979
739 915
129 172
195 170
313 81
385 977
889 196
15 399
930 511
358 33
809 835
186 803
885 920
768 617
609 818
104 137
690 98
670 910
348 286
17 439
126 999
56 910
105 856
336 504
289 281
738 669
902 914
710 203
861 756
292 704
829 846
438 179
221 633
367 582
711 779
647 989
297 699
500 891
453 797
903 502
848 419
993 586
256 415
445 869
17 644
54 280
513 858
780 436
132 659
189 731
920 364
342 140
636 184
267 95
431 4
956 61
86 66
979 595
304 592
100 689
460 789
545 8
896 842
57 423
92 809
64 866
899 165
509 231
594 748
921 411
992 991
120 225
939 677
118 861
960 598
99 978
207 106
71 761
97 148
342 290
257 737
530 534
955 700
249 227
285 119
737 758
723 714
305 16
733 924
325 481
269 223
358 973
882 707
361 521
832 86
122 585
875 284
780 548
292 496
897 57
169 535
513 939
236 830
827 333
770 271
378 583
570 817
860 694
586 195
491 375
645 793
48 857
394 250
461 365
701 27
54 195
797 168
639 671
497 22
513 996
211 13
434 159
66 145
173 326
753 341
90 663
243 268
345 786
563 846
109 382
500 911
575 76
939 27
261 69
407 850
665 314
595 510
285 818
967 307
522 584
297 632
322 470
654 269
301 139
593 10
98 938
622 79
167 249
235 347
79 577
591 316
117 715
306 140
969 5
423 178
945 279
550 765
783 828
27 86
359 70
369 625
741 30
95 332
975 757
603 556
39 803
10 485
986 360
844 140
92 52
556 512
261 48
360 662
528 1000
325 753
687 139
538 805
257 432
638 707
897 546
957 749
231 554
660 411
121 45
947 588
921 85
162 62
784 387
908 720
843 875
276 974
404 101
661 227
455 224
406 653
974 936
306 14
851 73
190 256
735 357
208 804
916 839
662 796
277 203
656 171
666 120
272 722
196 916
900 584
195 426
898 92
415 956
226 656
535 825
139 87
186 322
604 234
977 755
184 733
237 695
451 102
81 875
685 172
85 689
726 232
358 267
925 755
910 119
824 181
211 593
539 257
250 144
676 4
413 529
436 72
864 890
730 207
287 364
238 658
282 297
1 273
552 602
774 445
461 921
799 137
406 713
293 791
809 581
892 1000
577 455
923 182
498 448
850 910
666 145
310 683
886 520
960 602
238 433
162 17
872 477
557 233
713 924
466 137
441 933
893 817
613 736
587 771
146 228
465 711
854 112
675 430
149 574
805 265
622 193
795 340
950 290
284 516
265 950
754 343
683 549
966 136
270 499
517 519
138 668
482 90
29 832
482 557
803 972
855 289
983 454
94 896
999 257
905 438
673 365
935 4
362 877
990 42
462 417
75 374
134 720
764 541
501 261
321 776
205 913
367 948
762 524
668 52
955 443
772 552
262 716
832 843
365 815
898 349
986 714
415 815
906 576
262 690
197 418
377 765
453 586
966 347
417 144
232 950
193 497
859 147
322 592
276 795
604 416
842 838
523 874
433 222
586 408
601 569
749 31
386 627
699 406
798 616
353 115
245 791
526 531
375 60
416 437
932 175
608 171
196 667
22 121
24 545
519 705
818 612
248 586
304 159
328 452
351 2
518 540
373 235
663 82
248 514
863 851
177 320
769 785
54 400
330 39
429 946
861 891
825 179
912 148
310 281
236 110
818 422
783 973
767 530
324 250
265 636
93 556
400 479
951 936
611 4
693 55
909 814
540 683
721 274
473 866
666 390
687 521
56 197
17 906
381 815
458 47
378 845
809 993
511 828
486 831
48 612
519 129
153 477
784 650
746 268
609 361
955 903
436 845
811 755
942 559
392 6
355 259
695 136
819 555
971 322
560 528
111 738
65 319
202 33
439 884
988 333
661 265
375 443
435 740
336 901
415 528
530 245
681 791
216 476
243 295
827 408
638 472
691 799
173 66
753 154
846 571
570 397
423 344
625 474
406 321
296 32
411 787
46 507
374 240
361 279
921 503
914 180
458 540
436 241
405 686
32 493
864 802
699 906
546 964
431 909
221 247
847 10
882 265
941 306
28 527
411 965
902 937
126 536
754 57
768 986
185 793
914 538
385 928
965 539
465 751
753 381
217 705
814 532
67 517
348 728
930 696
190 150
919 206
783 694
991 163
153 468
308 885
139 971
6 799
949 207
487 800
656 662
742 528
415 131
497 664
306 167
687 451
92 831
636 309
333 162
164 139
505 510
520 815
449 217
456 685
404 676
8 138
400 688
270 754
225 701
14 293
12 809
208 304
328 54
132 247
77 505
52 356
732 826
569 846
556 858
632 383
845 190
780 825
651 795
790 276
285 77
993 791
233 269
406 128
738 124
287 943
273 799
458 391
541 411
994 17
974 580
424 733
324 742
322 392
114 524
133 778
665 270
357 283
983 379
19 794
729 519
931 492
633 260
837 86
883 208
832 439
372 826
982 521
67 138
618 511
87 65
883 478
503 628
537 107
444 734
607 582
492 280
464 755
702 125
102 923
35 679
90 267
620 177
596 932
763 871
501 993
101 582
119 898
287 572
461 385
860 222
15 782
771 961
309 304
833 827
723 800
377 979
164 588
600 6
563 15
532 170
389 135
844 524
281 582
555 7
642 671
914 159
248 127
562 67
358 996
658 289
34 211
772 136
855 145
698 682
800 537
378 796
874 589
458 303
616 941
41 501
268 805
80 900
280 475
520 878
94 956
676 437
918 339
567 953
904 754
687 641
748 263
830 642
614 270
879 22
137 247
470 450
874 437
765 53
136 996
904 985
530 524
79 985
972 19
368 196
268 382
818 57
632 922
57 970
608 461
851 171
838 977
340 494
116 12
187 753
64 910
238 191
752 605
145 995
504 698
976 3
923 982
442 133
316 467
890 289
649 64
713 178
746 901
213 234
376 912
258 948
876 408
784 263
279 14
657 479
6 17
847 454
434 372
813 964
364 341
405 520
693 699
998 784
478 349
663 815
211 632
607 119
977 871
322 964
196 582
389 967
543 800
917 722
621 592
411 481
363 217
613 192
602 355
234 694
228 849
349 118
536 697
764 220
686 633
633 870
617 21
451 897
636 397
603 392
245 796
874 6
319 671
927 903
262 577
971 535
903 502
388 176
300 6
442 815
337 204
94 461
726 602
556 344
987 345
105 128
4 856
529 485
663 617
314 897
311 742
249 172
908 171
946 476
290 421
96 435
846 140
483 2
733 465
92 880
164 927
828 63
481 549
192 741
952 482
818 53
970 150
313 438
906 320
123 280
352 745
981 144
726 160
156 857
747 38
382 793
418 286
976 555
696 426
130 567
616 833
114 440
710 291
921 92
273 883
754 827
198 579
854 811
917 855
970 754
347 357
621 422
977 897
228 45
194 61
807 16
908 964
141 277
847 820
360 480
452 199
78 518
663 487
105 216
193 598
296 388
533 757
381 781
112 654
887 471
306 779
433 845
906 32
278 85
168 286
385 47
680 224
622 454
124 792
238 1000
332 389
769 260
324 564
314 743
119 914
197 87
652 661
213 202
443 743
249 203
820 295
85 169
577 89
93 709
293 101
707 356
460 268
585 721
643 602
918 976
448 593
932 653
762 466
461 323
919 296
524 212
828 682
94 2
189 608
590 249
15 468
284 637
846 151
677 80
197 832
439 104
961 854
899 177
812 454
519 140
979 97
116 400
610 706
388 834
104 769
288 975
237 239
245 697
444 134
237 523
139 753
222 481
115 903
676 355
163 927
511 447
525 549
568 495
828 191
9 885
284 104
459 775
294 90
662 301
347 550
620 223
419 773
863 751
813 725
326 856
46 146
321 292
779 632
525 735
372 29
767 766
459 616
438 339
742 713
611 530
649 243
269 386
942 163
60 841
846 94
141 737
491 206
200 367
338 215
551 720
20 61
472 204
942 754
679 179
936 196
149 331
61 978
835 467
157 631
729 731
140 768
799 229
851 158
494 323
292 132
410 496
199 484
860 589
150 558
164 653
331 784
706 265
929 268
777 131
456 222
438 566
159 490
285 716
678 619
888 48
845 503
748 294
401 119
72 932
861 10
499 401
911 300
525 690
876 615
474 582
813 760
357 885
922 586
9 704
584 572
716 613
616 518
515 670
761 620
402 617
766 468
614 504
422 959
506 33
156 43
745 12
468 961
236 27
429 937
855 519
151 568
884 851
568 551
100 892
546 648
857 77
906 167
326 489
597 982
155 240
304 480
501 283
386 467
431 131
110 887
821 186
157 523
923 861
540 504
927 329
489 900
132 641
372 697
928 952
923 197
370 769
489 183
140 418
122 147
76 329
905 256
715 248
541 315
20 92
913 979
420 748
665 553
756 715
115 157
628 70
106 394
867 319
675 874
709 289
537 500
87 924
639 232
130 912
692 365
787 510
763 258
759 532
205 428
598 535
731 925
148 554
849 477
239 279
183 774
143 994
544 299
236 629
762 186
221 135
561 939
36 617
835 627
855 285
113 340
622 108
497 176
80 995
334 490
884 796
801 436
953 318
666 648
712 18
131 621
121 110
275 125
49 427
121 961
836 804
67 963
204 238
980 45
609 545
387 915
888 418
366 376
734 382
843 548
164 978
661 722
906 418
262 221
217 541
776 738
716 917
8 132
460 901
234 400
369 47
955 601
301 947
368 424
954 598
129 479
802 218
103 631
413 330
114 503
128 176
270 140
831 273
814 382
364 435
616 312
546 992
892 788
886 385
560 561
820 125
891 790
586 964
146 703
668 426
529 556
701 890
5 264
670 32
260 10
934 60
879 925
779 321
370 407
561 577
757 545
922 797
837 333
530 103
286 674
351 973
27 719
126 470
684 268
643 43
470 534
195 69
291 795
725 488
892 979
831 346
876 98
408 118
466 72
831 575
24 726
104 31
643 969
84 835
736 873
607 772
318 899
53 526
162 325
643 78
848 985
965 685
349 607
739 497
886 84
791 895
426 117
99 562
418 561
803 499
832 481
333 366
268 613
307 438
759 543
316 934
768 78
329 12
288 817
58 360
612 842
366 631
873 432
692 654
113 67
398 917
504 92
604 374
990 780
707 194
247 470
770 1
759 383
660 721
430 628
726 485
364 668
800 24
312 33
705 825
206 982
415 875
604 827
646 137
605 580
927 787
678 57
618 962
933 314
762 138
902 76
182 982
605 920
111 732
26 147
805 540
730 358
648 487
582 445
546 154
298 792
724 407
516 841
623 357
308 256
993 173
530 856
123 891
494 545
286 625
291 862
823 98
293 882
257 304
833 841
560 393
753 65
814 210
30 778
387 738
14 32
449 352
931 953
183 9
412 411
393 773
743 933
357 431
731 956
407 748
911 804
265 94
251 410
277 827
893 963
483 230
230 509
427 929
63 336
124 547
775 137
813 904
221 72
526 969
629 340
271 788
392 543
743 780
556 717
414 94
931 399
394 861
290 28
550 327
481 505
643 431
272 378
917 229
339 540
114 400
378 571
512 746
746 177
26 661
367 358
56 784
581 479
395 122
325 860
482 73
727 206
237 372
292 799
294 94
57 229
763 67
346 729
135 999
311 976
507 528
776 419
925 882
630 867
606 173
203 855
253 642
361 557
546 786
120 859
93 836
707 217
637 653
421 65
192 512
329 431
634 69
790 368
656 251
574 951
744 452
656 145
946 332
13 198
680 471
728 351
920 251
517 324
741 471
757 156
290 100
282 825
953 539
820 577
794 262
382 811
353 23
43 420
677 932
533 988
707 177
246 150
223 407
942 482
897 335
421 604
967 73
992 653
78 459
57 79
304 209
113 643
41 948
559 650
193 355
838 875
15 569
344 353
821 39
803 314
481 371
599 224
631 998
30 454
382 507
619 279
580 465
333 51
42 457
999 99
599 219
294 627
557 768
143 602
170 634
448 537
813 902
38 43
695 545
59 554
839 220
673 922
577 114
220 634
203 215
578 721
464 714
849 952
673 801
259 193
171 579
417 68
348 738
853 999
658 481
427 663
243 74
717 129
943 573
180 523
865 85
970 339
770 420
673 229
316 689
520 52
725 86
725 576
707 326
655 291
235 927
391 758
803 281
414 944
225 797
251 421
381 287
877 661
375 802
999 61
75 657
861 731
603 228
728 834
680 136
418 375
376 991
933 127
67 119
948 510
279 983
146 360
198 472
385 965
66 107
830 606
827 131
696 120
926 932
231 253
449 462
575 828
427 552
73 600
207 224
772 70
37 285
958 296
847 720
118 167
730 689
94 770
971 377
156 394
519 289
714 708
529 411
227 36
134 283
391 972
510 369
10 194
870 933
571 148
70 588
144 64
194 874
58 915
796 116
779 193
231 877
529 931
402 938
456 872
247 633
126 790
127 741
231 476
423 330
23 260
840 91
41 159
236 426
860 587
818 586
10 989
200 896
340 823
707 82
899 527
155 327
846 558
618 188
742 221
160 481
835 906
398 900
127 319
345 435
14 785
817 376
87 275
249 595
169 58
65 399
471 42
446 337
775 404
749 896
425 710
487 28
913 106
600 92
570 95
614 307
599 558
509 252
155 735
866 377
336 869
484 936
662 645
653 362
7 981
39 896
935 964
404 776
782 502
882 435
616 393
439 75
349 473
291 756
540 873
867 133
211 478
54 261
104 110
407 589
215 212
190 659
52 215
310 587
624 55
627 2
175 364
643 536
122 669
82 527
160 296
508 948
871 282
793 993
73 259
428 908
960 379
1 754
622 226
710 896
556 578
437 827
31 695
604 502
782 366
758 310
699 992
512 432
536 796
318 892
426 176
390 349
652 235
109 685
984 50
408 670
228 762
754 992
675 501
556 294
43 786
242 942
917 629
453 56
96 147
130 181
974 818
732 507
115 825
72 556
552 377
283 812
356 236
588 980
368 526
396 879
202 21
335 548
737 977
18 649
61 50
64 165
250 738
946 563
575 654
447 315
846 807
508 844
549 948
606 232
603 397
902 683
259 977
790 864
622 55
210 361
389 720
806 24
307 879
477 740
755 430
621 683
369 139
405 903
97 957
729 960
602 514
650 114
528 558
319 668
388 795
965 136
981 622
951 979
705 261
951 549
591 710
250 865
418 85
56 562
645 620
553 714
806 176
345 879
222 371
624 278
837 300
598 520
900 287
33 335
600 121
698 412
478 915
183 490
290 531
870 749
191 668
863 626
259 934
538 708
922 960
611 329
439 175
170 280
249 813
286 961
466 723
948 237
774 159
311 233
444 478
17 531
88 500
690 981
554 250
934 96
280 194
375 419
836 926
738 881
991 86
230 152
719 285
682 757
427 1
152 499
998 781
626 517
901 376
351 424
975 294
375 706
140 622
996 91
141 487
536 608
833 37
347 985
464 620
270 449
282 459
863 597
705 140
685 672
768 568
554 87
639 807
715 224
478 386
577 721
535 911
36 310
715 860
512 934
945 888
915 465
556 221
458 869
172 900
722 314
802 759
503 918
58 869
515 72
253 147
513 225
583 797
351 630
864 231
661 685
980 124
736 80
615 148
596 159
958 952
751 181
601 633
970 320
516 766
41 13
925 195
146 271
767 147
275 410
95 732
10 731
275 995
1000 523
394 869
903 622
800 797
906 371
264 281
110 356
373 705
316 456
121 545
422 787
783 281
632 682
983 774
551 825
982 714
220 184
163 568
7 196
251 96
701 93
93 856
768 256
794 140
927 448
258 629
874 284
251 441
842 518
883 647
203 811
606 811
598 110
262 413
48 196
747 464
51 139
230 170
238 66
904 10
990 85
773 228
772 97
566 891
588 514
356 180
598 664
50 415
185 96
989 105
406 245
966 32
374 805
141 807
807 617
660 300
31 197
413 351
71 326
494 547
968 554
432 545
493 157
476 940
724 285
777 532
116 251
44 823
408 393
294 911
546 594
79 86
562 810
639 491
149 76
903 747
59 196
249 544
903 756
112 713
885 14
712 44
774 153
923 396
368 493
259 234
573 297
184 344
584 801
330 504
553 368
86 477
6 910
711 533
466 101
876 732
696 465
284 637
320 528
615 815
860 986
375 160
821 10
327 783
556 231
649 705
193 343
342 40
546 650
669 667
323 942
730 141
64 214
862 713
70 335
99 655
626 167
115 280
521 245
946 254
494 842
812 584
564 256
767 974
434 471
715 157
424 363
965 679
670 670
77 808
163 958
958 420
279 821
872 926
36 35
2 23
788 811
871 148
566 632
618 876
826 42
857 564
886 182
497 539
727 724
270 839
95 880
870 694
804 176
171 823
876 397
722 237
579 877
957 241
724 57
648 722
780 581
679 933
583 84
483 701
174 899
649 43
347 490
530 446
529 368
589 617
84 439
632 491
631 285
378 367
503 163
730 696
181 479
844 699
807 900
355 605
418 237
343 57
611 670
625 958
615 467
331 912
830 226
510 943
367 53
17 596
581 257
270 302
828 153
1000 378
865 657
196 520
851 209
418 466
918 76
579 754
892 157
565 455
132 498
435 14
312 52
577 609
146 116
160 59
181 543
404 660
882 63
559 879
36 278
395 16
507 45
224 15
570 542
580 395
542 212
453 292
865 618
249 199
762 892
589 555
571 785
523 97
723 774
611 132
172 247
470 20
677 138
167 34
660 21
705 987
966 704
961 966
458 872
331 796
849 991
160 825
249 760
511 990
825 666
49 816
733 121
139 41
237 445
134 862
907 626
455 776
93 106
56 320
995 927
313 897
783 891
676 642
916 47
128 265
492 346
558 545
387 597
602 984
37 929
988 594
476 882
234 391
742 105
978 197
798 709
615 224
900 510
654 107
234 574
130 522
631 987
830 569
789 531
563 684
723 435
245 777
525 40
267 57
851 864
469 284
340 417
433 147
230 24
461 310
459 195
252 964
272 927
723 929
920 29
118 588
60 713
881 291
971 152
692 5
858 887
72 767
892 153
1000 681
982 187
607 457
752 136
265 453
841 62
644 334
942 606
220 100
739 163
742 207
800 21
990 700
431 171
141 606
830 403
743 587
217 109
471 60
761 704
639 706
833 844
141 842
762 7
876 797
159 602
835 507
757 712
818 638
559 228
26 685
258 53
843 179
129 258
620 624
63 788
855 11
24 764
94 622
87 458
876 645
181 520
291 392
697 473
188 529
861 913
349 135
962 232
637 742
808 659
172 612
83 752
3 314
654 916
640 835
499 999
610 415
323 164
804 849
966 439
274 732
43 115
284 601
637 918
812 841
212 897
692 226
786 865
733 840
709 716
34 900
309 871
130 906
745 650
151 270
92 607
439 804
832 541
20 828
276 320
655 156
933 713
472 886
531 107
870 952
936 281
694 883
69 657
155 334
948 18
832 335
43 474
492 544
808 73
181 923
603 751
839 591
158 21
449 653
665 124
45 980
770 738
507 629
742 320
981 211
994 554
664 336
419 118
773 167
600 284
82 294
972 802
327 59
889 141
513 825
861 979
484 613
427 257
693 550
882 381
788 66
359 634
548 74
321 713
583 940
42 108
856 623
475 485
466 107
640 438
856 309
644 264
625 36
172 716
960 140
372 512
760 616
705 931
562 226
548 737
723 234
983 144
33 895
999 217
844 498
319 493
781 276
349 552
745 91
662 26
568 856
104 342
668 225
291 245
176 647
617 461
126 4
752 609
211 592
906 153
11 367
52 957
311 330
26 762
547 875
709 181
505 880
946 882
833 674
644 564
380 146
13 843
119 115
481 150
66 755
508 731
821 114
586 312
664 544
931 915
700 212
353 702
116 2
684 821
656 974
484 439
746 645
412 827
742 383
806 517
318 889
675 560
637 169
616 706
534 445
205 525
961 471
578 871
730 445
559 735
442 669
264 291
248 76
730 610
209 4
286 890
680 907
903 759
738 727
474 368
829 586
299 851
980 398
243 684
354 265
785 510
625 429
46 477
328 455
52 156
350 651
784 371
562 215
58 305
302 789
191 858
300 460
313 15
497 286
256 57
2 808
607 698
836 229
845 200
883 960
353 731
597 430
468 997
107 850
321 601
3 941
227 17
904 872
224 833
306 375
867 19
800 889
391 714
680 751
370 812
229 254
143 476
495 757
62 94
354 79
755 906
865 947
856 929
489 467
616 512
557 36
236 1000
176 858
242 477
690 649
722 480
58 499
504 414
530 729
111 730
847 460
35 314
878 231
706 709
761 273
424 478
35 729
734 557
180 435
750 848
308 754
554 756
723 787
922 872
104 768
322 620
643 598
771 567
962 847
542 941
352 363
823 632
861 321
177 819
664 297
374 731
634 682
701 990
651 462
416 350
894 885
157 31
713 173
801 38
826 728
569 622
783 218
624 88
162 584
244 901
952 241
488 495
715 139
191 179
302 397
808 672
581 895
494 968
670 632
614 558
16 80
844 929
880 326
632 465
971 47
714 170
25 260
789 453
916 572
312 480
421 318
209 697
573 532
6 384
45 328
306 58
839 732
173 161
332 281
902 7
521 580
196 696
527 707
670 681
242 624
365 444
169 694
679 195
707 581
347 152
858 978
597 494
852 343
923 841
52 258
978 414
759 75
36 944
130 143
26 258
212 341
581 519
334 115
849 491
839 809
869 839
793 132
499 661
134 205
269 57
647 159
439 511
795 94
993 327
569 770
203 418
893 694
506 991
692 899
115 295
952 342
979 204
181 427
892 325
686 831
36 315
708 473
608 415
445 809
596 314
463 754
861 65
640 963
584 784
483 211
741 613
314 4
403 481
163 458
13 432
826 993
486 995
103 519
537 432
822 137
851 606
421 973
452 387
633 989
75 906
448 489
477 644
717 566
833 131
935 294
330 691
827 46
190 211
300 387
647 61
618 500
493 334
360 109
354 645
89 415
761 191
613 79
45 395
122 19
252 307
318 669
949 277
807 314
388 325
729 509
26 968
70 318
472 805
209 286
585 226
339 781
836 890
838 317
457 578
69 776
809 779
440 819
848 518
94 766
342 604
22 434
769 31
316 850
516 255
1 299
157 281
893 650
973 237
832 240
220 930
534 959
691 330
492 13
199 660
495 564
15 557
651 610
303 920
965 528
209 918
457 849
329 664
803 350
421 357
18 519
225 851
934 824
123 196
893 878
800 723
533 224
528 789
491 134
144 421
509 782
293 739
721 429
727 678
928 870
149 952
384 238
852 559
534 169
928 515
206 150
733 785
424 445
25 63
367 223
111 960
72 433
65 642
82 97
279 797
946 56
977 442
604 531
991 574
967 620
608 85
744 379
928 40
482 210
464 823
76 705
63 291
310 577
337 283
758 456
764 235
591 942
937 238
418 658
862 103
817 30
364 311
626 417
337 245
943 133
778 910
541 522
180 873
317 449
583 830
625 135
457 1
987 169
440 112
926 150
124 212
828 871
567 625
685 154
12 411
919 932
724 69
261 945
880 503
693 352
995 677
411 180
295 64
155 535
674 292
814 829
707 282
58 565
776 162
557 101
572 96
810 535
12 16
734 390
711 939
9 904
717 169
567 260
951 885
235 893
580 349
584 238
675 672
436 259
995 639
138 466
957 336
262 428
882 834
450 231
175 667
895 127
800 51
534 656
810 664
902 312
506 767
408 559
292 207
955 443
350 390
420 74
25 880
413 134
205 579
933 884
404 383
537 822
940 39
219 818
757 489
139 910
353 77
514 156
721 462
798 683
363 499
558 951
765 186
945 417
296 955
506 633
803 322
122 295
754 556
511 247
794 184
304 765
569 842
164 258
243 986
583 861
388 691
316 155
12 797
783 60
151 819
880 37
893 387
272 700
547 940
374 37
432 898
470 504
300 104
806 543
491 143
500 847
555 830
490 532
861 741
869 389
310 943
467 681
309 328
164 220
590 813
85 121
684 806
963 709
134 419
292 573
129 671
458 581
833 17
851 427
876 989
728 935
940 779
47 839
959 34
937 577
667 58
252 68
842 308
367 545
959 280
438 508
622 53
847 728
308 632
45 271
24 665
226 746
341 104
95 266
639 61
864 912
264 438
156 669
729 457
480 833
320 185
814 102
99 401
364 312
601 859
155 802
819 534
92 70
304 682
380 578
668 24
816 183
1000 316
665 119
852 340
4 302
869 676
487 886
721 897
512 224
823 232
778 938
231 637
901 973
262 125
821 932
334 503
86 818
679 789
317 346
401 113
794 269
706 840
961 732
212 723
775 678
597 867
993 145
344 924
961 461
3 905
267 81
586 762
190 564
84 602
970 719
76 495
799 767
112 768
578 376
140 856
356 405
624 617
749 862
790 125
500 736
264 478
308 897
751 883
15 740
501 737
556 434
458 418
79 748
116 100
718 330
884 962
504 702
750 175
435 342
993 71
692 329
112 966
212 568
293 175
256 791
874 363
945 453
328 909
18 571
439 339
439 287
543 326
53 218
976 967
834 30
507 125
766 141
514 189
144 516
873 920
271 905
691 381
237 269
423 849
665 739
989 514
752 554
918 692
14 44
875 972
87 724
675 1
921 314
474 491
664 24
356 293
606 170
544 430
918 87
394 33
880 286
674 168
288 698
109 478
241 549
655 584
5 356
54 609
581 628
490 696
492 81
534 542
484 324
556 568
915 706
317 766
575 321
969 262
786 297
545 103
157 291
165 315
451 371
672 125
560 350
681 404
853 952
811 384
676 353
945 989
32 32
781 449
841 190
341 600
71 372
667 59
281 410
788 578
715 112
644 898
864 873
420 884
663 169
688 871
882 664
740 918
379 187
209 612
739 889
989 54
230 653
180 363
208 385
117 640
481 924
133 804
537 375
572 208
816 146
234 866
915 326
775 783
960 29
617 718
699 421
44 949
229 492
248 120
655 919
484 942
641 333
279 4
903 781
903 846
549 114
696 427
360 939
588 570
760 728
295 743
125 868
855 503
180 713
222 513
426 75
838 123
506 239
779 801
171 159
298 172
194 67
882 926
366 774
945 534
356 109
922 120
708 616
987 471
694 370
206 505
973 274
522 656
825 81
695 239
432 895
190 978
596 177
97 523
749 77
508 926
482 594
860 711
624 456
526 704
538 530
39 781
157 95
702 681
836 674
269 767
775 5
792 356
875 534
206 345
890 277
924 981
708 703
206 779
155 231
745 910
180 208
133 260
949 826
396 551
154 904
648 377
362 948
411 940
983 140
864 852
718 235
102 71
183 653
958 405
209 430
717 727
210 791
228 988
874 593
313 484
287 207
895 939
753 553
60 611
143 137
7 572
10 301
323 518
535 327
933 130
524 289
681 198
314 310
81 276
224 406
413 226
940 172
749 272
501 261
599 201
944 570
228 171
548 519
921 388
912 226
248 939
18 318
727 259
30 528
703 454
78 515
849 164
47 387
430 462
164 128
606 294
890 744
686 809
48 186
67 579
258 413
807 409
713 632
95 742
536 660
956 676
364 607
926 579
366 661
952 511
950 157
66 248
417 295
633 596
36 154
981 114
424 340
812 498
7 234
328 748
607 642
24 377
237 762
574 566
77 863
764 682
700 458
51 604
882 589
546 109
387 789
843 233
955 658
128 526
157 381
600 600
568 665
130 217
36 641
220 73
906 630
470 625
290 232
347 304
73 885
150 255
94 577
297 853
250 166
112 366
744 749
946 68
41 783
536 206
676 725
371 167
746 496
539 664
642 185
956 323
147 547
145 426
254 687
519 626
639 862
994 191
606 638
904 630
947 380
108 96
533 247
798 307
780 328
746 565
604 513
999 101
388 248
683 533
45 403
706 467
208 692
293 248
613 181
835 566
12 644
250 116
810 102
347 42
787 237
828 764
768 680
244 212
163 376
533 124
544 118
200 236
465 434
249 211
160 197
776 330
325 130
448 142
553 163
640 913
941 973
310 933
439 778
131 629
193 425
695 114
538 682
576 60
576 640
847 295
834 735
303 630
897 667
869 283
608 736
936 226
108 338
54 805
624 829
935 833
115 566
103 607
534 148
454 766
314 136
853 411
50 330
969 806
420 67
575 496
382 307
821 312
697 712
989 235
223 19
119 296
741 766
979 289
422 295
615 74
596 655
82 96
191 27
104 309
167 437
977 358
230 548
679 883
715 685
654 517
775 761
321 421
568 635
154 540
868 594
683 170
641 694
121 245
579 372
948 25
7 74
97 293
28 856
919 531
423 402
42 9
596 570
490 689
208 69
154 373
10 792
7 115
227 852
353 463
613 742
76 964
356 855
144 382
814 296
462 951
355 522
80 545
83 729
26 969
434 537
685 30
650 444
332 842
523 171
190 304
986 803
496 618
288 828
919 387
981 803
387 570
552 636
713 820
985 627
581 910
905 59
824 979
806 276
291 649
89 119
714 202
425 681
725 809
994 743
67 604
445 728
693 431
861 35
856 663
976 931
842 695
970 132
385 294
991 330
952 735
996 734
118 714
705 710
180 133
351 372
470 79
858 227
612 471
139 348
770 648
802 441
963 388
903 758
873 888
269 172
891 810
449 585
27 754
325 97
220 942
651 637
77 600
400 35
681 243
42 640
135 99
600 51
80 511
199 270
751 113
589 840
322 131
463 242
692 925
609 670
196 877
382 565
315 320
885 658
842 399
413 248
577 98
681 576
359 522
877 425
831 693
145 725
625 858
452 190
334 920
201 601
93 271
401 399
543 399
87 677
817 446
222 150
780 988
820 835
133 449
596 989
42 902
822 352
598 963
322 675
15 149
939 255
631 883
371 146
757 755
468 156
217 950
156 575
593 765
34 967
725 710
328 202
761 809
363 238
725 755
22 949
811 705
608 143
210 620
851 278
819 838
842 129
588 492
586 970
298 403
287 332
529 857
856 150
376 118
808 439
953 162
645 524
653 24
571 860
142 173
950 70
513 34
101 992
540 757
270 664
664 473
337 17
546 720
356 383
432 195
312 240
463 883
42 499
724 75
529 863
730 403
717 562
251 952
723 466
771 717
151 552
606 977
314 173
417 397
200 273
728 913
519 620
547 476
772 686
167 847
393 873
621 488
996 732
617 757
691 873
822 524
856 118
543 588
627 397
171 722
464 24
142 878
769 423
356 411
514 231
693 593
593 992
463 476
585 891
775 715
954 203
894 872
338 209
366 327
529 194
522 212
164 109
631 570
123 666
305 931
132 890
610 9
650 693
18 486
712 64
644 193
892 344
141 964
544 300
181 394
546 275
131 489
952 584
454 554
343 692
832 686
265 678
618 761
806 547
367 590
825 748
179 35
233 125
727 25
772 670
855 749
112 745
692 264
605 394
843 949
832 970
758 69
58 332
176 957
662 690
462 198
360 872
813 123
979 515
942 113
88 488
528 798
285 771
855 13
567 550
292 653
4 359
526 823
271 624
853 141
493 174
596 849
948 333
64 3
877 110
532 817
764 295
776 715
411 350
574 866
855 692
92 631
156 394
527 702
672 491
375 680
729 134
170 812
404 821
218 929
362 767
283 333
988 495
715 623
155 415
923 530
486 104
157 15
905 905
813 296
168 821
15 12
232 87
166 689
583 898
490 397
700 294
359 87
386 441
661 69
263 187
164 319
522 260
906 172
659 834
288 617
842 545
144 48
424 267
675 572
493 195
434 235
383 897
349 548
638 150
161 825
729 896
20 124
2 598
501 743
736 845
426 990
582 400
210 356
70 64
874 513
78 564
811 116
961 909
662 404
126 542
845 724
216 183
758 718
188 104
382 174
587 433
303 878
464 465
986 661
995 617
185 726
971 30
873 768
124 987
147 364
811 574
617 188
692 239
862 412
1000 633
436 272
28 610
502 821
498 387
19 394
754 534
268 283
706 108
45 788
728 26
558 515
632 528
816 950
627 902
176 36
688 646
243 423
820 963
455 446
623 948
883 974
244 41
261 844
289 820
974 549
312 70
845 164
426 351
426 338
969 683
865 749
112 537
236 105
460 540
766 63
947 99
355 80
633 616
872 550
951 983
865 1000
49 841
304 347
308 263
591 763
270 548
978 344
997 595
475 867
437 965
238 214
233 709
216 537
122 754
90 644
404 270
227 634
46 716
224 839
432 726
44 473
87 31
455 947
45 901
48 790
245 920
998 648
564 21
753 316
424 480
575 727
534 71
564 650
445 938
445 50
68 371
955 213
96 199
946 553
352 660
665 312
522 687
944 31
409 612
666 378
164 179
25 676
194 751
510 941
503 473
969 229
798 944
29 140
32 376
74 799
797 843
847 782
95 211
891 830
379 739
276 111
268 839
565 454
55 289
662 939
727 159
125 176
532 878
792 4
932 449
505 879
585 221
564 280
895 91
175 480
95 366
210 669
686 35
262 951
988 332
93 583
569 297
3 908
242 675
318 591
696 466
766 876
899 189
931 116
694 6
966 692
690 927
221 187
448 183
729 59
463 976
692 86
388 938
976 524
954 322
191 408
590 72
181 886
733 478
44 268
317 364
608 429
981 371
860 501
387 410
93 416
187 410
153 370
885 191
383 240
555 346
906 250
346 981
611 332
397 421
38 188
914 262
585 980
958 568
847 950
785 503
428 563
106 122
71 800
280 185
539 316
379 978
770 838
770 21
106 890
163 238
686 290
820 945
491 266
26 51
855 317
492 678
208 362
873 175
813 629
473 567
774 613
734 108
43 146
650 772
626 493
244 302
816 211
696 684
555 315
578 370
178 772
945 808
870 81
204 944
786 226
950 916
806 326
70 612
589 523
524 310
37 827
116 130
527 660
965 294
759 433
590 137
13 836
953 639
906 107
60 529
310 331
276 936
664 263
4 593
276 610
858 625
755 871
18 726
334 853
837 371
60 62
844 156
627 548
832 817
133 256
984 209
687 632
552 696
271 79
1 597
566 259
764 71
828 240
270 764
87 471
698 247
55 596
494 893
13 573
881 662
223 190
717 560
742 724
455 710
458 878
196 933
955 976
429 400
243 506
96 655
977 548
611 637
830 455
763 212
982 408
697 621
892 407
548 146
445 547
981 397
129 636
945 719
874 151
601 889
557 631
852 403
200 361
569 578
409 958
171 765
176 647
534 602
809 871
46 215
646 209
985 256
863 122
785 660
785 102
468 818
350 156
616 52
270 808
283 89
455 53
924 816
532 493
770 296
935 877
845 223
917 164
269 370
565 974
813 830
965 245
371 971
639 933
962 656
34 781
408 183
236 761
426 888
247 238
487 359
769 653
77 960
975 605
368 374
711 547
486 658
543 431
508 835
267 286
157 683
21 935
131 254
113 445
835 497
977 311
766 868
910 980
717 872
727 615
43 461
169 641
891 688
355 145
635 518
959 96
881 208
300 300
524 683
269 936
597 336
333 646
538 533
273 914
110 617
874 853
384 837
922 28
108 915
368 633
855 488
250 240
223 696
147 860
346 823
296 607
164 262
439 430
131 238
310 863
321 521
159 802
27 483
982 170
650 886
822 610
354 572
299 693
374 130
403 637
967 424
537 7
527 989
196 147
932 84
669 273
897 161
561 757
379 478
438 470
749 105
107 635
793 556
738 10
601 134
459 187
753 825
748 675
182 283
720 520
293 867
279 386
35 919
754 293
251 707
254 482
141 997
555 502
330 394
119 183
648 517
432 103
251 792
84 191
942 391
797 805
631 864
252 127
942 393
589 83
455 951
58 155
129 184
350 213
607 505
196 115
365 199
55 167
944 830
783 833
972 626
58 615
722 13
827 787
876 685
1 508
692 477
825 649
478 578
270 324
699 339
607 41
487 564
891 646
595 119
970 728
900 646
489 728
560 233
834 2
514 717
158 174
432 259
623 753
854 472
876 826
995 651
605 942
375 18
14 827
630 683
131 166
818 699
191 556
333 311
388 582
805 369
599 659
330 753
792 618
73 724
969 69
932 477
528 532
972 133
468 818
292 710
610 677
938 26
31 625
620 16
908 981
999 514
912 134
190 631
636 189
503 802
633 300
221 951
959 92
660 822
96 997
944 755
714 658
963 980
421 775
599 15
534 615
234 134
377 164
816 74
932 941
123 473
514 372
529 413
526 490
48 186
313 308
954 270
944 105
974 701
286 748
175 21
971 660
872 361
350 97
99 400
458 976
622 900
389 958
842 737
973 172
570 720
